486 204 0
487 204 0
488 203 0
489 203 0
490 202 0
491 201 0
492 200 0
492 199 0
493 198 0
493 197 0
493 196 0
494 195 0
494 194 0
494 193 0
494 192 0
495 191 0
495 190 0
495 189 0
495 188 0
495 187 0
495 186 0
495 185 0
495 184 0
495 183 0
495 182 0
495 181 0
496 180 0
497 179 0
497 178 0
498 177 0
498 176 0
499 175 0
499 174 0
500 173 0
501 172 0
502 171 0
502 170 0
503 169 0
503 168 0
504 167 0
504 166 0
505 165 0
506 164 0
506 163 0
507 162 0
508 162 0
509 162 0
510 161 0
511 161 0
512 160 0
513 159 0
513 158 0
514 157 0
515 156 0
515 155 0
515 154 0
516 153 0
516 152 0
515 151 0
514 151 0
513 152 0
513 153 0
512 154 0
512 155 0
512 156 0
511 157 0
510 158 0
509 159 0
508 159 0
507 159 0
506 160 0
505 161 0
504 162 0
503 163 0
503 164 0
502 165 0
502 166 0
501 167 0
501 168 0
500 169 0
499 170 0
499 171 0
498 172 0
497 173 0
497 174 0
496 175 0
496 176 0
495 177 0
494 178 0
494 179 0
493 180 0
492 181 0
492 182 0
492 183 0
492 184 0
492 185 0
491 186 0
492 187 0
492 188 0
492 189 0
492 190 0
492 191 0
492 192 0
492 193 0
491 194 0
491 195 0
490 196 0
490 197 0
490 198 0
489 199 0
489 200 0
488 201 0
488 200 0
489 199 0
490 198 0
490 197 0
490 196 0
491 195 0
491 194 0
491 193 0
492 192 0
492 191 0
492 190 0
492 189 0
492 188 0
492 187 0
491 186 0
492 185 0
492 184 0
492 183 0
492 182 0
492 181 0
493 180 0
493 179 0
494 178 0
494 177 0
495 176 0
496 175 0
497 174 0
497 173 0
497 172 0
498 171 0
499 170 0
499 169 0
500 168 0
501 167 0
501 166 0
502 165 0
502 164 0
503 163 0
503 162 0
504 161 0
505 160 0
506 159 0
507 159 0
508 159 0
509 158 0
510 157 0
511 156 0
512 155 0
512 154 0
513 153 0
513 152 0
513 151 0
514 150 0
514 149 0
513 148 0
513 147 0
514 146 0
514 145 0
515 144 0
515 143 0
516 142 0
517 141 0
518 140 0
518 139 0
518 138 0
519 137 0
519 136 0
520 135 0
520 134 0
521 133 0
522 132 0
522 131 0
523 130 0
523 129 0
524 128 0
524 127 0
524 126 0
524 125 0
525 124 0
525 123 0
526 122 0
526 121 0
527 120 0
527 119 0
528 118 0
529 117 0
530 116 0
531 115 0
531 114 0
532 113 0
533 112 0
533 111 0
534 110 0
534 109 0
535 108 0
535 107 0
536 106 0
536 105 0
537 104 0
537 103 0
538 102 0
538 101 0
538 100 0
539 99 0
539 98 0
540 97 0
540 96 0
540 97 0
540 98 0
539 99 0
539 100 0
538 101 0
538 102 0
538 103 0
537 104 0
537 105 0
536 106 0
536 107 0
535 108 0
535 109 0
534 110 0
533 111 0
533 112 0
532 113 0
532 114 0
531 115 0
531 116 0
530 117 0
529 118 0
528 119 0
527 120 0
527 121 0
526 122 0
526 123 0
525 124 0
525 125 0
524 126 0
524 127 0
524 128 0
523 129 0
523 130 0
522 131 0
522 132 0
521 133 0
521 134 0
520 135 0
520 136 0
519 137 0
519 138 0
518 139 0
518 140 0
517 141 0
517 142 0
516 143 0
515 144 0
515 145 0
514 146 0
513 147 0
513 148 0
514 149 0
514 150 0
515 151 0
516 151 0
517 150 0
517 149 0
517 148 0
517 147 0
517 146 0
518 145 0
518 144 0
519 143 0
519 142 0
520 141 0
520 140 0
521 139 0
522 138 0
522 137 0
523 136 0
523 135 0
524 134 0
523 135 0
523 136 0
523 137 0
522 138 0
522 139 0
521 140 0
520 141 0
520 142 0
519 143 0
519 144 0
518 145 0
518 146 0
517 147 0
517 148 0
517 149 0
517 150 0
516 151 0
516 152 0
516 153 0
516 154 0
515 155 0
515 156 0
514 157 0
514 158 0
513 159 0
513 160 0
512 160 0
511 161 0
510 161 0
509 162 0
508 162 0
507 163 0
506 164 0
506 165 0
505 166 0
504 167 0
504 168 0
503 169 0
503 170 0
502 171 0
501 172 0
501 173 0
500 174 0
499 175 0
499 176 0
498 177 0
498 178 0
497 179 0
497 180 0
496 181 0
495 182 0
495 183 0
495 184 0
495 185 0
495 186 0
495 187 0
495 188 0
495 189 0
495 190 0
495 191 0
494 192 0
494 193 0
494 194 0
494 195 0
494 196 0
493 197 0
493 198 0
493 199 0
492 200 0
492 201 0
491 202 0
490 202 0
489 203 0
488 203 0
487 204 0
350 433 0
351 433 0
352 433 0
353 433 0
354 433 0
355 432 0
356 432 0
357 432 0
358 432 0
359 432 0
360 432 0
361 432 0
362 431 0
363 431 0
364 431 0
365 431 0
366 431 0
367 431 0
368 431 0
369 430 0
370 430 0
371 430 0
372 430 0
373 430 0
374 429 0
375 429 0
376 429 0
377 429 0
378 428 0
379 428 0
380 428 0
381 428 0
382 428 0
383 428 0
384 427 0
385 427 0
386 427 0
387 427 0
388 427 0
389 427 0
390 427 0
391 427 0
392 427 0
393 426 0
394 426 0
395 425 0
396 425 0
397 424 0
398 424 0
399 423 0
400 423 0
401 422 0
402 422 0
403 422 0
404 421 0
405 420 0
406 420 0
407 419 0
408 418 0
409 418 0
410 417 0
411 417 0
412 416 0
413 415 0
414 414 0
415 414 0
416 413 0
417 412 0
418 411 0
419 410 0
420 409 0
421 408 0
422 407 0
423 406 0
424 405 0
425 404 0
426 403 0
427 402 0
428 401 0
429 400 0
430 399 0
431 398 0
431 397 0
432 396 0
433 395 0
434 394 0
434 393 0
435 392 0
436 391 0
437 390 0
437 389 0
438 388 0
438 387 0
439 386 0
439 385 0
440 384 0
440 383 0
441 382 0
441 381 0
442 380 0
442 379 0
443 378 0
443 377 0
443 376 0
444 375 0
445 374 0
445 373 0
446 372 0
446 371 0
446 370 0
447 369 0
447 368 0
447 367 0
448 366 0
448 365 0
448 364 0
449 363 0
449 362 0
449 361 0
450 360 0
450 359 0
450 358 0
450 357 0
450 356 0
451 355 0
451 354 0
451 353 0
451 352 0
452 351 0
452 350 0
452 349 0
452 348 0
453 347 0
453 346 0
453 345 0
453 344 0
454 343 0
454 342 0
454 341 0
454 340 0
454 339 0
454 338 0
454 337 0
455 336 0
455 335 0
455 334 0
455 333 0
455 332 0
456 331 0
456 330 0
456 329 0
456 328 0
456 327 0
457 326 0
457 325 0
457 324 0
458 323 0
458 322 0
458 321 0
458 320 0
458 319 0
458 318 0
458 317 0
458 316 0
458 315 0
459 314 0
459 313 0
459 312 0
459 311 0
459 310 0
459 309 0
459 308 0
459 307 0
459 306 0
460 305 0
460 304 0
460 303 0
460 302 0
461 301 0
461 300 0
461 299 0
461 298 0
461 297 0
461 296 0
461 295 0
462 294 0
462 293 0
462 292 0
462 291 0
462 290 0
463 289 0
463 288 0
463 287 0
463 286 0
463 285 0
463 284 0
464 283 0
464 282 0
464 281 0
464 280 0
465 279 0
465 278 0
465 277 0
466 276 0
466 275 0
466 274 0
466 273 0
466 272 0
466 271 0
466 270 0
467 269 0
467 268 0
467 267 0
468 266 0
468 265 0
468 264 0
468 263 0
469 262 0
469 261 0
470 260 0
470 259 0
470 258 0
471 257 0
471 256 0
471 255 0
471 254 0
471 253 0
472 252 0
472 251 0
472 250 0
473 249 0
473 248 0
473 247 0
472 246 0
472 245 0
472 244 0
472 243 0
472 242 0
472 241 0
472 240 0
473 239 0
473 238 0
473 237 0
473 236 0
473 235 0
473 234 0
474 233 0
474 232 0
474 231 0
475 230 0
475 229 0
475 228 0
475 227 0
476 226 0
476 225 0
476 224 0
476 223 0
477 222 0
477 221 0
477 220 0
477 219 0
478 218 0
478 217 0
478 216 0
479 215 0
479 214 0
480 213 0
480 212 0
480 211 0
481 210 0
481 209 0
482 208 0
482 207 0
482 206 0
483 205 0
483 204 0
483 203 0
482 202 0
481 203 0
480 204 0
479 205 0
479 206 0
479 207 0
478 208 0
477 209 0
477 210 0
477 211 0
477 212 0
476 213 0
476 214 0
476 215 0
475 216 0
475 217 0
475 218 0
474 219 0
474 220 0
474 221 0
474 222 0
473 223 0
473 224 0
472 225 0
472 226 0
472 227 0
472 228 0
471 229 0
471 230 0
471 231 0
470 232 0
470 233 0
470 234 0
470 235 0
470 236 0
470 237 0
469 238 0
469 239 0
469 240 0
469 241 0
469 242 0
469 243 0
469 244 0
468 245 0
468 246 0
468 247 0
468 248 0
468 249 0
467 250 0
467 251 0
467 252 0
467 253 0
467 254 0
467 255 0
467 256 0
466 257 0
466 258 0
466 259 0
465 260 0
465 261 0
465 262 0
465 263 0
465 264 0
464 265 0
464 266 0
464 267 0
464 268 0
464 269 0
463 270 0
463 271 0
463 272 0
463 273 0
463 274 0
463 275 0
462 276 0
462 277 0
462 278 0
461 279 0
461 280 0
461 281 0
461 282 0
461 283 0
460 284 0
460 285 0
460 286 0
460 287 0
460 288 0
459 289 0
459 290 0
459 291 0
459 292 0
459 293 0
459 294 0
458 295 0
458 296 0
458 297 0
458 298 0
458 299 0
458 300 0
458 301 0
458 302 0
457 303 0
457 304 0
456 305 0
456 306 0
456 307 0
456 308 0
456 309 0
456 310 0
456 311 0
456 312 0
456 313 0
455 314 0
455 315 0
455 316 0
455 317 0
455 318 0
455 319 0
455 320 0
455 321 0
454 322 0
454 323 0
454 324 0
454 325 0
454 326 0
454 327 0
454 328 0
453 329 0
453 330 0
453 331 0
452 332 0
452 333 0
452 334 0
452 335 0
452 336 0
451 337 0
451 338 0
451 339 0
451 340 0
451 341 0
451 342 0
450 343 0
450 344 0
450 345 0
450 346 0
450 347 0
449 348 0
449 349 0
449 350 0
448 351 0
448 352 0
448 353 0
447 354 0
447 355 0
447 356 0
447 357 0
447 358 0
447 359 0
446 360 0
446 361 0
446 362 0
445 363 0
445 364 0
445 365 0
444 366 0
444 367 0
444 368 0
443 369 0
443 370 0
443 371 0
443 372 0
442 373 0
441 374 0
440 375 0
440 376 0
439 377 0
439 378 0
438 379 0
438 380 0
438 381 0
437 382 0
436 383 0
436 384 0
435 385 0
435 386 0
435 387 0
434 388 0
434 389 0
433 390 0
433 391 0
432 392 0
431 393 0
431 394 0
430 395 0
429 396 0
428 397 0
428 398 0
427 399 0
426 400 0
425 401 0
424 402 0
423 403 0
422 404 0
421 404 0
420 405 0
420 406 0
419 407 0
418 408 0
417 409 0
416 410 0
415 411 0
414 411 0
413 412 0
412 413 0
411 414 0
410 414 0
409 415 0
408 415 0
407 416 0
406 417 0
405 417 0
406 416 0
407 415 0
408 415 0
409 414 0
410 414 0
411 413 0
412 412 0
413 411 0
414 411 0
415 410 0
416 409 0
417 408 0
418 407 0
419 406 0
420 405 0
420 404 0
421 404 0
422 403 0
423 402 0
424 401 0
425 400 0
426 399 0
427 398 0
428 397 0
428 396 0
429 395 0
430 394 0
431 393 0
431 392 0
432 391 0
433 390 0
433 389 0
434 388 0
434 387 0
435 386 0
435 385 0
436 384 0
436 383 0
436 382 0
437 381 0
438 380 0
438 379 0
439 378 0
439 377 0
440 376 0
440 375 0
440 374 0
441 373 0
440 372 0
439 371 0
439 370 0
440 369 0
440 368 0
440 369 0
440 370 0
439 371 0
440 372 0
441 373 0
442 372 0
443 371 0
443 370 0
443 369 0
444 368 0
444 367 0
444 366 0
445 365 0
445 364 0
445 363 0
446 362 0
446 361 0
446 360 0
446 359 0
447 358 0
447 357 0
447 356 0
447 355 0
447 354 0
448 353 0
448 352 0
448 351 0
448 350 0
449 349 0
449 348 0
450 347 0
450 346 0
450 345 0
450 344 0
450 343 0
451 342 0
451 341 0
451 340 0
451 339 0
451 338 0
451 337 0
452 336 0
452 335 0
452 334 0
452 333 0
452 332 0
453 331 0
453 330 0
453 329 0
453 328 0
454 327 0
454 326 0
454 325 0
454 324 0
454 323 0
454 322 0
455 321 0
455 320 0
455 319 0
455 318 0
455 317 0
455 316 0
455 315 0
455 314 0
456 313 0
456 312 0
456 311 0
456 310 0
456 309 0
456 308 0
456 307 0
456 306 0
456 305 0
457 304 0
457 303 0
457 302 0
458 301 0
458 300 0
458 299 0
458 298 0
458 297 0
458 296 0
458 295 0
459 294 0
459 293 0
459 292 0
459 291 0
459 290 0
459 289 0
460 288 0
460 287 0
460 286 0
460 285 0
460 284 0
461 283 0
461 282 0
461 281 0
461 280 0
461 279 0
462 278 0
462 277 0
462 276 0
463 275 0
463 274 0
463 273 0
463 272 0
463 271 0
463 270 0
464 269 0
464 268 0
464 267 0
464 266 0
464 265 0
465 264 0
465 263 0
465 262 0
465 261 0
465 260 0
466 259 0
466 258 0
466 257 0
467 256 0
467 255 0
467 254 0
467 253 0
467 252 0
467 251 0
467 250 0
468 249 0
468 248 0
468 247 0
468 246 0
468 245 0
469 244 0
469 243 0
469 242 0
469 241 0
469 240 0
469 239 0
469 238 0
470 237 0
470 236 0
470 235 0
470 234 0
470 233 0
470 232 0
471 231 0
471 230 0
471 229 0
472 228 0
472 227 0
472 226 0
472 225 0
472 224 0
473 223 0
473 222 0
474 221 0
474 220 0
474 219 0
475 218 0
475 217 0
475 216 0
475 215 0
476 214 0
476 213 0
477 212 0
477 211 0
477 210 0
477 209 0
478 208 0
478 207 0
479 206 0
479 205 0
480 204 0
480 203 0
481 203 0
482 202 0
483 202 0
483 203 0
483 204 0
483 205 0
483 206 0
482 207 0
482 208 0
482 209 0
481 210 0
481 211 0
480 212 0
480 213 0
479 214 0
479 215 0
478 216 0
478 217 0
478 218 0
477 219 0
477 220 0
477 221 0
477 222 0
476 223 0
476 224 0
476 225 0
476 226 0
475 227 0
475 228 0
475 229 0
475 230 0
474 231 0
474 232 0
474 233 0
473 234 0
473 235 0
473 236 0
473 237 0
473 238 0
473 239 0
472 240 0
472 241 0
472 242 0
472 243 0
472 244 0
472 245 0
472 246 0
473 247 0
473 248 0
473 249 0
472 250 0
472 251 0
472 252 0
471 253 0
471 254 0
471 255 0
471 256 0
471 257 0
470 258 0
470 259 0
470 260 0
469 261 0
469 262 0
468 263 0
468 264 0
468 265 0
468 266 0
467 267 0
467 268 0
467 269 0
466 270 0
466 271 0
466 272 0
466 273 0
466 274 0
466 275 0
466 276 0
465 277 0
465 278 0
465 279 0
464 280 0
464 281 0
464 282 0
464 283 0
463 284 0
463 285 0
463 286 0
463 287 0
463 288 0
463 289 0
462 290 0
462 291 0
462 292 0
462 293 0
462 294 0
461 295 0
461 296 0
461 297 0
461 298 0
461 299 0
461 300 0
461 301 0
460 302 0
460 303 0
460 304 0
460 305 0
459 306 0
459 307 0
459 308 0
459 309 0
459 310 0
459 311 0
459 312 0
459 313 0
459 314 0
458 315 0
458 316 0
458 317 0
458 318 0
458 319 0
458 320 0
458 321 0
458 322 0
458 323 0
457 324 0
457 325 0
457 326 0
456 327 0
456 328 0
456 329 0
456 330 0
456 331 0
455 332 0
455 333 0
455 334 0
455 335 0
455 336 0
454 337 0
454 338 0
454 339 0
454 340 0
454 341 0
454 342 0
454 343 0
453 344 0
453 345 0
453 346 0
453 347 0
452 348 0
452 349 0
452 350 0
452 351 0
451 352 0
451 353 0
451 354 0
451 355 0
450 356 0
450 357 0
450 358 0
450 359 0
450 360 0
449 361 0
449 362 0
449 363 0
449 364 0
448 365 0
448 366 0
448 367 0
447 368 0
447 369 0
447 370 0
446 371 0
446 372 0
446 373 0
445 374 0
444 375 0
444 376 0
443 377 0
443 378 0
443 379 0
442 380 0
442 381 0
441 382 0
441 383 0
440 384 0
440 385 0
439 386 0
439 387 0
438 388 0
438 389 0
437 390 0
437 391 0
436 392 0
435 393 0
434 394 0
434 395 0
433 396 0
432 397 0
431 398 0
431 399 0
430 400 0
429 401 0
428 402 0
427 403 0
426 404 0
425 405 0
424 406 0
423 407 0
422 408 0
421 409 0
420 410 0
419 411 0
418 412 0
417 413 0
416 414 0
415 414 0
414 415 0
413 416 0
412 417 0
411 417 0
410 418 0
409 418 0
408 419 0
407 420 0
406 420 0
405 421 0
404 421 0
403 422 0
402 422 0
401 423 0
400 423 0
399 424 0
398 424 0
397 425 0
396 425 0
395 426 0
394 426 0
393 426 0
392 427 0
391 427 0
390 427 0
389 427 0
388 427 0
387 427 0
386 427 0
385 427 0
384 427 0
383 428 0
382 428 0
381 428 0
380 428 0
379 428 0
378 428 0
377 429 0
376 429 0
375 429 0
374 429 0
373 430 0
372 430 0
371 430 0
370 430 0
369 430 0
368 431 0
367 431 0
366 431 0
365 431 0
364 431 0
363 431 0
362 431 0
361 432 0
360 432 0
359 432 0
358 432 0
357 432 0
356 432 0
355 432 0
354 433 0
353 433 0
352 433 0
351 433 0
