447 257 0
448 258 0
449 258 0
450 258 0
451 258 0
452 258 0
453 258 0
454 258 0
455 258 0
456 258 0
457 258 0
458 258 0
459 258 0
460 258 0
461 258 0
462 258 0
463 258 0
464 258 0
465 258 0
466 258 0
467 258 0
468 258 0
469 258 0
470 258 0
471 258 0
472 258 0
473 258 0
474 258 0
475 258 0
476 258 0
477 258 0
478 258 0
479 258 0
480 258 0
481 258 0
482 258 0
483 258 0
484 258 0
485 258 0
486 258 0
487 258 0
488 258 0
489 258 0
490 258 0
491 258 0
492 258 0
493 258 0
494 258 0
495 258 0
496 258 0
497 258 0
498 258 0
499 258 0
500 258 0
501 258 0
502 258 0
503 258 0
504 258 0
505 258 0
506 257 0
507 257 0
508 256 0
509 255 0
510 254 0
511 253 0
512 252 0
513 251 0
514 250 0
514 249 0
514 248 0
514 247 0
514 246 0
514 245 0
514 244 0
514 243 0
514 242 0
514 241 0
514 240 0
514 239 0
514 238 0
514 237 0
514 236 0
514 235 0
514 234 0
514 233 0
514 232 0
514 231 0
514 230 0
514 229 0
514 228 0
514 227 0
514 226 0
514 225 0
515 224 0
515 223 0
515 222 0
515 221 0
515 220 0
515 219 0
515 218 0
515 217 0
515 216 0
515 215 0
515 214 0
515 213 0
515 212 0
515 211 0
515 210 0
515 209 0
515 208 0
515 207 0
515 206 0
515 205 0
515 204 0
515 203 0
515 202 0
515 201 0
515 200 0
515 199 0
515 198 0
515 197 0
515 196 0
515 195 0
515 194 0
515 193 0
515 192 0
515 191 0
515 190 0
515 189 0
515 188 0
515 187 0
515 186 0
515 185 0
515 184 0
515 183 0
515 182 0
515 181 0
515 180 0
515 179 0
515 178 0
515 177 0
516 176 0
516 175 0
516 174 0
516 173 0
516 172 0
516 171 0
516 170 0
516 169 0
516 168 0
516 167 0
516 166 0
516 165 0
516 164 0
516 163 0
516 162 0
516 161 0
516 160 0
516 159 0
516 158 0
516 157 0
516 156 0
516 155 0
516 154 0
516 153 0
516 152 0
516 151 0
516 150 0
516 149 0
516 148 0
516 147 0
516 146 0
516 145 0
516 144 0
516 143 0
516 142 0
516 141 0
516 140 0
516 139 0
516 138 0
516 137 0
516 136 0
516 135 0
516 134 0
516 133 0
516 132 0
516 131 0
516 130 0
516 129 0
516 128 0
516 127 0
516 126 0
516 125 0
516 124 0
516 123 0
516 122 0
515 121 0
515 120 0
514 119 0
513 118 0
512 117 0
511 116 0
510 115 0
509 114 0
508 113 0
507 112 0
507 111 0
506 110 0
505 109 0
504 109 0
503 108 0
502 107 0
501 107 0
500 107 0
499 107 0
498 107 0
497 107 0
496 107 0
495 107 0
494 107 0
493 107 0
492 107 0
491 107 0
490 107 0
489 107 0
488 107 0
487 107 0
486 107 0
485 107 0
484 107 0
483 107 0
482 107 0
481 106 0
480 106 0
479 106 0
478 106 0
477 106 0
476 106 0
475 106 0
474 106 0
473 106 0
472 106 0
471 106 0
470 106 0
469 106 0
468 106 0
467 106 0
466 106 0
465 106 0
464 106 0
463 106 0
462 106 0
461 106 0
460 106 0
459 106 0
458 106 0
457 106 0
456 106 0
455 106 0
454 106 0
453 106 0
452 106 0
451 106 0
450 106 0
449 106 0
448 106 0
447 106 0
446 106 0
445 106 0
444 106 0
443 106 0
442 106 0
441 106 0
440 106 0
439 106 0
438 106 0
437 106 0
436 106 0
435 106 0
434 105 0
433 105 0
432 105 0
431 105 0
430 105 0
429 105 0
428 105 0
427 105 0
426 105 0
425 105 0
424 105 0
423 105 0
422 105 0
421 105 0
420 105 0
419 105 0
418 105 0
417 105 0
416 105 0
415 105 0
414 105 0
413 105 0
412 105 0
411 105 0
410 105 0
409 105 0
408 105 0
407 105 0
406 105 0
405 105 0
404 105 0
403 105 0
402 105 0
401 105 0
400 105 0
399 105 0
398 105 0
397 105 0
396 105 0
395 105 0
394 105 0
393 105 0
392 105 0
391 105 0
390 105 0
389 104 0
388 104 0
387 104 0
386 104 0
385 104 0
384 104 0
383 104 0
382 104 0
381 104 0
380 105 0
380 106 0
379 107 0
380 108 0
380 109 0
380 110 0
380 111 0
380 112 0
380 113 0
379 114 0
379 115 0
379 116 0
379 117 0
379 118 0
379 119 0
380 120 0
380 121 0
380 122 0
380 123 0
380 124 0
380 125 0
380 126 0
380 127 0
380 128 0
380 129 0
380 130 0
380 131 0
380 132 0
380 133 0
380 134 0
380 135 0
380 136 0
380 137 0
380 138 0
380 139 0
380 140 0
380 141 0
380 142 0
380 143 0
380 144 0
380 145 0
380 146 0
380 147 0
380 148 0
380 149 0
380 150 0
380 151 0
380 152 0
380 153 0
380 154 0
380 155 0
380 156 0
380 157 0
380 158 0
380 159 0
380 160 0
380 161 0
380 162 0
380 163 0
380 164 0
380 165 0
380 166 0
380 167 0
380 168 0
380 169 0
380 170 0
380 171 0
380 172 0
380 173 0
380 174 0
380 175 0
380 176 0
380 177 0
380 178 0
380 179 0
380 180 0
380 181 0
380 182 0
380 183 0
380 184 0
380 185 0
380 186 0
380 187 0
380 188 0
380 189 0
380 190 0
380 191 0
380 192 0
380 193 0
380 194 0
380 195 0
380 196 0
380 197 0
380 198 0
380 199 0
380 200 0
380 201 0
380 202 0
380 203 0
380 204 0
380 205 0
380 206 0
380 207 0
380 208 0
380 209 0
380 210 0
380 211 0
380 212 0
380 213 0
380 214 0
380 215 0
380 216 0
380 217 0
380 218 0
380 219 0
380 220 0
380 221 0
380 222 0
380 223 0
380 224 0
380 225 0
380 226 0
380 227 0
380 228 0
380 229 0
380 230 0
380 231 0
380 232 0
380 233 0
380 234 0
380 235 0
380 236 0
380 237 0
380 238 0
380 239 0
380 240 0
380 241 0
380 242 0
380 243 0
380 244 0
380 245 0
380 246 0
380 247 0
380 248 0
380 249 0
380 250 0
380 251 0
380 252 0
380 253 0
380 254 0
380 255 0
381 256 0
382 257 0
383 257 0
384 257 0
385 257 0
386 257 0
387 257 0
388 257 0
389 257 0
390 257 0
391 257 0
392 257 0
393 257 0
394 257 0
395 257 0
396 257 0
397 257 0
398 257 0
399 257 0
400 257 0
401 257 0
402 257 0
403 257 0
404 257 0
405 257 0
406 257 0
407 257 0
408 257 0
409 257 0
410 257 0
411 257 0
412 257 0
413 257 0
414 257 0
415 257 0
416 257 0
417 257 0
418 257 0
419 257 0
420 257 0
421 257 0
422 257 0
423 257 0
424 257 0
425 257 0
426 257 0
427 257 0
428 257 0
429 257 0
430 257 0
431 257 0
432 257 0
433 257 0
434 257 0
435 257 0
436 257 0
437 257 0
438 257 0
439 257 0
440 257 0
441 257 0
442 257 0
443 257 0
444 257 0
445 257 0
446 257 0
448 258 0
447 257 0
446 257 0
445 257 0
444 257 0
443 257 0
442 257 0
441 257 0
440 257 0
439 257 0
438 257 0
437 257 0
436 257 0
435 257 0
434 257 0
433 257 0
432 257 0
431 257 0
430 257 0
429 257 0
428 257 0
427 257 0
426 257 0
425 257 0
424 257 0
423 257 0
422 257 0
421 257 0
420 257 0
419 257 0
418 257 0
417 257 0
416 257 0
415 257 0
414 257 0
413 257 0
412 257 0
411 257 0
410 257 0
409 257 0
408 257 0
407 257 0
406 257 0
405 257 0
404 257 0
403 257 0
402 257 0
401 257 0
400 257 0
399 257 0
398 257 0
397 257 0
396 257 0
395 257 0
394 257 0
393 257 0
392 257 0
391 257 0
390 257 0
389 257 0
388 257 0
387 257 0
386 257 0
385 257 0
384 257 0
383 257 0
382 257 0
381 256 0
380 256 0
380 255 0
380 254 0
380 253 0
380 252 0
380 251 0
380 250 0
380 249 0
380 248 0
380 247 0
380 246 0
380 245 0
380 244 0
380 243 0
380 242 0
380 241 0
380 240 0
380 239 0
380 238 0
380 237 0
380 236 0
380 235 0
380 234 0
380 233 0
380 232 0
380 231 0
380 230 0
380 229 0
380 228 0
380 227 0
380 226 0
380 225 0
380 224 0
380 223 0
380 222 0
380 221 0
380 220 0
380 219 0
380 218 0
380 217 0
380 216 0
380 215 0
380 214 0
380 213 0
380 212 0
380 211 0
380 210 0
380 209 0
380 208 0
380 207 0
380 206 0
380 205 0
380 204 0
380 203 0
380 202 0
380 201 0
380 200 0
380 199 0
380 198 0
380 197 0
380 196 0
380 195 0
380 194 0
380 193 0
380 192 0
380 191 0
380 190 0
380 189 0
380 188 0
380 187 0
380 186 0
380 185 0
380 184 0
380 183 0
380 182 0
380 181 0
380 180 0
380 179 0
380 178 0
380 177 0
380 176 0
380 175 0
380 174 0
380 173 0
380 172 0
380 171 0
380 170 0
380 169 0
380 168 0
380 167 0
380 166 0
380 165 0
380 164 0
380 163 0
380 162 0
380 161 0
380 160 0
380 159 0
380 158 0
380 157 0
380 156 0
380 155 0
380 154 0
380 153 0
380 152 0
380 151 0
380 150 0
380 149 0
380 148 0
380 147 0
380 146 0
380 145 0
380 144 0
380 143 0
380 142 0
380 141 0
380 140 0
380 139 0
380 138 0
380 137 0
380 136 0
380 135 0
380 134 0
380 133 0
380 132 0
380 131 0
380 130 0
380 129 0
380 128 0
380 127 0
380 126 0
380 125 0
380 124 0
380 123 0
380 122 0
380 121 0
380 120 0
379 119 0
379 118 0
379 117 0
379 116 0
379 115 0
379 114 0
380 113 0
380 112 0
380 111 0
380 110 0
380 109 0
380 108 0
379 107 0
380 106 0
380 105 0
381 104 0
382 104 0
383 104 0
384 104 0
385 104 0
386 104 0
387 104 0
388 104 0
389 104 0
390 105 0
391 105 0
392 105 0
393 105 0
394 105 0
395 105 0
396 105 0
397 105 0
398 105 0
399 105 0
400 105 0
401 105 0
402 105 0
403 105 0
404 105 0
405 105 0
406 105 0
407 105 0
408 105 0
409 105 0
410 105 0
411 105 0
412 105 0
413 105 0
414 105 0
415 105 0
416 105 0
417 105 0
418 105 0
419 105 0
420 105 0
421 105 0
422 105 0
423 105 0
424 105 0
425 105 0
426 105 0
427 105 0
428 105 0
429 105 0
430 105 0
431 105 0
432 105 0
433 105 0
434 105 0
435 106 0
436 106 0
437 106 0
438 106 0
439 106 0
440 106 0
441 106 0
442 106 0
443 106 0
444 106 0
445 106 0
446 106 0
447 106 0
448 106 0
449 106 0
450 106 0
451 106 0
452 106 0
453 106 0
454 106 0
455 106 0
456 106 0
457 106 0
458 106 0
459 106 0
460 106 0
461 106 0
462 106 0
463 106 0
464 106 0
465 106 0
466 106 0
467 106 0
468 106 0
469 106 0
470 106 0
471 106 0
472 106 0
473 106 0
474 106 0
475 106 0
476 106 0
477 106 0
478 106 0
479 106 0
480 106 0
481 106 0
482 107 0
483 107 0
484 107 0
485 107 0
486 107 0
487 107 0
488 107 0
489 107 0
490 107 0
491 107 0
492 107 0
493 107 0
494 107 0
495 107 0
496 107 0
497 107 0
498 107 0
499 107 0
500 107 0
501 107 0
502 107 0
503 108 0
504 108 0
505 109 0
506 109 0
507 110 0
507 111 0
508 112 0
509 113 0
510 114 0
511 115 0
512 116 0
513 117 0
514 118 0
515 119 0
515 120 0
516 121 0
516 122 0
516 123 0
516 124 0
516 125 0
516 126 0
516 127 0
516 128 0
516 129 0
516 130 0
516 131 0
516 132 0
516 133 0
516 134 0
516 135 0
516 136 0
516 137 0
516 138 0
516 139 0
516 140 0
516 141 0
516 142 0
516 143 0
516 144 0
516 145 0
516 146 0
516 147 0
516 148 0
516 149 0
516 150 0
516 151 0
516 152 0
516 153 0
516 154 0
516 155 0
516 156 0
516 157 0
516 158 0
516 159 0
516 160 0
516 161 0
516 162 0
516 163 0
516 164 0
516 165 0
516 166 0
516 167 0
516 168 0
516 169 0
516 170 0
516 171 0
516 172 0
516 173 0
516 174 0
516 175 0
516 176 0
515 177 0
515 178 0
515 179 0
515 180 0
515 181 0
515 182 0
515 183 0
515 184 0
515 185 0
515 186 0
515 187 0
515 188 0
515 189 0
515 190 0
515 191 0
515 192 0
515 193 0
515 194 0
515 195 0
515 196 0
515 197 0
515 198 0
515 199 0
515 200 0
515 201 0
515 202 0
515 203 0
515 204 0
515 205 0
515 206 0
515 207 0
515 208 0
515 209 0
515 210 0
515 211 0
515 212 0
515 213 0
515 214 0
515 215 0
515 216 0
515 217 0
515 218 0
515 219 0
515 220 0
515 221 0
515 222 0
515 223 0
515 224 0
514 225 0
514 226 0
514 227 0
514 228 0
514 229 0
514 230 0
514 231 0
514 232 0
514 233 0
514 234 0
514 235 0
514 236 0
514 237 0
514 238 0
514 239 0
514 240 0
514 241 0
514 242 0
514 243 0
514 244 0
514 245 0
514 246 0
514 247 0
514 248 0
514 249 0
514 250 0
513 251 0
513 252 0
512 253 0
511 254 0
510 255 0
509 256 0
508 257 0
507 257 0
506 258 0
505 258 0
504 258 0
503 258 0
502 258 0
501 258 0
500 258 0
499 258 0
498 258 0
497 258 0
496 258 0
495 258 0
494 258 0
493 258 0
492 258 0
491 258 0
490 258 0
489 258 0
488 258 0
487 258 0
486 258 0
485 258 0
484 258 0
483 258 0
482 258 0
481 258 0
480 258 0
479 258 0
478 258 0
477 258 0
476 258 0
475 258 0
474 258 0
473 258 0
472 258 0
471 258 0
470 258 0
469 258 0
468 258 0
467 258 0
466 258 0
465 258 0
464 258 0
463 258 0
462 258 0
461 258 0
460 258 0
459 258 0
458 258 0
457 258 0
456 258 0
455 258 0
454 258 0
453 258 0
452 258 0
451 258 0
450 258 0
449 258 0
334 419 0
333 418 0
332 418 0
331 418 0
330 418 0
329 418 0
328 418 0
327 418 0
326 418 0
325 417 0
324 417 0
323 417 0
322 417 0
321 416 0
320 416 0
319 416 0
318 415 0
317 415 0
316 414 0
315 414 0
314 413 0
313 412 0
312 411 0
311 410 0
310 409 0
310 408 0
309 407 0
309 406 0
309 405 0
309 404 0
309 403 0
309 402 0
309 401 0
309 400 0
309 399 0
309 398 0
309 397 0
309 396 0
309 395 0
309 394 0
309 393 0
309 392 0
309 391 0
309 390 0
309 389 0
309 388 0
309 387 0
309 386 0
309 385 0
309 384 0
309 383 0
309 382 0
309 381 0
308 380 0
307 379 0
306 378 0
305 378 0
304 378 0
303 378 0
302 378 0
301 378 0
300 378 0
299 378 0
298 378 0
297 378 0
296 378 0
295 378 0
294 378 0
293 377 0
292 377 0
291 377 0
290 377 0
289 377 0
288 377 0
287 377 0
286 377 0
285 377 0
284 377 0
283 376 0
282 376 0
281 376 0
280 376 0
279 376 0
278 375 0
277 375 0
276 375 0
275 375 0
274 375 0
273 375 0
272 375 0
271 374 0
270 374 0
269 374 0
268 374 0
267 373 0
266 373 0
265 372 0
264 372 0
263 371 0
262 370 0
262 369 0
261 368 0
261 367 0
261 366 0
261 365 0
261 364 0
261 363 0
261 362 0
261 361 0
261 360 0
261 359 0
261 358 0
261 357 0
261 356 0
261 355 0
261 354 0
261 353 0
261 352 0
261 351 0
261 350 0
261 349 0
261 348 0
261 347 0
261 346 0
261 345 0
261 344 0
261 343 0
261 342 0
261 341 0
261 340 0
261 339 0
261 338 0
261 337 0
261 336 0
261 335 0
261 334 0
261 333 0
261 332 0
261 331 0
261 330 0
261 329 0
261 328 0
261 327 0
261 326 0
261 325 0
261 324 0
261 323 0
261 322 0
261 321 0
261 320 0
261 319 0
261 318 0
261 317 0
261 316 0
261 315 0
261 314 0
261 313 0
261 312 0
261 311 0
261 310 0
261 309 0
261 308 0
261 307 0
261 306 0
262 305 0
262 304 0
262 303 0
262 302 0
262 301 0
262 300 0
262 299 0
262 298 0
262 297 0
262 296 0
262 295 0
262 294 0
262 293 0
262 292 0
262 291 0
262 290 0
262 289 0
262 288 0
262 287 0
262 286 0
262 285 0
262 284 0
262 283 0
263 282 0
263 281 0
263 280 0
263 279 0
263 278 0
263 277 0
263 276 0
263 275 0
264 274 0
264 273 0
264 272 0
265 271 0
266 270 0
267 269 0
268 268 0
269 267 0
270 266 0
271 265 0
272 264 0
273 264 0
274 263 0
275 263 0
276 262 0
277 262 0
278 261 0
279 261 0
280 261 0
281 261 0
282 260 0
283 260 0
284 260 0
285 260 0
286 260 0
287 259 0
288 259 0
289 259 0
290 259 0
291 259 0
292 259 0
293 258 0
294 258 0
295 258 0
296 258 0
297 258 0
298 257 0
299 257 0
300 257 0
301 257 0
302 257 0
303 257 0
304 256 0
305 256 0
306 256 0
307 255 0
308 254 0
308 253 0
308 252 0
308 251 0
308 250 0
308 249 0
308 248 0
308 247 0
308 246 0
308 245 0
308 244 0
308 243 0
308 242 0
308 241 0
308 240 0
308 239 0
308 238 0
308 237 0
308 236 0
308 235 0
308 234 0
308 233 0
308 232 0
308 231 0
308 230 0
308 229 0
308 228 0
308 227 0
308 226 0
308 225 0
308 224 0
308 223 0
308 222 0
308 221 0
308 220 0
308 219 0
308 218 0
308 217 0
308 216 0
308 215 0
308 214 0
308 213 0
308 212 0
308 211 0
308 210 0
308 209 0
308 208 0
308 207 0
308 206 0
308 205 0
308 204 0
308 203 0
308 202 0
308 201 0
308 200 0
307 199 0
307 198 0
307 197 0
307 196 0
307 195 0
307 194 0
307 193 0
307 192 0
307 191 0
307 190 0
307 189 0
307 188 0
307 187 0
307 186 0
307 185 0
307 184 0
307 183 0
307 182 0
307 181 0
307 180 0
307 179 0
307 178 0
307 177 0
307 176 0
307 175 0
307 174 0
307 173 0
307 172 0
307 171 0
307 170 0
307 169 0
307 168 0
307 167 0
307 166 0
307 165 0
307 164 0
307 163 0
307 162 0
307 161 0
307 160 0
307 159 0
307 158 0
307 157 0
307 156 0
307 155 0
307 154 0
307 153 0
307 152 0
307 151 0
307 150 0
307 149 0
307 148 0
307 147 0
307 146 0
307 145 0
307 144 0
307 143 0
307 142 0
307 141 0
307 140 0
307 139 0
307 138 0
307 137 0
307 136 0
307 135 0
307 134 0
307 133 0
307 132 0
307 131 0
307 130 0
307 129 0
307 128 0
307 127 0
307 126 0
307 125 0
307 124 0
307 123 0
307 122 0
307 121 0
307 120 0
307 119 0
307 118 0
307 117 0
307 116 0
307 115 0
307 114 0
307 113 0
307 112 0
307 111 0
307 110 0
307 109 0
307 108 0
307 107 0
307 106 0
307 105 0
307 104 0
306 103 0
305 102 0
304 102 0
303 102 0
302 102 0
301 102 0
300 102 0
299 102 0
298 102 0
297 102 0
296 102 0
295 102 0
294 102 0
293 102 0
292 102 0
291 102 0
290 102 0
289 102 0
288 102 0
287 101 0
286 101 0
285 101 0
284 101 0
283 101 0
282 101 0
281 101 0
280 101 0
279 101 0
278 101 0
277 101 0
276 101 0
275 101 0
274 101 0
273 101 0
272 101 0
271 101 0
270 100 0
269 100 0
268 100 0
267 100 0
266 100 0
265 100 0
264 99 0
263 98 0
263 97 0
263 96 0
263 95 0
263 94 0
263 93 0
263 92 0
263 91 0
263 90 0
262 89 0
262 88 0
262 87 0
262 86 0
262 85 0
262 84 0
262 83 0
262 82 0
262 81 0
262 80 0
262 79 0
262 78 0
262 77 0
262 76 0
262 75 0
262 74 0
262 73 0
262 72 0
262 71 0
262 70 0
262 69 0
262 68 0
262 67 0
262 66 0
262 65 0
262 64 0
262 63 0
262 62 0
262 61 0
262 60 0
262 59 0
262 58 0
262 57 0
262 56 0
262 55 0
262 54 0
262 53 0
262 52 0
262 51 0
262 50 0
262 49 0
262 48 0
262 47 0
262 46 0
262 45 0
262 44 0
262 43 0
262 42 0
262 41 0
262 40 0
262 39 0
262 38 0
262 37 0
262 36 0
262 35 0
262 34 0
262 33 0
262 32 0
262 31 0
262 30 0
262 29 0
262 28 0
262 27 0
262 26 0
262 25 0
262 24 0
262 23 0
262 22 0
262 21 0
262 20 0
262 19 0
262 18 0
262 17 0
262 16 0
262 15 0
262 14 0
262 13 0
262 12 0
262 11 0
262 10 0
262 9 0
262 8 0
262 7 0
262 6 0
262 5 0
262 4 0
262 3 0
262 2 0
262 1 0
262 0 0
262 -1 0
262 -2 0
262 -3 0
262 -4 0
262 -5 0
262 -6 0
262 -7 0
262 -8 0
262 -9 0
262 -10 0
262 -11 0
263 -12 0
263 -13 0
263 -14 0
262 -15 0
262 -16 0
262 -17 0
262 -18 0
262 -19 0
262 -20 0
262 -21 0
262 -22 0
262 -23 0
262 -24 0
262 -25 0
262 -26 0
262 -27 0
262 -28 0
263 -29 0
263 -30 0
263 -31 0
263 -32 0
263 -33 0
263 -34 0
263 -35 0
263 -36 0
263 -37 0
263 -38 0
263 -39 0
263 -40 0
263 -41 0
263 -42 0
263 -43 0
263 -44 0
263 -45 0
263 -46 0
263 -47 0
263 -48 0
263 -49 0
263 -50 0
263 -51 0
263 -52 0
263 -53 0
263 -54 0
263 -55 0
263 -56 0
263 -57 0
263 -58 0
263 -59 0
263 -60 0
263 -61 0
263 -62 0
263 -63 0
263 -64 0
263 -65 0
263 -66 0
263 -67 0
263 -68 0
263 -69 0
263 -70 0
263 -71 0
263 -72 0
263 -73 0
263 -74 0
263 -75 0
263 -76 0
263 -77 0
263 -78 0
263 -79 0
263 -80 0
263 -81 0
263 -82 0
263 -83 0
263 -84 0
263 -85 0
263 -86 0
263 -87 0
263 -88 0
263 -89 0
263 -90 0
263 -91 0
263 -92 0
263 -93 0
263 -92 0
263 -91 0
263 -90 0
263 -89 0
263 -88 0
263 -87 0
263 -86 0
263 -85 0
263 -84 0
263 -83 0
263 -82 0
263 -81 0
263 -80 0
263 -79 0
263 -78 0
263 -77 0
263 -76 0
263 -75 0
263 -74 0
263 -73 0
263 -72 0
263 -71 0
263 -70 0
263 -69 0
263 -68 0
263 -67 0
263 -66 0
263 -65 0
263 -64 0
263 -63 0
263 -62 0
263 -61 0
263 -60 0
263 -59 0
263 -58 0
263 -57 0
263 -56 0
263 -55 0
263 -54 0
263 -53 0
263 -52 0
263 -51 0
263 -50 0
263 -49 0
263 -48 0
263 -47 0
263 -46 0
263 -45 0
263 -44 0
263 -43 0
263 -42 0
263 -41 0
263 -40 0
263 -39 0
263 -38 0
263 -37 0
263 -36 0
263 -35 0
263 -34 0
263 -33 0
263 -32 0
263 -31 0
263 -30 0
263 -29 0
262 -28 0
262 -27 0
262 -26 0
262 -25 0
262 -24 0
262 -23 0
262 -22 0
262 -21 0
262 -20 0
262 -19 0
262 -18 0
262 -17 0
262 -16 0
262 -15 0
263 -14 0
263 -13 0
263 -12 0
262 -11 0
262 -10 0
262 -9 0
262 -8 0
262 -7 0
262 -6 0
262 -5 0
262 -4 0
262 -3 0
262 -2 0
262 -1 0
262 0 0
262 1 0
262 2 0
262 3 0
262 4 0
262 5 0
262 6 0
262 7 0
262 8 0
262 9 0
262 10 0
262 11 0
262 12 0
262 13 0
262 14 0
262 15 0
262 16 0
262 17 0
262 18 0
262 19 0
262 20 0
262 21 0
262 22 0
262 23 0
262 24 0
262 25 0
262 26 0
262 27 0
262 28 0
262 29 0
262 30 0
262 31 0
262 32 0
262 33 0
262 34 0
262 35 0
262 36 0
262 37 0
262 38 0
262 39 0
262 40 0
262 41 0
262 42 0
262 43 0
262 44 0
262 45 0
262 46 0
262 47 0
262 48 0
262 49 0
262 50 0
262 51 0
262 52 0
262 53 0
262 54 0
262 55 0
262 56 0
262 57 0
262 58 0
262 59 0
262 60 0
262 61 0
262 62 0
262 63 0
262 64 0
262 65 0
262 66 0
262 67 0
262 68 0
262 69 0
262 70 0
262 71 0
262 72 0
262 73 0
262 74 0
262 75 0
262 76 0
262 77 0
262 78 0
262 79 0
262 80 0
262 81 0
262 82 0
262 83 0
262 84 0
262 85 0
262 86 0
262 87 0
262 88 0
262 89 0
263 90 0
263 91 0
263 92 0
263 93 0
263 94 0
263 95 0
263 96 0
263 97 0
264 98 0
265 99 0
266 100 0
267 100 0
268 100 0
269 100 0
270 100 0
271 101 0
272 101 0
273 101 0
274 101 0
275 101 0
276 101 0
277 101 0
278 101 0
279 101 0
280 101 0
281 101 0
282 101 0
283 101 0
284 101 0
285 101 0
286 101 0
287 101 0
288 102 0
289 102 0
290 102 0
291 102 0
292 102 0
293 102 0
294 102 0
295 102 0
296 102 0
297 102 0
298 102 0
299 102 0
300 102 0
301 102 0
302 102 0
303 102 0
304 102 0
305 102 0
306 102 0
307 103 0
307 104 0
307 105 0
307 106 0
307 107 0
307 108 0
307 109 0
307 110 0
307 111 0
307 112 0
307 113 0
307 114 0
307 115 0
307 116 0
307 117 0
307 118 0
307 119 0
307 120 0
307 121 0
307 122 0
307 123 0
307 124 0
307 125 0
307 126 0
307 127 0
307 128 0
307 129 0
307 130 0
307 131 0
307 132 0
307 133 0
307 134 0
307 135 0
307 136 0
307 137 0
307 138 0
307 139 0
307 140 0
307 141 0
307 142 0
307 143 0
307 144 0
307 145 0
307 146 0
307 147 0
307 148 0
307 149 0
307 150 0
307 151 0
307 152 0
307 153 0
307 154 0
307 155 0
307 156 0
307 157 0
307 158 0
307 159 0
307 160 0
307 161 0
307 162 0
307 163 0
307 164 0
307 165 0
307 166 0
307 167 0
307 168 0
307 169 0
307 170 0
307 171 0
307 172 0
307 173 0
307 174 0
307 175 0
307 176 0
307 177 0
307 178 0
307 179 0
307 180 0
307 181 0
307 182 0
307 183 0
307 184 0
307 185 0
307 186 0
307 187 0
307 188 0
307 189 0
307 190 0
307 191 0
307 192 0
307 193 0
307 194 0
307 195 0
307 196 0
307 197 0
307 198 0
307 199 0
308 200 0
308 201 0
308 202 0
308 203 0
308 204 0
308 205 0
308 206 0
308 207 0
308 208 0
308 209 0
308 210 0
308 211 0
308 212 0
308 213 0
308 214 0
308 215 0
308 216 0
308 217 0
308 218 0
308 219 0
308 220 0
308 221 0
308 222 0
308 223 0
308 224 0
308 225 0
308 226 0
308 227 0
308 228 0
308 229 0
308 230 0
308 231 0
308 232 0
308 233 0
308 234 0
308 235 0
308 236 0
308 237 0
308 238 0
308 239 0
308 240 0
308 241 0
308 242 0
308 243 0
308 244 0
308 245 0
308 246 0
308 247 0
308 248 0
308 249 0
308 250 0
308 251 0
308 252 0
308 253 0
308 254 0
308 255 0
307 256 0
306 256 0
305 256 0
304 256 0
303 257 0
302 257 0
301 257 0
300 257 0
299 257 0
298 257 0
297 258 0
296 258 0
295 258 0
294 258 0
293 258 0
292 259 0
291 259 0
290 259 0
289 259 0
288 259 0
287 259 0
286 260 0
285 260 0
284 260 0
283 260 0
282 260 0
281 261 0
280 261 0
279 261 0
278 261 0
277 262 0
276 263 0
275 263 0
274 264 0
273 264 0
272 265 0
271 266 0
270 267 0
269 268 0
268 269 0
267 270 0
266 271 0
265 272 0
264 273 0
264 274 0
263 275 0
263 276 0
263 277 0
263 278 0
263 279 0
263 280 0
263 281 0
263 282 0
262 283 0
262 284 0
262 285 0
262 286 0
262 287 0
262 288 0
262 289 0
262 290 0
262 291 0
262 292 0
262 293 0
262 294 0
262 295 0
262 296 0
262 297 0
262 298 0
262 299 0
262 300 0
262 301 0
262 302 0
262 303 0
262 304 0
262 305 0
261 306 0
261 307 0
261 308 0
261 309 0
261 310 0
261 311 0
261 312 0
261 313 0
261 314 0
261 315 0
261 316 0
261 317 0
261 318 0
261 319 0
261 320 0
261 321 0
261 322 0
261 323 0
261 324 0
261 325 0
261 326 0
261 327 0
261 328 0
261 329 0
261 330 0
261 331 0
261 332 0
261 333 0
261 334 0
261 335 0
261 336 0
261 337 0
261 338 0
261 339 0
261 340 0
261 341 0
261 342 0
261 343 0
261 344 0
261 345 0
261 346 0
261 347 0
261 348 0
261 349 0
261 350 0
261 351 0
261 352 0
261 353 0
261 354 0
261 355 0
261 356 0
261 357 0
261 358 0
261 359 0
261 360 0
261 361 0
261 362 0
261 363 0
261 364 0
261 365 0
261 366 0
261 367 0
261 368 0
262 369 0
263 370 0
264 371 0
265 372 0
266 372 0
267 373 0
268 374 0
269 374 0
270 374 0
271 374 0
272 375 0
273 375 0
274 375 0
275 375 0
276 375 0
277 375 0
278 375 0
279 376 0
280 376 0
281 376 0
282 376 0
283 376 0
284 377 0
285 377 0
286 377 0
287 377 0
288 377 0
289 377 0
290 377 0
291 377 0
292 377 0
293 377 0
294 378 0
295 378 0
296 378 0
297 378 0
298 378 0
299 378 0
300 378 0
301 378 0
302 378 0
303 378 0
304 378 0
305 378 0
306 378 0
307 378 0
308 379 0
308 380 0
309 381 0
309 382 0
309 383 0
309 384 0
309 385 0
309 386 0
309 387 0
309 388 0
309 389 0
309 390 0
309 391 0
309 392 0
309 393 0
309 394 0
309 395 0
309 396 0
309 397 0
309 398 0
309 399 0
309 400 0
309 401 0
309 402 0
309 403 0
309 404 0
309 405 0
309 406 0
310 407 0
310 408 0
311 409 0
312 410 0
313 411 0
314 412 0
315 413 0
316 414 0
317 414 0
318 415 0
319 415 0
320 416 0
321 416 0
322 417 0
323 417 0
324 417 0
325 417 0
326 418 0
327 418 0
328 418 0
329 418 0
330 418 0
331 418 0
332 418 0
333 418 0
334 419 0
335 419 0
336 419 0
337 419 0
338 419 0
339 419 0
340 419 0
341 419 0
342 419 0
343 419 0
344 419 0
345 419 0
346 419 0
347 419 0
348 419 0
349 419 0
350 419 0
351 419 0
352 419 0
353 418 0
354 418 0
355 418 0
356 418 0
357 418 0
358 418 0
359 418 0
360 418 0
361 418 0
362 417 0
363 417 0
364 417 0
365 417 0
366 416 0
367 416 0
368 416 0
369 415 0
370 414 0
371 414 0
372 413 0
373 412 0
374 412 0
375 411 0
376 410 0
377 409 0
378 408 0
378 407 0
379 406 0
379 405 0
379 404 0
380 403 0
380 402 0
380 401 0
380 400 0
380 399 0
380 398 0
380 397 0
380 396 0
380 395 0
380 394 0
380 393 0
380 392 0
380 391 0
380 390 0
380 389 0
380 388 0
380 387 0
380 386 0
380 385 0
380 384 0
380 383 0
380 382 0
380 381 0
380 380 0
381 380 0
382 380 0
383 380 0
384 380 0
385 380 0
386 380 0
387 380 0
388 380 0
389 380 0
390 380 0
391 380 0
392 380 0
393 380 0
394 380 0
395 380 0
396 380 0
397 380 0
398 380 0
399 380 0
400 380 0
401 380 0
402 380 0
403 380 0
404 380 0
405 380 0
406 380 0
407 380 0
408 380 0
409 380 0
410 380 0
411 380 0
412 380 0
413 380 0
414 380 0
415 380 0
416 380 0
417 380 0
418 380 0
419 380 0
420 380 0
421 380 0
422 380 0
423 380 0
424 380 0
425 380 0
426 380 0
427 380 0
428 380 0
429 380 0
430 380 0
431 380 0
432 380 0
433 381 0
434 381 0
435 381 0
436 381 0
437 381 0
438 381 0
439 381 0
440 381 0
441 381 0
442 381 0
443 381 0
444 381 0
445 381 0
446 381 0
447 381 0
448 381 0
449 381 0
450 381 0
451 381 0
452 381 0
453 381 0
454 381 0
455 381 0
456 381 0
457 381 0
458 381 0
459 381 0
460 381 0
461 381 0
462 381 0
463 381 0
464 381 0
465 381 0
466 381 0
467 381 0
468 381 0
469 381 0
470 381 0
471 381 0
472 381 0
473 381 0
474 381 0
475 381 0
476 381 0
477 381 0
478 382 0
479 382 0
480 382 0
481 382 0
482 382 0
483 382 0
484 382 0
485 382 0
486 382 0
487 382 0
488 382 0
489 382 0
490 382 0
491 382 0
492 382 0
493 382 0
494 382 0
495 382 0
496 382 0
497 382 0
498 382 0
499 382 0
500 382 0
501 382 0
502 382 0
503 382 0
504 382 0
505 382 0
506 382 0
507 382 0
508 382 0
509 382 0
510 382 0
511 382 0
512 382 0
513 382 0
514 382 0
515 382 0
516 382 0
517 382 0
518 382 0
519 382 0
520 382 0
521 382 0
522 382 0
523 382 0
524 382 0
525 382 0
526 382 0
527 382 0
528 382 0
529 382 0
530 383 0
531 383 0
532 383 0
533 383 0
534 383 0
535 383 0
536 383 0
537 383 0
538 383 0
539 383 0
540 383 0
541 383 0
542 383 0
543 383 0
544 383 0
545 383 0
546 383 0
547 383 0
548 383 0
549 383 0
550 383 0
551 383 0
552 383 0
553 383 0
554 383 0
555 383 0
556 383 0
557 383 0
558 383 0
559 383 0
560 383 0
561 384 0
562 384 0
563 383 0
564 384 0
565 384 0
566 384 0
567 384 0
568 384 0
569 384 0
570 384 0
571 384 0
572 384 0
573 384 0
574 384 0
575 384 0
576 384 0
577 384 0
578 384 0
579 384 0
580 384 0
581 384 0
582 384 0
583 384 0
584 384 0
585 384 0
586 384 0
587 384 0
588 384 0
589 384 0
590 384 0
591 384 0
592 384 0
593 384 0
594 384 0
595 384 0
596 384 0
597 384 0
598 384 0
599 384 0
600 384 0
601 384 0
602 384 0
603 384 0
604 385 0
605 385 0
606 385 0
607 385 0
608 385 0
609 385 0
610 384 0
611 384 0
612 384 0
613 384 0
614 384 0
615 384 0
616 384 0
617 384 0
618 384 0
619 384 0
620 384 0
621 384 0
622 384 0
623 384 0
624 384 0
625 384 0
626 384 0
627 384 0
628 384 0
629 384 0
630 384 0
631 384 0
632 384 0
633 384 0
634 384 0
635 384 0
636 383 0
637 383 0
638 383 0
639 383 0
640 383 0
641 383 0
642 383 0
643 383 0
644 383 0
645 382 0
646 382 0
647 382 0
648 382 0
649 381 0
650 381 0
651 381 0
652 381 0
653 381 0
654 380 0
655 380 0
656 380 0
657 379 0
658 379 0
659 378 0
660 378 0
661 377 0
662 376 0
663 375 0
663 374 0
664 373 0
664 372 0
664 371 0
664 370 0
664 369 0
664 368 0
664 367 0
664 366 0
664 365 0
664 364 0
664 363 0
664 362 0
664 361 0
664 360 0
664 359 0
665 358 0
664 357 0
664 356 0
664 355 0
664 354 0
665 353 0
665 352 0
665 351 0
665 350 0
665 349 0
665 348 0
665 347 0
665 346 0
665 345 0
665 344 0
665 343 0
665 342 0
665 341 0
665 340 0
665 339 0
665 338 0
665 337 0
665 336 0
665 335 0
665 334 0
665 333 0
665 332 0
665 331 0
665 330 0
665 329 0
665 328 0
665 327 0
665 326 0
665 325 0
665 324 0
665 323 0
665 322 0
665 321 0
665 320 0
665 319 0
665 318 0
665 317 0
665 316 0
665 315 0
665 314 0
665 313 0
665 312 0
665 311 0
665 310 0
665 309 0
665 308 0
665 307 0
665 306 0
665 305 0
665 304 0
665 303 0
665 302 0
665 301 0
665 300 0
665 299 0
665 298 0
665 297 0
665 296 0
665 295 0
665 294 0
665 293 0
665 292 0
665 291 0
665 290 0
665 289 0
665 288 0
665 287 0
665 286 0
665 285 0
665 284 0
665 283 0
665 282 0
665 281 0
665 280 0
665 279 0
665 278 0
666 277 0
666 276 0
666 275 0
666 274 0
666 273 0
665 272 0
665 271 0
665 270 0
665 269 0
665 268 0
666 267 0
666 266 0
666 265 0
666 264 0
666 263 0
666 262 0
666 261 0
666 260 0
666 259 0
666 258 0
666 257 0
666 256 0
666 255 0
666 254 0
666 253 0
666 252 0
666 251 0
666 250 0
666 249 0
666 248 0
666 247 0
666 246 0
666 245 0
666 244 0
666 243 0
666 242 0
666 241 0
666 240 0
666 239 0
666 238 0
666 237 0
666 236 0
666 235 0
666 234 0
666 233 0
666 232 0
666 231 0
666 230 0
666 229 0
666 228 0
666 227 0
666 226 0
666 225 0
666 224 0
666 223 0
666 222 0
666 221 0
666 220 0
666 219 0
666 218 0
666 217 0
666 216 0
666 215 0
666 214 0
666 213 0
666 212 0
666 211 0
666 210 0
666 209 0
666 208 0
667 207 0
667 206 0
667 205 0
667 204 0
667 203 0
667 202 0
667 201 0
667 200 0
667 199 0
667 198 0
667 197 0
667 196 0
667 195 0
667 194 0
667 193 0
667 192 0
667 191 0
667 190 0
667 189 0
667 188 0
667 187 0
667 186 0
667 185 0
667 184 0
667 183 0
667 182 0
667 181 0
667 180 0
667 179 0
667 178 0
667 177 0
667 176 0
667 175 0
667 174 0
667 173 0
667 172 0
667 171 0
667 170 0
667 169 0
667 168 0
667 167 0
667 166 0
667 165 0
667 164 0
667 163 0
667 162 0
667 161 0
667 160 0
667 159 0
667 158 0
667 157 0
667 156 0
667 155 0
667 154 0
667 153 0
668 152 0
667 151 0
667 150 0
667 149 0
668 148 0
668 147 0
668 146 0
668 145 0
668 144 0
668 143 0
668 142 0
668 141 0
668 140 0
668 139 0
668 138 0
668 137 0
668 136 0
668 135 0
668 134 0
668 133 0
668 132 0
668 131 0
668 130 0
668 129 0
668 128 0
668 127 0
668 126 0
668 125 0
668 124 0
668 123 0
668 122 0
668 121 0
668 120 0
668 119 0
668 118 0
668 117 0
668 116 0
668 115 0
668 114 0
668 113 0
668 112 0
668 111 0
668 110 0
668 109 0
668 108 0
668 107 0
669 106 0
669 105 0
669 104 0
669 103 0
669 102 0
669 101 0
669 100 0
669 99 0
669 98 0
669 97 0
669 96 0
669 95 0
669 94 0
669 93 0
669 92 0
669 91 0
669 90 0
669 89 0
669 88 0
669 87 0
669 86 0
669 85 0
669 84 0
669 83 0
669 82 0
669 81 0
669 80 0
669 79 0
669 78 0
669 77 0
669 76 0
669 75 0
669 74 0
669 73 0
669 72 0
669 71 0
669 70 0
669 69 0
669 68 0
669 67 0
670 66 0
670 65 0
670 64 0
670 63 0
670 62 0
670 61 0
670 60 0
670 59 0
670 58 0
670 57 0
670 56 0
670 55 0
670 54 0
670 53 0
670 52 0
670 51 0
670 50 0
670 49 0
670 48 0
670 47 0
670 46 0
670 45 0
670 44 0
670 43 0
670 42 0
670 41 0
670 40 0
670 39 0
670 38 0
670 37 0
670 36 0
671 35 0
671 34 0
671 33 0
671 32 0
671 31 0
671 30 0
671 29 0
671 28 0
671 27 0
671 26 0
671 25 0
671 24 0
671 23 0
671 22 0
671 21 0
671 20 0
671 19 0
671 18 0
671 17 0
671 16 0
671 15 0
671 14 0
671 13 0
671 12 0
671 11 0
671 10 0
671 9 0
671 8 0
671 7 0
671 6 0
671 5 0
671 4 0
671 3 0
671 2 0
671 1 0
671 0 0
672 -1 0
672 -2 0
672 -3 0
672 -4 0
672 -5 0
672 -6 0
672 -7 0
672 -8 0
672 -9 0
672 -10 0
672 -11 0
672 -12 0
672 -13 0
672 -14 0
672 -15 0
672 -16 0
672 -17 0
672 -18 0
672 -19 0
672 -20 0
672 -21 0
672 -22 0
672 -23 0
672 -24 0
672 -25 0
672 -26 0
672 -27 0
672 -28 0
673 -29 0
673 -30 0
673 -31 0
673 -32 0
673 -33 0
673 -34 0
673 -35 0
673 -36 0
673 -37 0
673 -38 0
673 -39 0
673 -40 0
673 -41 0
673 -42 0
673 -43 0
673 -44 0
673 -45 0
673 -46 0
673 -47 0
673 -48 0
673 -49 0
673 -50 0
673 -51 0
673 -52 0
673 -53 0
673 -54 0
673 -55 0
673 -56 0
674 -57 0
674 -58 0
674 -59 0
674 -60 0
673 -61 0
673 -62 0
673 -63 0
673 -64 0
674 -65 0
674 -66 0
674 -67 0
674 -68 0
674 -69 0
674 -70 0
674 -71 0
674 -72 0
674 -73 0
674 -74 0
674 -75 0
674 -76 0
674 -77 0
674 -78 0
674 -79 0
674 -80 0
674 -81 0
674 -82 0
674 -83 0
675 -84 0
675 -85 0
675 -86 0
675 -87 0
675 -88 0
675 -89 0
675 -90 0
675 -91 0
675 -92 0
675 -93 0
675 -94 0
675 -95 0
675 -96 0
675 -97 0
675 -98 0
675 -99 0
675 -100 0
675 -101 0
675 -102 0
675 -103 0
675 -104 0
675 -105 0
675 -106 0
675 -107 0
675 -108 0
674 -109 0
673 -110 0
672 -111 0
671 -111 0
670 -111 0
671 -111 0
672 -111 0
673 -111 0
674 -110 0
674 -109 0
675 -108 0
675 -107 0
675 -106 0
675 -105 0
675 -104 0
675 -103 0
675 -102 0
675 -101 0
675 -100 0
675 -99 0
675 -98 0
675 -97 0
675 -96 0
675 -95 0
675 -94 0
675 -93 0
675 -92 0
675 -91 0
675 -90 0
675 -89 0
675 -88 0
675 -87 0
675 -86 0
675 -85 0
675 -84 0
674 -83 0
674 -82 0
674 -81 0
674 -80 0
674 -79 0
674 -78 0
674 -77 0
674 -76 0
674 -75 0
674 -74 0
674 -73 0
674 -72 0
674 -71 0
674 -70 0
674 -69 0
674 -68 0
674 -67 0
674 -66 0
674 -65 0
673 -64 0
673 -63 0
673 -62 0
673 -61 0
674 -60 0
674 -59 0
674 -58 0
674 -57 0
673 -56 0
673 -55 0
673 -54 0
673 -53 0
673 -52 0
673 -51 0
673 -50 0
673 -49 0
673 -48 0
673 -47 0
673 -46 0
673 -45 0
673 -44 0
673 -43 0
673 -42 0
673 -41 0
673 -40 0
673 -39 0
673 -38 0
673 -37 0
673 -36 0
673 -35 0
673 -34 0
673 -33 0
673 -32 0
673 -31 0
673 -30 0
673 -29 0
672 -28 0
672 -27 0
672 -26 0
672 -25 0
672 -24 0
672 -23 0
672 -22 0
672 -21 0
672 -20 0
672 -19 0
672 -18 0
672 -17 0
672 -16 0
672 -15 0
672 -14 0
672 -13 0
672 -12 0
672 -11 0
672 -10 0
672 -9 0
672 -8 0
672 -7 0
672 -6 0
672 -5 0
672 -4 0
672 -3 0
672 -2 0
672 -1 0
671 0 0
671 1 0
671 2 0
671 3 0
671 4 0
671 5 0
671 6 0
671 7 0
671 8 0
671 9 0
671 10 0
671 11 0
671 12 0
671 13 0
671 14 0
671 15 0
671 16 0
671 17 0
671 18 0
671 19 0
671 20 0
671 21 0
671 22 0
671 23 0
671 24 0
671 25 0
671 26 0
671 27 0
671 28 0
671 29 0
671 30 0
671 31 0
671 32 0
671 33 0
671 34 0
671 35 0
670 36 0
670 37 0
670 38 0
670 39 0
670 40 0
670 41 0
670 42 0
670 43 0
670 44 0
670 45 0
670 46 0
670 47 0
670 48 0
670 49 0
670 50 0
670 51 0
670 52 0
670 53 0
670 54 0
670 55 0
670 56 0
670 57 0
670 58 0
670 59 0
670 60 0
670 61 0
670 62 0
670 63 0
670 64 0
670 65 0
670 66 0
669 67 0
669 68 0
669 69 0
669 70 0
669 71 0
669 72 0
669 73 0
669 74 0
669 75 0
669 76 0
669 77 0
669 78 0
669 79 0
669 80 0
669 81 0
669 82 0
669 83 0
669 84 0
669 85 0
669 86 0
669 87 0
669 88 0
669 89 0
669 90 0
669 91 0
669 92 0
669 93 0
669 94 0
669 95 0
669 96 0
669 97 0
669 98 0
669 99 0
669 100 0
669 101 0
669 102 0
669 103 0
669 104 0
669 105 0
669 106 0
668 107 0
668 108 0
668 109 0
668 110 0
668 111 0
668 112 0
668 113 0
668 114 0
668 115 0
668 116 0
668 117 0
668 118 0
668 119 0
668 120 0
668 121 0
668 122 0
668 123 0
668 124 0
668 125 0
668 126 0
668 127 0
668 128 0
668 129 0
668 130 0
668 131 0
668 132 0
668 133 0
668 134 0
668 135 0
668 136 0
668 137 0
668 138 0
668 139 0
668 140 0
668 141 0
668 142 0
668 143 0
668 144 0
668 145 0
668 146 0
668 147 0
668 148 0
667 149 0
667 150 0
667 151 0
668 152 0
667 153 0
667 154 0
667 155 0
667 156 0
667 157 0
667 158 0
667 159 0
667 160 0
667 161 0
667 162 0
667 163 0
667 164 0
667 165 0
667 166 0
667 167 0
667 168 0
667 169 0
667 170 0
667 171 0
667 172 0
667 173 0
667 174 0
667 175 0
667 176 0
667 177 0
667 178 0
667 179 0
667 180 0
667 181 0
667 182 0
667 183 0
667 184 0
667 185 0
667 186 0
667 187 0
667 188 0
667 189 0
667 190 0
667 191 0
667 192 0
667 193 0
667 194 0
667 195 0
667 196 0
667 197 0
667 198 0
667 199 0
667 200 0
667 201 0
667 202 0
667 203 0
667 204 0
667 205 0
667 206 0
667 207 0
666 208 0
666 209 0
666 210 0
666 211 0
666 212 0
666 213 0
666 214 0
666 215 0
666 216 0
666 217 0
666 218 0
666 219 0
666 220 0
666 221 0
666 222 0
666 223 0
666 224 0
666 225 0
666 226 0
666 227 0
666 228 0
666 229 0
666 230 0
666 231 0
666 232 0
666 233 0
666 234 0
666 235 0
666 236 0
666 237 0
666 238 0
666 239 0
666 240 0
666 241 0
666 242 0
666 243 0
666 244 0
666 245 0
666 246 0
666 247 0
666 248 0
666 249 0
666 250 0
666 251 0
666 252 0
666 253 0
666 254 0
666 255 0
666 256 0
666 257 0
666 258 0
666 259 0
666 260 0
666 261 0
666 262 0
666 263 0
666 264 0
666 265 0
666 266 0
666 267 0
665 268 0
665 269 0
665 270 0
665 271 0
665 272 0
666 273 0
666 274 0
666 275 0
666 276 0
666 277 0
665 278 0
665 279 0
665 280 0
665 281 0
665 282 0
665 283 0
665 284 0
665 285 0
665 286 0
665 287 0
665 288 0
665 289 0
665 290 0
665 291 0
665 292 0
665 293 0
665 294 0
665 295 0
665 296 0
665 297 0
665 298 0
665 299 0
665 300 0
665 301 0
665 302 0
665 303 0
665 304 0
665 305 0
665 306 0
665 307 0
665 308 0
665 309 0
665 310 0
665 311 0
665 312 0
665 313 0
665 314 0
665 315 0
665 316 0
665 317 0
665 318 0
665 319 0
665 320 0
665 321 0
665 322 0
665 323 0
665 324 0
665 325 0
665 326 0
665 327 0
665 328 0
665 329 0
665 330 0
665 331 0
665 332 0
665 333 0
665 334 0
665 335 0
665 336 0
665 337 0
665 338 0
665 339 0
665 340 0
665 341 0
665 342 0
665 343 0
665 344 0
665 345 0
665 346 0
665 347 0
665 348 0
665 349 0
665 350 0
665 351 0
665 352 0
665 353 0
664 354 0
664 355 0
664 356 0
664 357 0
665 358 0
664 359 0
664 360 0
664 361 0
664 362 0
664 363 0
664 364 0
664 365 0
664 366 0
664 367 0
664 368 0
664 369 0
664 370 0
664 371 0
664 372 0
664 373 0
663 374 0
663 375 0
663 376 0
662 377 0
661 378 0
660 378 0
659 379 0
658 379 0
657 379 0
656 380 0
655 380 0
654 380 0
653 381 0
652 381 0
651 381 0
650 381 0
649 381 0
648 382 0
647 382 0
646 382 0
645 382 0
644 383 0
643 383 0
642 383 0
641 383 0
640 383 0
639 383 0
638 383 0
637 383 0
636 383 0
635 384 0
634 384 0
633 384 0
632 384 0
631 384 0
630 384 0
629 384 0
628 384 0
627 384 0
626 384 0
625 384 0
624 384 0
623 384 0
622 384 0
621 384 0
620 384 0
619 384 0
618 384 0
617 384 0
616 384 0
615 384 0
614 384 0
613 384 0
612 384 0
611 384 0
610 384 0
609 385 0
608 385 0
607 385 0
606 385 0
605 385 0
604 385 0
603 384 0
602 384 0
601 384 0
600 384 0
599 384 0
598 384 0
597 384 0
596 384 0
595 384 0
594 384 0
593 384 0
592 384 0
591 384 0
590 384 0
589 384 0
588 384 0
587 384 0
586 384 0
585 384 0
584 384 0
583 384 0
582 384 0
581 384 0
580 384 0
579 384 0
578 384 0
577 384 0
576 384 0
575 384 0
574 384 0
573 384 0
572 384 0
571 384 0
570 384 0
569 384 0
568 384 0
567 384 0
566 384 0
565 384 0
564 384 0
563 383 0
562 384 0
561 384 0
560 383 0
559 383 0
558 383 0
557 383 0
556 383 0
555 383 0
554 383 0
553 383 0
552 383 0
551 383 0
550 383 0
549 383 0
548 383 0
547 383 0
546 383 0
545 383 0
544 383 0
543 383 0
542 383 0
541 383 0
540 383 0
539 383 0
538 383 0
537 383 0
536 383 0
535 383 0
534 383 0
533 383 0
532 383 0
531 383 0
530 383 0
529 382 0
528 382 0
527 382 0
526 382 0
525 382 0
524 382 0
523 382 0
522 382 0
521 382 0
520 382 0
519 382 0
518 382 0
517 382 0
516 382 0
515 382 0
514 382 0
513 382 0
512 382 0
511 382 0
510 382 0
509 382 0
508 382 0
507 382 0
506 382 0
505 382 0
504 382 0
503 382 0
502 382 0
501 382 0
500 382 0
499 382 0
498 382 0
497 382 0
496 382 0
495 382 0
494 382 0
493 382 0
492 382 0
491 382 0
490 382 0
489 382 0
488 382 0
487 382 0
486 382 0
485 382 0
484 382 0
483 382 0
482 382 0
481 382 0
480 382 0
479 382 0
478 382 0
477 381 0
476 381 0
475 381 0
474 381 0
473 381 0
472 381 0
471 381 0
470 381 0
469 381 0
468 381 0
467 381 0
466 381 0
465 381 0
464 381 0
463 381 0
462 381 0
461 381 0
460 381 0
459 381 0
458 381 0
457 381 0
456 381 0
455 381 0
454 381 0
453 381 0
452 381 0
451 381 0
450 381 0
449 381 0
448 381 0
447 381 0
446 381 0
445 381 0
444 381 0
443 381 0
442 381 0
441 381 0
440 381 0
439 381 0
438 381 0
437 381 0
436 381 0
435 381 0
434 381 0
433 381 0
432 380 0
431 380 0
430 380 0
429 380 0
428 380 0
427 380 0
426 380 0
425 380 0
424 380 0
423 380 0
422 380 0
421 380 0
420 380 0
419 380 0
418 380 0
417 380 0
416 380 0
415 380 0
414 380 0
413 380 0
412 380 0
411 380 0
410 380 0
409 380 0
408 380 0
407 380 0
406 380 0
405 380 0
404 380 0
403 380 0
402 380 0
401 380 0
400 380 0
399 380 0
398 380 0
397 380 0
396 380 0
395 380 0
394 380 0
393 380 0
392 380 0
391 380 0
390 380 0
389 380 0
388 380 0
387 380 0
386 380 0
385 380 0
384 380 0
383 380 0
382 380 0
381 380 0
380 381 0
380 382 0
380 383 0
380 384 0
380 385 0
380 386 0
380 387 0
380 388 0
380 389 0
380 390 0
380 391 0
380 392 0
380 393 0
380 394 0
380 395 0
380 396 0
380 397 0
380 398 0
380 399 0
380 400 0
380 401 0
380 402 0
380 403 0
379 404 0
379 405 0
379 406 0
379 407 0
378 408 0
378 409 0
377 410 0
376 411 0
375 412 0
374 412 0
373 413 0
372 414 0
371 414 0
370 415 0
369 415 0
368 416 0
367 416 0
366 416 0
365 417 0
364 417 0
363 417 0
362 417 0
361 418 0
360 418 0
359 418 0
358 418 0
357 418 0
356 418 0
355 418 0
354 418 0
353 418 0
352 419 0
351 419 0
350 419 0
349 419 0
348 419 0
347 419 0
346 419 0
345 419 0
344 419 0
343 419 0
342 419 0
341 419 0
340 419 0
339 419 0
338 419 0
337 419 0
336 419 0
335 419 0
