511 172 0
512 171 0
513 170 0
514 169 0
514 168 0
515 167 0
516 166 0
516 165 0
516 164 0
517 163 0
517 162 0
517 161 0
517 160 0
517 159 0
518 158 0
518 157 0
519 156 0
519 155 0
520 154 0
520 153 0
521 152 0
521 151 0
522 150 0
522 149 0
523 148 0
523 147 0
524 146 0
525 145 0
525 144 0
525 143 0
526 142 0
526 141 0
527 140 0
527 139 0
528 138 0
529 137 0
529 136 0
530 135 0
530 134 0
531 133 0
532 132 0
532 131 0
532 130 0
533 129 0
533 128 0
534 127 0
534 126 0
534 125 0
534 124 0
535 123 0
535 122 0
536 121 0
536 120 0
536 119 0
537 118 0
538 117 0
538 116 0
539 115 0
539 114 0
539 113 0
540 112 0
540 111 0
540 110 0
541 109 0
542 108 0
542 107 0
543 106 0
543 105 0
544 104 0
544 103 0
545 102 0
545 101 0
545 100 0
546 99 0
546 98 0
547 97 0
547 96 0
547 95 0
548 94 0
549 93 0
549 92 0
550 91 0
550 90 0
551 89 0
551 88 0
552 87 0
552 86 0
553 85 0
552 86 0
552 87 0
552 88 0
551 89 0
550 90 0
550 91 0
549 92 0
549 93 0
549 94 0
548 95 0
547 96 0
547 97 0
547 98 0
546 99 0
546 100 0
545 101 0
545 102 0
545 103 0
544 104 0
544 105 0
543 106 0
543 107 0
542 108 0
542 109 0
541 110 0
540 111 0
540 112 0
539 113 0
539 114 0
539 115 0
538 116 0
538 117 0
538 118 0
537 119 0
536 120 0
536 121 0
536 122 0
535 123 0
535 124 0
534 125 0
534 126 0
534 127 0
533 128 0
533 129 0
533 130 0
532 131 0
532 132 0
531 133 0
531 134 0
530 135 0
530 136 0
529 137 0
528 138 0
528 139 0
527 140 0
527 141 0
526 142 0
526 143 0
525 144 0
525 145 0
524 146 0
523 147 0
523 148 0
523 149 0
522 150 0
522 151 0
521 152 0
520 153 0
520 154 0
520 155 0
519 156 0
519 157 0
518 158 0
517 159 0
517 160 0
517 161 0
517 162 0
517 163 0
516 164 0
516 165 0
516 166 0
516 167 0
515 168 0
514 169 0
514 170 0
513 171 0
512 172 0
465 279 0
466 280 0
467 280 0
468 279 0
469 278 0
469 277 0
469 276 0
469 275 0
469 274 0
469 273 0
470 272 0
470 271 0
470 270 0
471 269 0
471 268 0
471 267 0
472 266 0
472 265 0
472 264 0
473 263 0
473 262 0
473 261 0
472 260 0
473 261 0
474 260 0
475 259 0
475 258 0
475 257 0
475 256 0
476 255 0
476 254 0
476 253 0
476 252 0
476 251 0
476 250 0
476 249 0
476 248 0
476 247 0
476 246 0
476 245 0
476 244 0
477 243 0
478 242 0
478 241 0
479 240 0
479 239 0
478 238 0
478 237 0
478 236 0
479 235 0
479 234 0
480 233 0
480 232 0
480 231 0
481 230 0
481 229 0
481 228 0
482 227 0
482 226 0
483 225 0
483 224 0
483 223 0
484 222 0
484 221 0
484 220 0
485 219 0
485 218 0
486 217 0
486 216 0
486 215 0
487 214 0
487 213 0
486 212 0
485 213 0
484 214 0
483 215 0
483 216 0
482 217 0
482 218 0
481 219 0
481 220 0
481 221 0
480 222 0
480 223 0
480 224 0
479 225 0
479 226 0
479 227 0
478 228 0
478 229 0
477 230 0
477 231 0
477 232 0
476 233 0
476 234 0
475 235 0
475 236 0
475 237 0
475 238 0
474 239 0
474 240 0
474 241 0
474 242 0
473 243 0
473 244 0
473 245 0
473 246 0
472 247 0
472 248 0
472 249 0
472 250 0
472 251 0
471 252 0
471 253 0
471 254 0
470 255 0
470 256 0
470 257 0
470 258 0
470 259 0
470 260 0
470 261 0
469 262 0
469 263 0
469 264 0
468 265 0
468 266 0
468 267 0
467 268 0
467 269 0
467 270 0
467 271 0
467 272 0
466 273 0
466 274 0
466 275 0
466 276 0
465 277 0
465 278 0
426 397 0
426 396 0
427 395 0
428 394 0
428 393 0
429 392 0
430 391 0
431 390 0
431 389 0
431 388 0
432 387 0
433 386 0
434 385 0
435 384 0
435 383 0
436 382 0
437 381 0
437 380 0
438 379 0
438 378 0
439 377 0
439 376 0
440 375 0
440 374 0
441 373 0
441 372 0
442 371 0
442 370 0
443 369 0
443 368 0
443 367 0
444 366 0
444 365 0
445 364 0
445 363 0
446 362 0
446 361 0
447 360 0
447 359 0
448 358 0
448 357 0
448 356 0
449 355 0
449 354 0
450 353 0
450 352 0
450 353 0
449 354 0
449 355 0
449 356 0
448 357 0
448 358 0
447 359 0
447 360 0
446 361 0
446 362 0
445 363 0
445 364 0
445 365 0
444 366 0
443 367 0
443 368 0
443 369 0
442 370 0
442 371 0
442 372 0
441 373 0
441 374 0
440 375 0
440 376 0
439 377 0
439 378 0
438 379 0
438 380 0
437 381 0
436 382 0
436 383 0
435 384 0
435 385 0
434 386 0
433 387 0
432 388 0
431 389 0
431 390 0
431 391 0
430 392 0
429 392 0
428 393 0
428 394 0
428 395 0
427 396 0
362 437 0
363 437 0
364 437 0
365 437 0
366 437 0
367 437 0
368 437 0
369 437 0
370 437 0
371 437 0
372 437 0
373 437 0
374 437 0
375 437 0
376 436 0
377 436 0
378 436 0
379 436 0
380 436 0
381 436 0
382 436 0
383 436 0
384 436 0
385 435 0
386 435 0
387 435 0
388 434 0
389 434 0
390 434 0
391 433 0
392 433 0
393 432 0
394 432 0
395 432 0
396 431 0
397 430 0
396 429 0
395 429 0
394 429 0
395 429 0
396 429 0
397 428 0
398 427 0
399 427 0
400 426 0
401 425 0
402 424 0
403 423 0
404 422 0
405 421 0
405 420 0
406 419 0
407 418 0
408 417 0
409 416 0
409 415 0
410 414 0
411 413 0
412 412 0
412 411 0
412 410 0
413 409 0
413 408 0
414 407 0
414 406 0
415 405 0
415 404 0
416 403 0
417 402 0
417 401 0
418 400 0
419 399 0
419 398 0
420 397 0
421 396 0
421 395 0
421 394 0
422 393 0
422 392 0
423 391 0
424 390 0
424 389 0
425 388 0
425 387 0
426 386 0
426 385 0
427 384 0
427 383 0
428 382 0
428 381 0
429 380 0
429 379 0
430 378 0
430 377 0
431 376 0
431 375 0
432 374 0
432 373 0
433 372 0
433 371 0
434 370 0
434 369 0
435 368 0
435 367 0
436 366 0
436 365 0
436 364 0
437 363 0
437 362 0
438 361 0
438 360 0
439 359 0
440 358 0
440 357 0
440 356 0
440 355 0
441 354 0
441 353 0
442 352 0
442 351 0
443 350 0
443 349 0
444 348 0
444 347 0
445 346 0
445 345 0
446 344 0
446 343 0
446 342 0
446 341 0
447 340 0
447 339 0
447 338 0
448 337 0
448 336 0
449 335 0
449 334 0
450 333 0
450 332 0
451 331 0
451 330 0
451 329 0
452 328 0
452 327 0
452 326 0
453 325 0
453 324 0
453 323 0
453 322 0
454 321 0
454 320 0
454 319 0
454 318 0
455 317 0
455 316 0
455 315 0
455 314 0
456 313 0
456 312 0
456 311 0
456 310 0
457 309 0
457 308 0
457 307 0
457 306 0
458 305 0
458 304 0
458 303 0
458 302 0
459 301 0
459 300 0
459 299 0
460 298 0
460 297 0
460 296 0
460 295 0
461 294 0
461 293 0
461 292 0
461 291 0
462 290 0
462 289 0
462 288 0
463 287 0
463 286 0
463 285 0
463 284 0
464 283 0
464 282 0
464 281 0
465 280 0
465 279 0
465 278 0
465 277 0
466 276 0
466 275 0
466 274 0
466 273 0
467 272 0
467 271 0
467 270 0
467 269 0
467 268 0
468 267 0
468 266 0
468 265 0
468 264 0
469 263 0
469 262 0
470 261 0
470 260 0
470 259 0
470 258 0
470 257 0
470 256 0
470 255 0
471 254 0
471 253 0
471 252 0
472 251 0
472 250 0
472 249 0
472 248 0
472 247 0
473 246 0
473 245 0
473 244 0
473 243 0
473 242 0
474 241 0
474 240 0
474 239 0
475 238 0
475 237 0
475 236 0
475 235 0
476 234 0
476 233 0
477 232 0
477 231 0
477 230 0
478 229 0
478 228 0
478 227 0
479 226 0
479 225 0
479 224 0
480 223 0
480 222 0
481 221 0
481 220 0
481 219 0
481 218 0
482 217 0
482 216 0
483 215 0
483 214 0
484 213 0
485 213 0
486 212 0
487 212 0
488 212 0
489 212 0
490 211 0
491 211 0
492 211 0
493 210 0
494 209 0
494 208 0
495 207 0
495 206 0
496 205 0
496 204 0
496 203 0
496 202 0
497 201 0
497 200 0
497 199 0
497 198 0
497 197 0
497 196 0
497 195 0
497 194 0
497 193 0
497 192 0
497 191 0
497 190 0
498 189 0
499 188 0
499 187 0
500 186 0
501 185 0
502 184 0
502 183 0
503 182 0
503 181 0
504 180 0
504 179 0
505 178 0
506 177 0
507 176 0
507 175 0
508 174 0
509 174 0
510 174 0
511 174 0
511 175 0
512 176 0
513 175 0
514 174 0
515 173 0
515 172 0
516 171 0
517 170 0
517 169 0
518 168 0
518 167 0
519 166 0
519 165 0
519 164 0
520 163 0
520 162 0
520 161 0
520 160 0
521 159 0
521 158 0
522 157 0
522 156 0
523 155 0
523 154 0
523 153 0
524 152 0
525 151 0
525 150 0
526 149 0
526 148 0
527 147 0
527 146 0
528 145 0
528 144 0
529 143 0
529 142 0
530 141 0
530 140 0
531 139 0
531 138 0
532 137 0
533 136 0
533 135 0
534 134 0
534 133 0
535 132 0
535 131 0
536 130 0
536 129 0
536 128 0
537 127 0
537 126 0
537 125 0
538 124 0
539 123 0
539 122 0
539 121 0
540 120 0
540 119 0
541 118 0
541 117 0
541 116 0
542 115 0
542 114 0
543 113 0
543 112 0
543 111 0
544 110 0
544 109 0
545 108 0
546 107 0
546 106 0
547 105 0
547 104 0
548 103 0
548 102 0
548 101 0
549 100 0
549 99 0
550 98 0
550 97 0
551 96 0
551 95 0
552 94 0
552 93 0
552 92 0
553 91 0
553 90 0
554 89 0
555 88 0
555 87 0
556 86 0
555 87 0
555 88 0
554 89 0
554 90 0
553 91 0
553 92 0
552 93 0
552 94 0
551 95 0
551 96 0
550 97 0
550 98 0
549 99 0
549 100 0
549 101 0
548 102 0
548 103 0
547 104 0
547 105 0
546 106 0
546 107 0
545 108 0
545 109 0
544 110 0
544 111 0
543 112 0
543 113 0
543 114 0
542 115 0
542 116 0
541 117 0
541 118 0
541 119 0
540 120 0
539 121 0
539 122 0
539 123 0
538 124 0
537 125 0
537 126 0
537 127 0
537 128 0
536 129 0
536 130 0
535 131 0
535 132 0
535 133 0
534 134 0
534 135 0
533 136 0
533 137 0
532 138 0
531 139 0
531 140 0
530 141 0
530 142 0
529 143 0
529 144 0
528 145 0
528 146 0
527 147 0
527 148 0
526 149 0
526 150 0
525 151 0
525 152 0
524 153 0
523 154 0
523 155 0
522 156 0
522 157 0
521 158 0
521 159 0
521 160 0
520 161 0
520 162 0
520 163 0
519 164 0
519 165 0
519 166 0
519 167 0
518 168 0
518 169 0
517 170 0
517 171 0
516 172 0
515 173 0
515 174 0
514 174 0
513 175 0
512 176 0
511 177 0
510 177 0
509 178 0
509 179 0
508 180 0
507 181 0
507 182 0
506 183 0
506 184 0
505 185 0
504 186 0
504 187 0
503 188 0
502 189 0
502 190 0
501 191 0
500 192 0
500 193 0
500 194 0
500 195 0
500 196 0
500 197 0
500 198 0
500 199 0
500 200 0
500 201 0
500 202 0
499 203 0
499 204 0
499 205 0
499 206 0
498 207 0
498 208 0
497 209 0
497 210 0
497 211 0
496 212 0
495 213 0
494 213 0
493 214 0
492 214 0
491 214 0
490 214 0
491 214 0
492 214 0
493 214 0
494 213 0
495 212 0
496 211 0
497 210 0
497 209 0
498 208 0
498 207 0
498 206 0
499 205 0
499 204 0
499 203 0
500 202 0
500 201 0
500 200 0
500 199 0
500 198 0
500 197 0
500 196 0
500 195 0
500 194 0
500 193 0
500 192 0
500 191 0
501 190 0
502 189 0
502 188 0
503 187 0
504 186 0
504 185 0
505 184 0
506 183 0
506 182 0
507 181 0
507 180 0
508 179 0
509 178 0
509 177 0
510 177 0
511 176 0
511 175 0
510 174 0
509 174 0
508 175 0
507 176 0
507 177 0
506 178 0
505 179 0
504 180 0
504 181 0
503 182 0
503 183 0
502 184 0
502 185 0
501 186 0
500 187 0
499 188 0
499 189 0
498 190 0
497 191 0
497 192 0
497 193 0
497 194 0
497 195 0
497 196 0
497 197 0
497 198 0
497 199 0
497 200 0
497 201 0
496 202 0
496 203 0
496 204 0
496 205 0
495 206 0
495 207 0
495 208 0
494 209 0
493 210 0
493 211 0
492 211 0
491 211 0
490 212 0
489 212 0
488 212 0
487 213 0
487 214 0
487 215 0
486 216 0
486 217 0
486 218 0
485 219 0
485 220 0
484 221 0
484 222 0
483 223 0
483 224 0
483 225 0
482 226 0
482 227 0
481 228 0
481 229 0
481 230 0
480 231 0
480 232 0
480 233 0
479 234 0
479 235 0
479 236 0
478 237 0
478 238 0
479 239 0
479 240 0
478 241 0
478 242 0
477 243 0
476 244 0
476 245 0
476 246 0
476 247 0
476 248 0
476 249 0
476 250 0
476 251 0
476 252 0
476 253 0
476 254 0
476 255 0
475 256 0
475 257 0
475 258 0
475 259 0
474 260 0
473 261 0
473 262 0
473 263 0
473 264 0
472 265 0
472 266 0
471 267 0
471 268 0
471 269 0
470 270 0
470 271 0
470 272 0
470 273 0
469 274 0
469 275 0
469 276 0
469 277 0
469 278 0
468 279 0
468 280 0
467 281 0
467 282 0
467 283 0
466 284 0
466 285 0
466 286 0
466 287 0
465 288 0
465 289 0
465 290 0
464 291 0
464 292 0
464 293 0
464 294 0
463 295 0
463 296 0
463 297 0
463 298 0
462 299 0
462 300 0
462 301 0
462 302 0
461 303 0
461 304 0
461 305 0
461 306 0
460 307 0
460 308 0
460 309 0
460 310 0
459 311 0
459 312 0
459 313 0
459 314 0
458 315 0
458 316 0
458 317 0
458 318 0
457 319 0
457 320 0
457 321 0
457 322 0
456 323 0
456 324 0
456 325 0
456 326 0
455 327 0
455 328 0
454 329 0
454 330 0
454 331 0
454 332 0
453 333 0
453 334 0
452 335 0
452 336 0
452 337 0
451 338 0
451 339 0
450 340 0
450 341 0
449 342 0
449 343 0
449 344 0
448 345 0
448 346 0
448 347 0
447 348 0
447 349 0
447 350 0
446 351 0
446 352 0
445 353 0
445 354 0
444 355 0
444 356 0
443 357 0
443 358 0
443 359 0
442 360 0
442 361 0
441 362 0
441 363 0
440 364 0
440 365 0
439 366 0
439 367 0
438 368 0
438 369 0
437 370 0
437 371 0
437 372 0
436 373 0
436 374 0
435 375 0
435 376 0
434 377 0
434 378 0
434 379 0
433 380 0
432 381 0
432 382 0
431 383 0
430 384 0
430 385 0
430 386 0
429 387 0
429 388 0
428 389 0
427 390 0
427 391 0
426 392 0
426 393 0
425 394 0
426 393 0
426 392 0
427 391 0
427 390 0
428 389 0
428 388 0
429 387 0
429 386 0
430 385 0
430 384 0
431 383 0
432 382 0
432 381 0
432 380 0
433 379 0
434 378 0
434 377 0
435 376 0
435 375 0
435 374 0
436 373 0
436 372 0
437 371 0
437 370 0
438 369 0
438 368 0
438 367 0
439 366 0
440 365 0
440 364 0
440 363 0
441 362 0
441 361 0
442 360 0
442 359 0
443 358 0
443 357 0
444 356 0
444 355 0
445 354 0
445 353 0
445 352 0
446 351 0
446 350 0
447 349 0
447 348 0
448 347 0
448 346 0
448 345 0
449 344 0
449 343 0
449 342 0
450 341 0
450 340 0
450 339 0
451 338 0
451 337 0
452 336 0
452 335 0
453 334 0
453 333 0
454 332 0
454 331 0
454 330 0
454 329 0
455 328 0
455 327 0
456 326 0
456 325 0
456 324 0
456 323 0
457 322 0
457 321 0
457 320 0
457 319 0
458 318 0
458 317 0
458 316 0
458 315 0
459 314 0
459 313 0
459 312 0
459 311 0
460 310 0
460 309 0
460 308 0
460 307 0
461 306 0
461 305 0
461 304 0
461 303 0
462 302 0
462 301 0
462 300 0
462 299 0
463 298 0
463 297 0
463 296 0
463 295 0
464 294 0
464 293 0
464 292 0
464 291 0
465 290 0
465 289 0
465 288 0
466 287 0
466 286 0
466 285 0
466 284 0
467 283 0
467 282 0
467 281 0
466 280 0
465 281 0
464 282 0
464 283 0
463 284 0
463 285 0
463 286 0
463 287 0
462 288 0
462 289 0
462 290 0
461 291 0
461 292 0
461 293 0
461 294 0
460 295 0
460 296 0
460 297 0
460 298 0
460 299 0
459 300 0
459 301 0
459 302 0
458 303 0
458 304 0
458 305 0
457 306 0
457 307 0
457 308 0
457 309 0
456 310 0
456 311 0
456 312 0
456 313 0
455 314 0
455 315 0
455 316 0
455 317 0
454 318 0
454 319 0
454 320 0
454 321 0
453 322 0
453 323 0
453 324 0
453 325 0
453 326 0
452 327 0
452 328 0
451 329 0
451 330 0
451 331 0
450 332 0
450 333 0
450 334 0
449 335 0
449 336 0
448 337 0
448 338 0
447 339 0
447 340 0
446 341 0
446 342 0
446 343 0
446 344 0
445 345 0
445 346 0
445 347 0
444 348 0
444 349 0
443 350 0
443 351 0
442 352 0
442 353 0
441 354 0
441 355 0
440 356 0
440 357 0
440 358 0
439 359 0
439 360 0
438 361 0
437 362 0
437 363 0
437 364 0
436 365 0
436 366 0
435 367 0
435 368 0
434 369 0
434 370 0
434 371 0
433 372 0
432 373 0
432 374 0
432 375 0
431 376 0
431 377 0
430 378 0
429 379 0
429 380 0
429 381 0
428 382 0
428 383 0
427 384 0
427 385 0
426 386 0
426 387 0
425 388 0
425 389 0
424 390 0
424 391 0
423 392 0
422 393 0
422 394 0
421 395 0
421 396 0
421 397 0
420 398 0
419 399 0
419 400 0
418 401 0
417 402 0
417 403 0
416 404 0
415 405 0
415 406 0
414 407 0
414 408 0
413 409 0
413 410 0
412 411 0
412 412 0
411 413 0
411 414 0
410 415 0
409 416 0
409 417 0
408 418 0
407 419 0
406 420 0
405 421 0
405 422 0
404 423 0
403 424 0
402 425 0
401 426 0
400 426 0
399 427 0
398 427 0
397 428 0
396 429 0
397 430 0
398 430 0
399 430 0
400 429 0
401 429 0
402 428 0
403 428 0
404 427 0
404 426 0
405 425 0
406 424 0
407 423 0
408 423 0
409 422 0
409 421 0
410 420 0
411 419 0
411 418 0
412 417 0
413 416 0
413 415 0
414 414 0
414 413 0
415 412 0
415 411 0
416 410 0
416 409 0
417 408 0
417 407 0
418 406 0
418 405 0
419 404 0
420 403 0
421 402 0
421 401 0
422 400 0
422 399 0
423 398 0
424 397 0
424 396 0
424 397 0
424 398 0
423 399 0
422 400 0
422 401 0
421 402 0
421 403 0
420 404 0
419 405 0
418 406 0
418 407 0
417 408 0
417 409 0
416 410 0
416 411 0
415 412 0
415 413 0
414 414 0
414 415 0
413 416 0
413 417 0
412 418 0
411 419 0
411 420 0
410 421 0
409 422 0
409 423 0
408 423 0
407 424 0
406 425 0
405 426 0
404 427 0
403 428 0
402 428 0
401 429 0
400 430 0
399 430 0
398 430 0
397 431 0
396 431 0
395 432 0
394 432 0
393 432 0
392 433 0
391 433 0
390 434 0
389 434 0
388 435 0
387 435 0
386 435 0
385 435 0
384 436 0
383 436 0
382 436 0
381 436 0
380 436 0
379 436 0
378 436 0
377 436 0
376 436 0
375 437 0
374 437 0
373 437 0
372 437 0
371 437 0
370 437 0
369 437 0
368 437 0
367 437 0
366 437 0
365 437 0
364 437 0
363 437 0
