522 149 0
522 148 0
523 147 0
524 146 0
524 145 0
525 144 0
525 143 0
526 142 0
527 141 0
527 140 0
528 139 0
528 138 0
529 137 0
530 136 0
530 135 0
531 134 0
532 133 0
533 132 0
533 131 0
534 130 0
534 129 0
535 128 0
535 127 0
536 126 0
537 125 0
537 124 0
538 123 0
538 122 0
539 121 0
539 120 0
540 119 0
541 118 0
540 119 0
540 120 0
539 121 0
539 122 0
538 123 0
538 124 0
537 125 0
537 126 0
536 127 0
535 128 0
535 129 0
534 130 0
534 131 0
533 132 0
533 133 0
532 134 0
531 135 0
530 136 0
530 137 0
529 138 0
528 139 0
528 140 0
527 141 0
526 142 0
526 143 0
525 144 0
525 145 0
524 146 0
524 147 0
523 148 0
442 379 0
442 378 0
443 377 0
443 376 0
444 375 0
444 374 0
444 373 0
445 372 0
445 371 0
446 370 0
446 369 0
447 368 0
447 367 0
448 366 0
448 365 0
448 364 0
448 363 0
449 362 0
449 361 0
450 360 0
450 359 0
451 358 0
451 357 0
452 356 0
452 355 0
452 354 0
452 353 0
453 352 0
453 351 0
453 350 0
453 349 0
454 348 0
454 347 0
454 346 0
454 345 0
455 344 0
455 343 0
455 342 0
456 341 0
456 340 0
456 339 0
457 338 0
457 337 0
457 336 0
457 335 0
458 334 0
458 333 0
458 332 0
459 331 0
459 330 0
459 329 0
459 328 0
460 327 0
460 326 0
460 325 0
460 324 0
460 323 0
460 322 0
461 321 0
461 320 0
461 319 0
461 318 0
461 317 0
461 316 0
462 315 0
462 314 0
462 313 0
462 312 0
462 311 0
463 310 0
463 309 0
463 308 0
463 307 0
463 306 0
464 305 0
464 304 0
464 303 0
464 302 0
464 301 0
464 300 0
465 299 0
465 298 0
465 297 0
465 296 0
466 295 0
466 294 0
466 293 0
466 292 0
466 291 0
467 290 0
467 289 0
467 288 0
467 287 0
468 286 0
468 285 0
468 284 0
468 283 0
469 282 0
469 281 0
469 280 0
469 279 0
469 278 0
470 277 0
470 276 0
470 275 0
471 274 0
471 273 0
471 272 0
471 271 0
471 270 0
472 269 0
472 268 0
472 267 0
472 266 0
473 265 0
473 264 0
473 263 0
473 262 0
473 261 0
474 260 0
474 259 0
474 258 0
474 257 0
475 256 0
475 255 0
475 254 0
475 253 0
476 252 0
476 251 0
476 250 0
476 249 0
476 248 0
476 247 0
476 246 0
477 245 0
477 244 0
477 243 0
477 242 0
477 241 0
478 240 0
478 239 0
478 238 0
478 237 0
479 236 0
479 235 0
479 234 0
480 233 0
480 232 0
480 231 0
480 230 0
481 229 0
481 228 0
481 227 0
482 226 0
482 225 0
483 224 0
483 223 0
483 222 0
483 221 0
484 220 0
484 219 0
485 218 0
485 217 0
485 216 0
486 215 0
486 214 0
487 213 0
488 212 0
487 211 0
486 210 0
485 211 0
484 212 0
484 213 0
483 214 0
483 215 0
482 216 0
482 217 0
481 218 0
481 219 0
481 220 0
480 221 0
480 222 0
479 223 0
479 224 0
479 225 0
478 226 0
478 227 0
478 228 0
477 229 0
477 230 0
477 231 0
476 232 0
476 233 0
475 234 0
475 235 0
475 236 0
475 237 0
475 238 0
475 239 0
474 240 0
474 241 0
474 242 0
474 243 0
473 244 0
473 245 0
473 246 0
473 247 0
472 248 0
472 249 0
472 250 0
472 251 0
472 252 0
472 253 0
471 254 0
471 255 0
471 256 0
471 257 0
471 258 0
470 259 0
470 260 0
470 261 0
470 262 0
470 263 0
469 264 0
469 265 0
469 266 0
469 267 0
469 268 0
468 269 0
468 270 0
468 271 0
468 272 0
467 273 0
467 274 0
467 275 0
467 276 0
466 277 0
466 278 0
466 279 0
466 280 0
466 281 0
465 282 0
465 283 0
465 284 0
464 285 0
464 286 0
464 287 0
463 288 0
463 289 0
463 290 0
463 291 0
463 292 0
463 293 0
463 294 0
462 295 0
462 296 0
462 297 0
462 298 0
461 299 0
461 300 0
461 301 0
461 302 0
461 303 0
461 304 0
460 305 0
460 306 0
460 307 0
460 308 0
460 309 0
460 310 0
459 311 0
459 312 0
459 313 0
459 314 0
459 315 0
458 316 0
458 317 0
458 318 0
458 319 0
458 320 0
458 321 0
457 322 0
457 323 0
457 324 0
457 325 0
457 326 0
457 327 0
456 328 0
456 329 0
456 330 0
456 331 0
455 332 0
455 333 0
455 334 0
455 335 0
455 336 0
454 337 0
454 338 0
454 339 0
453 340 0
453 341 0
453 342 0
452 343 0
452 344 0
452 345 0
451 346 0
451 347 0
451 348 0
451 349 0
450 350 0
450 351 0
450 352 0
450 353 0
449 354 0
449 355 0
449 356 0
448 357 0
448 358 0
447 359 0
447 360 0
447 361 0
446 362 0
446 363 0
445 364 0
445 365 0
445 366 0
445 365 0
445 364 0
446 363 0
446 362 0
447 361 0
447 360 0
447 359 0
448 358 0
448 357 0
449 356 0
449 355 0
449 354 0
450 353 0
450 352 0
450 351 0
450 350 0
451 349 0
451 348 0
451 347 0
451 346 0
452 345 0
452 344 0
452 343 0
453 342 0
453 341 0
453 340 0
454 339 0
454 338 0
454 337 0
455 336 0
455 335 0
455 334 0
455 333 0
455 332 0
456 331 0
456 330 0
456 329 0
456 328 0
456 327 0
457 326 0
457 325 0
457 324 0
457 323 0
457 322 0
458 321 0
458 320 0
458 319 0
458 318 0
458 317 0
458 316 0
459 315 0
459 314 0
459 313 0
459 312 0
459 311 0
460 310 0
460 309 0
460 308 0
460 307 0
460 306 0
460 305 0
461 304 0
461 303 0
461 302 0
461 301 0
461 300 0
461 299 0
462 298 0
462 297 0
462 296 0
462 295 0
463 294 0
463 293 0
463 292 0
463 291 0
463 290 0
463 289 0
463 288 0
464 287 0
464 286 0
464 285 0
465 284 0
465 283 0
465 282 0
466 281 0
466 280 0
466 279 0
466 278 0
466 277 0
467 276 0
467 275 0
467 274 0
467 273 0
468 272 0
468 271 0
468 270 0
468 269 0
469 268 0
469 267 0
469 266 0
469 265 0
469 264 0
470 263 0
470 262 0
470 261 0
470 260 0
470 259 0
471 258 0
471 257 0
471 256 0
471 255 0
471 254 0
472 253 0
472 252 0
472 251 0
472 250 0
472 249 0
472 248 0
473 247 0
473 246 0
473 245 0
473 244 0
474 243 0
474 242 0
474 241 0
474 240 0
475 239 0
475 238 0
475 237 0
475 236 0
475 235 0
475 234 0
476 233 0
476 232 0
477 231 0
477 230 0
477 229 0
478 228 0
478 227 0
478 226 0
479 225 0
479 224 0
479 223 0
480 222 0
480 221 0
480 220 0
481 219 0
481 218 0
481 217 0
482 216 0
482 215 0
483 214 0
483 213 0
484 212 0
484 211 0
485 211 0
486 210 0
487 210 0
488 210 0
489 210 0
490 209 0
491 209 0
492 208 0
493 207 0
494 206 0
495 205 0
495 204 0
496 203 0
496 202 0
496 201 0
496 200 0
496 199 0
496 198 0
496 197 0
496 196 0
496 195 0
496 194 0
496 193 0
497 192 0
497 191 0
497 190 0
497 189 0
497 188 0
498 187 0
498 186 0
499 185 0
500 184 0
500 183 0
501 182 0
502 181 0
502 180 0
503 179 0
503 178 0
504 177 0
505 176 0
505 175 0
506 174 0
506 173 0
507 172 0
508 171 0
509 170 0
510 170 0
511 170 0
512 170 0
513 169 0
514 168 0
514 167 0
515 166 0
516 165 0
516 164 0
516 163 0
517 162 0
518 161 0
518 160 0
518 159 0
518 158 0
518 157 0
518 156 0
519 155 0
519 154 0
519 153 0
520 152 0
520 153 0
519 154 0
519 155 0
518 156 0
518 157 0
518 158 0
518 159 0
518 160 0
518 161 0
517 162 0
517 163 0
516 164 0
516 165 0
515 166 0
515 167 0
514 168 0
514 169 0
513 170 0
512 170 0
511 170 0
510 170 0
509 171 0
508 172 0
507 173 0
506 174 0
506 175 0
505 176 0
505 177 0
504 178 0
503 179 0
503 180 0
502 181 0
501 182 0
501 183 0
500 184 0
500 185 0
499 186 0
498 187 0
497 188 0
497 189 0
497 190 0
497 191 0
497 192 0
496 193 0
496 194 0
496 195 0
496 196 0
496 197 0
496 198 0
496 199 0
496 200 0
496 201 0
496 202 0
496 203 0
495 204 0
495 205 0
495 206 0
494 207 0
493 208 0
492 209 0
491 209 0
490 209 0
489 210 0
488 210 0
487 211 0
488 212 0
489 212 0
490 212 0
491 212 0
492 211 0
493 211 0
494 211 0
495 210 0
496 209 0
497 208 0
497 207 0
498 206 0
498 205 0
499 204 0
499 203 0
499 202 0
499 201 0
499 200 0
499 199 0
499 198 0
500 197 0
500 196 0
500 195 0
500 194 0
500 193 0
500 192 0
500 191 0
500 190 0
500 189 0
501 188 0
501 187 0
502 186 0
503 185 0
504 184 0
504 183 0
505 182 0
505 181 0
506 180 0
506 179 0
507 178 0
508 177 0
508 176 0
509 175 0
509 174 0
510 173 0
511 173 0
512 173 0
513 172 0
514 172 0
515 171 0
516 170 0
517 169 0
517 168 0
518 167 0
518 166 0
519 165 0
519 164 0
520 163 0
520 162 0
521 161 0
521 160 0
521 159 0
521 158 0
521 157 0
521 156 0
522 155 0
522 154 0
523 153 0
524 152 0
524 151 0
525 150 0
525 149 0
526 148 0
527 147 0
527 146 0
528 145 0
528 144 0
529 143 0
530 142 0
530 141 0
531 140 0
532 139 0
533 138 0
533 137 0
534 136 0
534 135 0
535 134 0
536 133 0
536 132 0
537 131 0
538 130 0
538 129 0
539 128 0
539 127 0
540 126 0
540 125 0
541 124 0
541 123 0
542 122 0
543 121 0
543 120 0
544 119 0
544 118 0
545 117 0
545 116 0
546 115 0
546 114 0
547 113 0
547 112 0
548 111 0
548 110 0
549 109 0
549 108 0
550 107 0
550 106 0
551 105 0
551 104 0
551 103 0
552 102 0
552 101 0
552 100 0
553 99 0
553 98 0
553 97 0
554 96 0
554 95 0
555 94 0
555 93 0
556 93 0
555 94 0
554 95 0
554 96 0
553 97 0
553 98 0
553 99 0
553 100 0
552 101 0
552 102 0
552 103 0
551 104 0
551 105 0
550 106 0
550 107 0
550 108 0
549 109 0
548 110 0
548 111 0
548 112 0
547 113 0
547 114 0
546 115 0
546 116 0
545 117 0
545 118 0
544 119 0
544 120 0
543 121 0
543 122 0
542 123 0
541 124 0
541 125 0
540 126 0
540 127 0
539 128 0
539 129 0
538 130 0
538 131 0
537 132 0
536 133 0
536 134 0
535 135 0
534 136 0
534 137 0
533 138 0
532 139 0
532 140 0
531 141 0
530 142 0
530 143 0
529 144 0
528 145 0
528 146 0
527 147 0
526 148 0
526 149 0
525 150 0
525 151 0
524 152 0
524 153 0
523 153 0
522 154 0
522 155 0
521 156 0
521 157 0
521 158 0
521 159 0
521 160 0
521 161 0
520 162 0
520 163 0
520 164 0
519 165 0
519 166 0
518 167 0
517 168 0
517 169 0
517 170 0
516 171 0
515 172 0
514 172 0
513 172 0
512 173 0
511 173 0
510 174 0
509 175 0
509 176 0
508 177 0
508 178 0
507 179 0
506 180 0
506 181 0
505 182 0
505 183 0
504 184 0
504 185 0
503 186 0
502 187 0
501 188 0
501 189 0
500 190 0
500 191 0
500 192 0
500 193 0
500 194 0
500 195 0
500 196 0
500 197 0
499 198 0
499 199 0
499 200 0
499 201 0
499 202 0
499 203 0
499 204 0
498 205 0
498 206 0
498 207 0
497 208 0
497 209 0
496 210 0
495 210 0
494 211 0
493 211 0
492 211 0
491 212 0
490 212 0
489 212 0
488 213 0
487 214 0
486 215 0
486 216 0
485 217 0
485 218 0
484 219 0
484 220 0
483 221 0
483 222 0
483 223 0
483 224 0
482 225 0
482 226 0
481 227 0
481 228 0
481 229 0
480 230 0
480 231 0
480 232 0
480 233 0
479 234 0
479 235 0
479 236 0
478 237 0
478 238 0
478 239 0
478 240 0
477 241 0
477 242 0
477 243 0
477 244 0
477 245 0
476 246 0
476 247 0
476 248 0
476 249 0
476 250 0
476 251 0
476 252 0
475 253 0
475 254 0
475 255 0
475 256 0
474 257 0
474 258 0
474 259 0
474 260 0
473 261 0
473 262 0
473 263 0
473 264 0
473 265 0
472 266 0
472 267 0
472 268 0
472 269 0
471 270 0
471 271 0
471 272 0
471 273 0
471 274 0
470 275 0
470 276 0
470 277 0
469 278 0
469 279 0
469 280 0
469 281 0
469 282 0
468 283 0
468 284 0
468 285 0
468 286 0
467 287 0
467 288 0
467 289 0
467 290 0
466 291 0
466 292 0
466 293 0
466 294 0
466 295 0
465 296 0
465 297 0
465 298 0
465 299 0
464 300 0
464 301 0
464 302 0
464 303 0
464 304 0
464 305 0
463 306 0
463 307 0
463 308 0
463 309 0
463 310 0
462 311 0
462 312 0
462 313 0
462 314 0
462 315 0
461 316 0
461 317 0
461 318 0
461 319 0
461 320 0
461 321 0
460 322 0
460 323 0
460 324 0
460 325 0
460 326 0
460 327 0
459 328 0
459 329 0
459 330 0
459 331 0
458 332 0
458 333 0
458 334 0
458 335 0
457 336 0
457 337 0
457 338 0
457 339 0
456 340 0
456 341 0
455 342 0
455 343 0
455 344 0
454 345 0
454 346 0
454 347 0
454 348 0
453 349 0
453 350 0
453 351 0
453 352 0
453 353 0
452 354 0
452 355 0
452 356 0
451 357 0
451 358 0
451 359 0
450 360 0
450 361 0
449 362 0
449 363 0
448 364 0
448 365 0
448 366 0
447 367 0
447 368 0
447 369 0
446 370 0
446 371 0
445 372 0
445 373 0
444 374 0
444 375 0
443 376 0
443 377 0
442 378 0
397 429 0
398 428 0
399 428 0
400 428 0
401 427 0
402 427 0
403 426 0
404 426 0
405 425 0
406 424 0
407 424 0
408 423 0
409 423 0
410 422 0
411 421 0
412 420 0
413 419 0
414 418 0
415 418 0
416 417 0
417 416 0
418 415 0
419 414 0
420 413 0
421 412 0
422 411 0
423 410 0
424 409 0
424 408 0
425 407 0
426 406 0
425 407 0
425 408 0
424 409 0
423 410 0
422 411 0
422 412 0
421 413 0
420 414 0
419 415 0
418 416 0
417 417 0
416 417 0
415 418 0
414 419 0
413 420 0
412 421 0
411 421 0
410 422 0
409 423 0
408 423 0
407 424 0
406 425 0
405 425 0
404 426 0
403 426 0
402 427 0
401 427 0
400 428 0
399 428 0
398 428 0
389 434 0
390 435 0
391 434 0
390 433 0
378 435 0
379 435 0
380 435 0
381 435 0
382 435 0
383 435 0
384 435 0
385 434 0
386 434 0
387 434 0
388 434 0
389 434 0
390 433 0
390 432 0
391 432 0
390 433 0
391 434 0
392 434 0
393 433 0
394 433 0
395 433 0
396 432 0
397 432 0
398 431 0
399 431 0
400 430 0
401 430 0
402 429 0
403 429 0
404 429 0
405 428 0
406 427 0
407 427 0
408 426 0
409 426 0
410 425 0
411 424 0
412 424 0
413 423 0
414 422 0
415 421 0
416 421 0
417 420 0
418 419 0
419 418 0
420 417 0
421 416 0
422 415 0
423 414 0
424 413 0
425 412 0
425 411 0
426 410 0
427 409 0
428 408 0
428 407 0
429 406 0
429 405 0
430 404 0
430 403 0
431 402 0
432 401 0
432 400 0
433 399 0
433 398 0
433 397 0
434 396 0
434 395 0
434 396 0
433 397 0
433 398 0
433 399 0
433 400 0
432 401 0
431 402 0
431 403 0
430 404 0
430 405 0
429 406 0
429 407 0
428 408 0
427 409 0
427 410 0
426 411 0
425 412 0
425 413 0
424 414 0
423 415 0
422 416 0
421 417 0
420 418 0
419 419 0
418 420 0
417 421 0
416 421 0
415 422 0
414 423 0
413 424 0
412 424 0
411 425 0
410 426 0
409 426 0
408 427 0
407 427 0
406 428 0
405 428 0
404 429 0
403 429 0
402 430 0
401 430 0
400 430 0
399 431 0
398 431 0
397 432 0
396 433 0
395 433 0
394 433 0
393 434 0
392 434 0
391 434 0
390 435 0
389 434 0
388 434 0
387 434 0
386 434 0
385 434 0
384 435 0
383 435 0
382 435 0
381 435 0
380 435 0
379 435 0
