496 204 0
496 203 0
496 202 0
497 201 0
497 200 0
497 199 0
496 198 0
497 197 0
497 196 0
497 195 0
497 194 0
497 193 0
497 192 0
498 191 0
498 190 0
498 189 0
499 188 0
499 187 0
500 186 0
500 185 0
500 184 0
501 183 0
502 182 0
502 181 0
502 180 0
502 179 0
503 178 0
503 177 0
504 176 0
504 175 0
505 174 0
505 173 0
506 172 0
506 171 0
506 170 0
507 169 0
508 168 0
508 167 0
508 166 0
509 165 0
509 164 0
510 163 0
511 162 0
512 161 0
513 161 0
514 160 0
515 159 0
516 159 0
517 158 0
518 157 0
519 156 0
519 155 0
519 154 0
519 153 0
520 152 0
520 151 0
520 150 0
520 149 0
520 148 0
520 147 0
521 146 0
522 145 0
522 144 0
523 143 0
524 142 0
524 141 0
525 140 0
525 139 0
526 138 0
527 137 0
527 136 0
528 135 0
528 136 0
527 137 0
527 138 0
526 139 0
525 140 0
525 141 0
524 142 0
524 143 0
523 144 0
522 145 0
522 146 0
521 147 0
520 148 0
520 149 0
520 150 0
520 151 0
520 152 0
520 153 0
519 154 0
519 155 0
520 156 0
519 157 0
518 158 0
517 159 0
516 159 0
515 160 0
514 161 0
513 161 0
512 162 0
511 163 0
510 164 0
509 165 0
509 166 0
508 167 0
508 168 0
507 169 0
507 170 0
506 171 0
506 172 0
506 173 0
505 174 0
505 175 0
504 176 0
504 177 0
503 178 0
502 179 0
502 180 0
502 181 0
502 182 0
501 183 0
501 184 0
500 185 0
500 186 0
500 187 0
499 188 0
498 189 0
498 190 0
498 191 0
497 192 0
497 193 0
497 194 0
497 195 0
497 196 0
497 197 0
496 198 0
497 199 0
497 200 0
497 201 0
496 202 0
496 203 0
498 206 0
498 205 0
498 204 0
499 203 0
499 202 0
499 201 0
499 200 0
500 199 0
500 198 0
500 197 0
500 196 0
500 195 0
500 194 0
500 193 0
500 192 0
501 191 0
501 190 0
502 189 0
502 188 0
503 187 0
503 186 0
504 185 0
504 184 0
504 183 0
505 182 0
505 181 0
505 180 0
506 179 0
506 178 0
507 177 0
507 176 0
508 175 0
508 174 0
509 173 0
509 172 0
509 171 0
510 170 0
510 169 0
511 168 0
511 167 0
512 166 0
512 165 0
513 164 0
514 163 0
515 163 0
516 162 0
517 162 0
518 161 0
519 160 0
520 159 0
521 158 0
522 157 0
522 156 0
522 155 0
523 154 0
523 153 0
523 152 0
523 151 0
523 150 0
523 149 0
524 148 0
524 147 0
525 146 0
525 145 0
526 144 0
527 143 0
527 142 0
528 141 0
528 140 0
529 139 0
530 138 0
531 137 0
532 136 0
532 135 0
532 136 0
532 137 0
531 138 0
530 139 0
529 140 0
528 141 0
528 142 0
527 143 0
527 144 0
526 145 0
525 146 0
525 147 0
524 148 0
524 149 0
523 150 0
523 151 0
523 152 0
523 153 0
523 154 0
522 155 0
522 156 0
522 157 0
521 158 0
521 159 0
520 160 0
519 161 0
518 162 0
517 162 0
516 162 0
515 163 0
514 164 0
513 165 0
512 166 0
512 167 0
511 168 0
511 169 0
510 170 0
509 171 0
509 172 0
509 173 0
508 174 0
508 175 0
508 176 0
507 177 0
507 178 0
506 179 0
506 180 0
505 181 0
505 182 0
505 183 0
504 184 0
504 185 0
503 186 0
503 187 0
502 188 0
502 189 0
501 190 0
501 191 0
500 192 0
500 193 0
500 194 0
500 195 0
500 196 0
500 197 0
500 198 0
500 199 0
499 200 0
499 201 0
499 202 0
499 203 0
499 204 0
498 205 0
398 430 0
399 430 0
400 429 0
401 428 0
402 428 0
403 427 0
404 427 0
405 426 0
406 426 0
407 426 0
408 425 0
409 424 0
410 423 0
411 423 0
412 422 0
413 422 0
414 421 0
415 420 0
416 420 0
417 419 0
418 418 0
419 418 0
420 417 0
421 416 0
422 415 0
423 414 0
424 413 0
425 412 0
426 411 0
427 410 0
428 410 0
429 409 0
430 408 0
431 407 0
431 406 0
432 405 0
433 404 0
434 403 0
435 402 0
436 401 0
436 400 0
437 399 0
438 398 0
439 397 0
439 396 0
440 395 0
440 394 0
441 393 0
442 392 0
442 391 0
443 390 0
443 389 0
444 388 0
445 387 0
445 386 0
446 385 0
446 384 0
446 383 0
447 382 0
447 381 0
448 380 0
448 379 0
448 378 0
449 377 0
449 376 0
450 375 0
450 374 0
450 373 0
451 372 0
451 371 0
451 370 0
452 369 0
452 368 0
453 367 0
453 366 0
453 365 0
453 364 0
454 363 0
454 362 0
454 361 0
454 360 0
455 359 0
455 358 0
455 357 0
455 356 0
455 355 0
456 354 0
456 353 0
456 352 0
456 351 0
456 350 0
457 349 0
457 348 0
457 347 0
457 346 0
457 345 0
457 344 0
458 343 0
458 342 0
458 341 0
458 340 0
459 339 0
459 338 0
459 337 0
459 336 0
459 335 0
460 334 0
460 333 0
460 332 0
460 331 0
460 330 0
461 329 0
461 328 0
461 327 0
461 326 0
461 325 0
461 324 0
461 323 0
462 322 0
462 321 0
462 320 0
462 319 0
462 318 0
462 317 0
461 316 0
460 317 0
460 318 0
460 319 0
459 320 0
460 319 0
460 318 0
460 317 0
460 316 0
461 316 0
462 315 0
463 314 0
463 313 0
463 312 0
463 311 0
463 310 0
464 309 0
464 308 0
464 307 0
464 306 0
464 305 0
465 304 0
465 303 0
465 302 0
465 301 0
465 300 0
465 299 0
465 298 0
465 297 0
466 296 0
466 295 0
466 294 0
466 293 0
467 292 0
467 291 0
467 290 0
467 289 0
468 288 0
468 287 0
468 286 0
468 285 0
468 284 0
469 283 0
469 282 0
469 281 0
469 280 0
469 279 0
469 278 0
470 277 0
470 276 0
470 275 0
470 274 0
470 273 0
470 272 0
471 271 0
471 270 0
471 269 0
471 268 0
472 267 0
472 266 0
472 265 0
472 264 0
472 263 0
472 262 0
473 261 0
473 260 0
473 259 0
473 258 0
473 257 0
473 256 0
474 255 0
474 254 0
474 253 0
474 252 0
475 251 0
475 250 0
475 249 0
475 248 0
476 247 0
476 246 0
476 245 0
476 244 0
477 243 0
477 242 0
477 241 0
478 240 0
478 239 0
478 238 0
479 237 0
479 236 0
479 235 0
480 234 0
480 233 0
480 232 0
481 231 0
481 232 0
480 233 0
480 234 0
479 235 0
479 236 0
479 237 0
479 238 0
478 239 0
478 240 0
477 241 0
477 242 0
477 243 0
477 244 0
476 245 0
476 246 0
476 247 0
475 248 0
475 249 0
475 250 0
475 251 0
474 252 0
474 253 0
474 254 0
474 255 0
473 256 0
473 257 0
473 258 0
473 259 0
473 260 0
473 261 0
472 262 0
472 263 0
472 264 0
472 265 0
472 266 0
472 267 0
471 268 0
471 269 0
471 270 0
471 271 0
470 272 0
470 273 0
470 274 0
470 275 0
470 276 0
470 277 0
469 278 0
469 279 0
469 280 0
469 281 0
469 282 0
469 283 0
468 284 0
468 285 0
468 286 0
468 287 0
468 288 0
467 289 0
467 290 0
467 291 0
467 292 0
466 293 0
466 294 0
466 295 0
466 296 0
465 297 0
465 298 0
465 299 0
465 300 0
465 301 0
465 302 0
465 303 0
465 304 0
464 305 0
464 306 0
464 307 0
464 308 0
464 309 0
463 310 0
463 311 0
463 312 0
463 313 0
463 314 0
463 315 0
462 316 0
462 317 0
462 318 0
462 319 0
462 320 0
462 321 0
462 322 0
461 323 0
461 324 0
461 325 0
461 326 0
461 327 0
461 328 0
461 329 0
460 330 0
460 331 0
460 332 0
460 333 0
460 334 0
459 335 0
459 336 0
459 337 0
459 338 0
459 339 0
458 340 0
458 341 0
458 342 0
458 343 0
457 344 0
457 345 0
457 346 0
457 347 0
457 348 0
457 349 0
456 350 0
456 351 0
456 352 0
456 353 0
456 354 0
455 355 0
455 356 0
455 357 0
455 358 0
455 359 0
454 360 0
454 361 0
454 362 0
454 363 0
453 364 0
453 365 0
453 366 0
453 367 0
452 368 0
452 369 0
451 370 0
451 371 0
451 372 0
450 373 0
450 374 0
450 375 0
449 376 0
449 377 0
449 378 0
448 379 0
448 380 0
447 381 0
447 382 0
446 383 0
446 384 0
446 385 0
445 386 0
445 387 0
444 388 0
443 389 0
443 390 0
443 391 0
442 392 0
442 393 0
441 394 0
440 395 0
440 396 0
439 397 0
439 398 0
438 399 0
437 400 0
436 401 0
436 402 0
435 403 0
434 404 0
433 405 0
432 406 0
431 407 0
431 408 0
430 409 0
429 410 0
428 410 0
427 411 0
426 412 0
425 413 0
424 414 0
423 415 0
422 416 0
421 417 0
420 417 0
419 418 0
418 419 0
417 419 0
416 420 0
415 421 0
414 421 0
413 422 0
412 423 0
411 423 0
410 424 0
409 424 0
408 425 0
407 426 0
406 426 0
405 427 0
404 427 0
403 428 0
402 428 0
401 429 0
400 429 0
399 430 0
387 435 0
388 435 0
389 434 0
390 434 0
391 434 0
392 434 0
393 433 0
394 433 0
395 433 0
396 433 0
397 433 0
398 433 0
399 433 0
400 432 0
401 431 0
402 431 0
403 430 0
404 430 0
405 430 0
406 429 0
407 428 0
408 428 0
409 427 0
410 427 0
411 426 0
412 426 0
413 425 0
414 424 0
415 424 0
416 423 0
417 422 0
418 422 0
419 421 0
420 420 0
421 420 0
422 419 0
423 418 0
424 417 0
425 416 0
426 415 0
427 415 0
428 414 0
429 413 0
430 412 0
431 411 0
432 410 0
433 409 0
434 408 0
435 407 0
436 406 0
437 405 0
437 404 0
438 403 0
439 402 0
440 401 0
441 400 0
441 399 0
442 398 0
443 397 0
443 396 0
444 395 0
445 394 0
445 393 0
446 392 0
446 391 0
446 390 0
447 389 0
447 388 0
448 387 0
449 386 0
449 385 0
450 384 0
450 383 0
450 382 0
451 381 0
451 380 0
452 379 0
452 378 0
452 377 0
453 376 0
453 375 0
453 374 0
454 373 0
454 372 0
454 371 0
455 370 0
455 369 0
455 368 0
456 367 0
456 366 0
456 365 0
457 364 0
457 363 0
457 362 0
457 361 0
458 360 0
458 359 0
458 358 0
458 357 0
459 356 0
459 355 0
459 354 0
459 353 0
459 352 0
459 351 0
459 350 0
460 349 0
460 348 0
460 347 0
460 346 0
460 345 0
461 344 0
461 343 0
461 342 0
461 341 0
462 340 0
462 339 0
462 338 0
462 337 0
462 336 0
463 335 0
463 334 0
463 333 0
463 332 0
463 331 0
464 330 0
464 329 0
464 328 0
464 327 0
464 326 0
464 325 0
465 324 0
465 323 0
465 322 0
465 321 0
465 320 0
465 319 0
465 318 0
465 317 0
465 316 0
466 315 0
466 314 0
466 313 0
466 312 0
466 311 0
466 310 0
467 309 0
467 308 0
467 307 0
467 306 0
468 305 0
468 304 0
468 303 0
468 302 0
468 301 0
468 300 0
468 299 0
468 298 0
469 297 0
469 296 0
469 295 0
469 294 0
470 293 0
470 292 0
470 291 0
470 290 0
471 289 0
471 288 0
471 287 0
471 286 0
471 285 0
471 284 0
472 283 0
472 282 0
472 281 0
472 280 0
472 279 0
473 278 0
473 277 0
473 276 0
473 275 0
473 274 0
473 273 0
474 272 0
474 271 0
475 270 0
475 269 0
475 268 0
475 267 0
476 266 0
476 265 0
476 264 0
477 263 0
477 262 0
477 261 0
478 260 0
478 259 0
478 258 0
478 257 0
478 256 0
479 255 0
479 254 0
479 253 0
479 252 0
478 251 0
478 250 0
478 249 0
479 248 0
479 247 0
479 246 0
479 245 0
480 244 0
480 243 0
480 242 0
481 241 0
481 240 0
482 239 0
482 238 0
482 237 0
482 236 0
483 235 0
483 234 0
483 233 0
484 232 0
484 231 0
485 230 0
485 229 0
485 228 0
486 227 0
486 226 0
486 225 0
487 224 0
488 223 0
488 222 0
488 221 0
489 220 0
489 219 0
490 218 0
490 217 0
491 216 0
491 215 0
492 214 0
492 213 0
493 212 0
493 211 0
493 210 0
493 209 0
492 208 0
491 208 0
490 209 0
490 210 0
489 211 0
489 212 0
489 213 0
488 214 0
488 215 0
487 216 0
487 217 0
487 218 0
486 219 0
486 220 0
485 221 0
485 222 0
484 223 0
484 224 0
483 225 0
483 226 0
482 227 0
482 228 0
481 229 0
480 229 0
479 229 0
480 229 0
481 228 0
482 227 0
483 226 0
483 225 0
483 224 0
484 223 0
484 222 0
485 221 0
486 220 0
486 219 0
486 218 0
487 217 0
487 216 0
487 215 0
488 214 0
488 213 0
489 212 0
489 211 0
490 210 0
490 209 0
490 208 0
491 208 0
492 208 0
493 208 0
494 207 0
493 208 0
493 209 0
494 210 0
495 209 0
496 209 0
495 209 0
494 210 0
493 211 0
493 212 0
492 213 0
492 214 0
491 215 0
491 216 0
491 217 0
490 218 0
490 219 0
489 220 0
489 221 0
488 222 0
488 223 0
488 224 0
487 224 0
486 225 0
486 226 0
486 227 0
486 228 0
485 229 0
485 230 0
484 231 0
484 232 0
483 233 0
483 234 0
483 235 0
483 236 0
482 237 0
482 238 0
482 239 0
481 240 0
481 241 0
480 242 0
480 243 0
480 244 0
479 245 0
479 246 0
479 247 0
479 248 0
478 249 0
478 250 0
478 251 0
479 252 0
479 253 0
479 254 0
479 255 0
478 256 0
478 257 0
478 258 0
478 259 0
478 260 0
477 261 0
477 262 0
477 263 0
476 264 0
476 265 0
476 266 0
475 267 0
475 268 0
475 269 0
475 270 0
474 271 0
474 272 0
473 273 0
473 274 0
473 275 0
473 276 0
473 277 0
473 278 0
472 279 0
472 280 0
472 281 0
472 282 0
472 283 0
471 284 0
471 285 0
471 286 0
471 287 0
471 288 0
471 289 0
470 290 0
470 291 0
470 292 0
470 293 0
469 294 0
469 295 0
469 296 0
469 297 0
468 298 0
468 299 0
468 300 0
468 301 0
468 302 0
468 303 0
468 304 0
468 305 0
467 306 0
467 307 0
467 308 0
467 309 0
466 310 0
466 311 0
466 312 0
466 313 0
466 314 0
466 315 0
465 316 0
465 317 0
465 318 0
465 319 0
465 320 0
465 321 0
465 322 0
465 323 0
465 324 0
464 325 0
464 326 0
464 327 0
464 328 0
464 329 0
464 330 0
463 331 0
463 332 0
463 333 0
463 334 0
463 335 0
462 336 0
462 337 0
462 338 0
462 339 0
462 340 0
461 341 0
461 342 0
461 343 0
461 344 0
460 345 0
460 346 0
460 347 0
460 348 0
460 349 0
459 350 0
459 351 0
459 352 0
459 353 0
459 354 0
459 355 0
459 356 0
458 357 0
458 358 0
458 359 0
458 360 0
457 361 0
457 362 0
457 363 0
457 364 0
456 365 0
456 366 0
456 367 0
456 368 0
455 369 0
455 370 0
455 371 0
454 372 0
454 373 0
453 374 0
453 375 0
453 376 0
452 377 0
452 378 0
452 379 0
451 380 0
451 381 0
451 382 0
450 383 0
450 384 0
449 385 0
449 386 0
449 387 0
448 388 0
447 389 0
447 390 0
446 391 0
446 392 0
445 393 0
445 394 0
445 395 0
444 396 0
443 397 0
443 398 0
442 399 0
441 400 0
441 401 0
440 402 0
439 403 0
438 404 0
437 405 0
437 406 0
436 407 0
435 408 0
434 409 0
433 410 0
432 411 0
431 412 0
430 413 0
429 414 0
428 415 0
427 415 0
426 416 0
425 417 0
424 418 0
423 419 0
422 420 0
421 420 0
420 421 0
419 422 0
418 422 0
417 423 0
416 424 0
415 424 0
414 425 0
413 426 0
412 426 0
411 427 0
410 427 0
409 428 0
408 428 0
407 429 0
406 430 0
405 430 0
404 430 0
403 431 0
402 431 0
401 432 0
400 432 0
399 433 0
398 433 0
397 433 0
396 433 0
395 433 0
394 433 0
393 433 0
392 434 0
391 434 0
390 434 0
389 434 0
388 435 0
