537 114 0
538 113 0
538 112 0
538 111 0
539 110 0
539 109 0
539 108 0
540 107 0
541 106 0
541 105 0
541 104 0
542 103 0
542 102 0
543 101 0
543 100 0
544 99 0
544 98 0
545 97 0
545 96 0
545 95 0
546 94 0
546 93 0
546 94 0
545 95 0
545 96 0
545 97 0
544 98 0
544 99 0
544 100 0
543 101 0
543 102 0
542 103 0
542 104 0
541 105 0
541 106 0
541 107 0
540 108 0
539 109 0
539 110 0
538 111 0
538 112 0
538 113 0
540 115 0
540 114 0
541 113 0
541 112 0
541 111 0
542 110 0
542 109 0
543 108 0
543 107 0
544 106 0
544 105 0
545 104 0
545 103 0
546 102 0
546 101 0
547 100 0
547 99 0
547 98 0
548 97 0
548 96 0
548 97 0
547 98 0
547 99 0
547 100 0
546 101 0
546 102 0
545 103 0
545 104 0
545 105 0
544 106 0
543 107 0
543 108 0
543 109 0
542 110 0
542 111 0
541 112 0
541 113 0
541 114 0
493 205 0
494 206 0
495 205 0
495 204 0
496 203 0
497 202 0
497 201 0
497 200 0
497 199 0
498 198 0
498 197 0
498 196 0
498 195 0
498 194 0
498 193 0
498 192 0
498 191 0
498 190 0
498 189 0
498 188 0
498 187 0
499 186 0
499 185 0
500 184 0
500 183 0
500 182 0
500 181 0
501 180 0
502 179 0
502 178 0
503 177 0
503 176 0
504 175 0
504 174 0
505 173 0
506 172 0
507 171 0
507 170 0
508 169 0
508 168 0
509 167 0
510 166 0
510 165 0
511 164 0
511 163 0
512 162 0
513 162 0
514 161 0
514 160 0
513 159 0
512 160 0
511 160 0
510 161 0
509 162 0
508 163 0
508 164 0
507 165 0
506 166 0
506 167 0
505 168 0
505 169 0
504 170 0
504 171 0
503 172 0
502 173 0
502 174 0
501 175 0
501 176 0
500 177 0
499 178 0
499 179 0
498 180 0
497 181 0
497 182 0
496 183 0
496 184 0
496 185 0
496 186 0
495 187 0
495 188 0
495 189 0
495 190 0
495 191 0
495 192 0
495 193 0
495 194 0
495 195 0
495 196 0
495 197 0
494 198 0
494 199 0
494 200 0
494 201 0
494 202 0
493 203 0
493 204 0
489 206 0
490 207 0
491 207 0
492 207 0
493 206 0
493 205 0
492 204 0
491 204 0
490 205 0
472 264 0
473 265 0
474 264 0
475 263 0
476 262 0
477 261 0
477 260 0
477 259 0
477 258 0
477 257 0
478 256 0
478 255 0
478 254 0
478 253 0
478 252 0
478 251 0
477 250 0
477 249 0
477 248 0
477 247 0
477 246 0
478 245 0
478 244 0
478 243 0
478 242 0
478 241 0
479 240 0
478 239 0
479 238 0
479 237 0
479 236 0
479 235 0
479 234 0
479 233 0
480 232 0
480 231 0
480 230 0
480 229 0
481 228 0
481 227 0
482 226 0
482 225 0
482 224 0
483 223 0
483 222 0
484 221 0
484 220 0
485 219 0
485 218 0
485 217 0
486 216 0
486 215 0
487 214 0
487 213 0
488 212 0
488 211 0
488 210 0
489 209 0
489 208 0
490 207 0
489 206 0
488 205 0
487 206 0
487 207 0
486 208 0
486 209 0
485 210 0
485 211 0
485 212 0
484 213 0
483 214 0
483 215 0
483 216 0
482 217 0
482 218 0
481 219 0
481 220 0
480 221 0
480 222 0
479 223 0
479 224 0
479 225 0
479 226 0
478 227 0
477 228 0
477 229 0
477 230 0
477 231 0
476 232 0
476 233 0
476 234 0
476 235 0
475 236 0
475 237 0
475 238 0
475 239 0
474 240 0
474 241 0
474 242 0
474 243 0
474 244 0
474 245 0
474 246 0
474 247 0
474 248 0
474 249 0
473 250 0
473 251 0
473 252 0
473 253 0
473 254 0
473 255 0
473 256 0
472 257 0
472 258 0
472 259 0
471 260 0
471 261 0
471 262 0
471 263 0
403 431 0
404 432 0
405 431 0
406 431 0
407 430 0
408 430 0
409 429 0
410 428 0
411 428 0
412 427 0
413 427 0
414 426 0
415 425 0
416 425 0
417 424 0
418 423 0
419 423 0
420 422 0
421 421 0
422 420 0
423 420 0
424 419 0
425 418 0
426 417 0
427 416 0
428 415 0
429 415 0
430 414 0
431 413 0
432 412 0
433 411 0
434 410 0
435 409 0
435 408 0
436 407 0
437 406 0
438 405 0
439 404 0
440 403 0
440 402 0
441 401 0
442 400 0
442 399 0
443 398 0
443 397 0
444 396 0
445 395 0
445 394 0
446 393 0
446 392 0
447 391 0
448 390 0
448 389 0
448 388 0
449 387 0
450 386 0
450 385 0
450 384 0
451 383 0
451 382 0
452 381 0
452 380 0
453 379 0
453 378 0
454 377 0
454 376 0
454 375 0
455 374 0
455 373 0
455 372 0
456 371 0
456 370 0
456 369 0
457 368 0
457 367 0
457 366 0
458 365 0
458 364 0
458 363 0
458 362 0
459 361 0
459 360 0
460 359 0
460 358 0
460 357 0
460 356 0
460 355 0
461 354 0
461 353 0
461 352 0
461 351 0
461 350 0
461 349 0
462 348 0
462 347 0
462 346 0
462 345 0
462 344 0
462 343 0
462 342 0
462 341 0
462 340 0
462 339 0
463 338 0
463 337 0
463 336 0
463 335 0
464 334 0
464 333 0
464 332 0
464 331 0
464 330 0
464 329 0
464 328 0
465 327 0
465 326 0
465 325 0
465 324 0
465 323 0
465 322 0
465 321 0
466 320 0
466 319 0
466 318 0
466 317 0
466 316 0
466 315 0
466 314 0
466 313 0
466 312 0
466 311 0
466 310 0
466 309 0
466 308 0
467 307 0
467 306 0
467 305 0
467 304 0
467 303 0
468 302 0
468 301 0
468 300 0
468 299 0
468 298 0
468 297 0
469 296 0
469 295 0
469 294 0
469 293 0
469 292 0
469 291 0
470 290 0
470 289 0
470 288 0
470 287 0
470 286 0
470 285 0
471 284 0
471 283 0
471 282 0
471 281 0
472 280 0
472 279 0
472 278 0
472 277 0
472 276 0
472 275 0
473 274 0
473 273 0
473 272 0
473 271 0
473 270 0
473 269 0
473 268 0
473 267 0
473 266 0
473 265 0
472 264 0
471 264 0
470 265 0
470 266 0
470 267 0
469 268 0
469 269 0
469 270 0
469 271 0
469 272 0
469 273 0
469 274 0
469 275 0
469 276 0
469 277 0
469 278 0
469 279 0
468 280 0
468 281 0
468 282 0
468 283 0
468 284 0
467 285 0
467 286 0
467 287 0
467 288 0
467 289 0
466 290 0
466 291 0
466 292 0
466 293 0
466 294 0
466 295 0
465 296 0
465 297 0
465 298 0
465 299 0
465 300 0
465 301 0
464 302 0
464 303 0
464 304 0
464 305 0
464 306 0
464 307 0
464 308 0
463 309 0
463 310 0
463 311 0
463 312 0
463 313 0
463 314 0
463 315 0
463 316 0
463 317 0
463 318 0
463 319 0
462 320 0
462 321 0
462 322 0
462 323 0
462 324 0
462 325 0
462 326 0
461 327 0
461 328 0
461 329 0
461 330 0
461 331 0
461 332 0
461 333 0
460 334 0
460 335 0
460 336 0
459 337 0
459 338 0
459 339 0
459 340 0
459 341 0
459 342 0
459 343 0
459 344 0
459 345 0
459 346 0
458 347 0
458 348 0
458 349 0
458 350 0
458 351 0
458 352 0
458 353 0
457 354 0
457 355 0
457 356 0
457 357 0
456 358 0
456 359 0
456 360 0
456 361 0
455 362 0
455 363 0
455 364 0
454 365 0
454 366 0
454 367 0
453 368 0
453 369 0
453 370 0
452 371 0
452 372 0
452 373 0
451 374 0
451 375 0
450 376 0
450 377 0
450 378 0
449 379 0
449 380 0
448 381 0
448 382 0
448 383 0
447 384 0
447 385 0
446 386 0
445 387 0
445 388 0
444 389 0
444 390 0
443 391 0
443 392 0
442 393 0
442 394 0
441 395 0
441 396 0
440 397 0
439 398 0
439 399 0
438 400 0
437 401 0
436 402 0
436 403 0
435 404 0
435 405 0
434 406 0
433 407 0
432 408 0
431 409 0
430 410 0
429 411 0
428 412 0
427 413 0
426 414 0
425 415 0
424 416 0
423 417 0
422 417 0
421 418 0
420 419 0
419 419 0
418 420 0
417 421 0
416 422 0
415 422 0
414 423 0
413 424 0
412 424 0
411 425 0
410 425 0
409 426 0
408 427 0
407 427 0
406 428 0
405 428 0
404 429 0
403 430 0
394 433 0
395 433 0
396 433 0
397 433 0
398 432 0
399 432 0
400 432 0
401 432 0
402 432 0
403 431 0
403 430 0
403 429 0
404 428 0
405 428 0
406 428 0
407 427 0
408 426 0
409 425 0
410 425 0
411 424 0
412 424 0
413 423 0
414 422 0
415 422 0
416 421 0
417 420 0
418 419 0
419 419 0
420 418 0
421 417 0
422 417 0
423 416 0
424 415 0
425 414 0
426 413 0
427 412 0
428 412 0
429 411 0
430 410 0
430 409 0
431 408 0
432 407 0
433 406 0
434 405 0
435 404 0
435 403 0
436 402 0
436 401 0
437 400 0
438 399 0
439 398 0
439 397 0
440 396 0
441 395 0
441 394 0
442 393 0
442 392 0
443 391 0
443 390 0
444 389 0
445 388 0
445 387 0
446 386 0
446 385 0
447 384 0
447 383 0
448 382 0
448 381 0
449 380 0
449 379 0
450 378 0
450 377 0
450 376 0
451 375 0
451 374 0
452 373 0
452 372 0
452 371 0
453 370 0
453 369 0
453 368 0
454 367 0
454 366 0
454 365 0
455 364 0
455 363 0
455 362 0
455 361 0
456 360 0
456 359 0
456 358 0
457 357 0
457 356 0
457 355 0
457 354 0
458 353 0
458 352 0
458 351 0
458 350 0
458 349 0
458 348 0
458 347 0
459 346 0
459 345 0
459 344 0
459 343 0
459 342 0
459 341 0
459 340 0
459 339 0
459 338 0
459 337 0
459 336 0
460 335 0
460 334 0
461 333 0
461 332 0
461 331 0
461 330 0
461 329 0
461 328 0
461 327 0
462 326 0
462 325 0
462 324 0
462 323 0
462 322 0
462 321 0
462 320 0
463 319 0
463 318 0
463 317 0
463 316 0
463 315 0
463 314 0
463 313 0
463 312 0
463 311 0
463 310 0
463 309 0
463 308 0
464 307 0
464 306 0
464 305 0
464 304 0
464 303 0
464 302 0
465 301 0
465 300 0
465 299 0
465 298 0
465 297 0
465 296 0
466 295 0
466 294 0
466 293 0
466 292 0
466 291 0
466 290 0
467 289 0
467 288 0
467 287 0
467 286 0
467 285 0
468 284 0
468 283 0
468 282 0
468 281 0
468 280 0
469 279 0
469 278 0
469 277 0
469 276 0
469 275 0
469 274 0
469 273 0
469 272 0
469 271 0
469 270 0
469 269 0
469 268 0
470 267 0
470 266 0
470 265 0
470 264 0
471 263 0
471 262 0
471 261 0
471 260 0
472 259 0
472 258 0
472 257 0
473 256 0
473 255 0
473 254 0
473 253 0
473 252 0
473 251 0
473 250 0
474 249 0
474 248 0
474 247 0
474 246 0
474 245 0
474 244 0
474 243 0
474 242 0
474 241 0
474 240 0
475 239 0
475 238 0
475 237 0
475 236 0
476 235 0
476 234 0
476 233 0
476 232 0
477 231 0
477 230 0
477 229 0
477 228 0
478 227 0
478 226 0
479 225 0
479 224 0
479 223 0
480 222 0
480 221 0
481 220 0
481 219 0
482 218 0
482 217 0
483 216 0
483 215 0
483 214 0
484 213 0
484 212 0
485 211 0
485 210 0
486 209 0
486 208 0
486 207 0
487 206 0
487 205 0
488 205 0
489 205 0
490 205 0
491 204 0
492 204 0
493 203 0
493 202 0
494 201 0
494 200 0
494 199 0
494 198 0
495 197 0
495 196 0
495 195 0
495 194 0
495 193 0
495 192 0
495 191 0
495 190 0
495 189 0
495 188 0
495 187 0
495 186 0
496 185 0
496 184 0
496 183 0
497 182 0
497 181 0
497 180 0
498 179 0
499 178 0
499 177 0
500 176 0
501 175 0
501 174 0
502 173 0
502 172 0
503 171 0
504 170 0
504 169 0
505 168 0
505 167 0
506 166 0
506 165 0
507 164 0
508 163 0
508 162 0
509 161 0
510 161 0
511 160 0
512 160 0
513 159 0
514 158 0
515 157 0
516 156 0
516 155 0
517 154 0
517 153 0
518 152 0
518 151 0
518 150 0
519 149 0
519 148 0
519 147 0
520 146 0
520 145 0
520 144 0
520 143 0
521 142 0
521 141 0
522 140 0
522 139 0
523 138 0
523 137 0
524 136 0
525 135 0
525 134 0
526 133 0
527 132 0
527 131 0
527 130 0
528 129 0
529 128 0
529 127 0
529 126 0
530 125 0
530 124 0
531 123 0
532 122 0
533 121 0
533 120 0
534 119 0
534 118 0
535 117 0
536 116 0
535 117 0
535 118 0
534 119 0
534 120 0
533 121 0
533 122 0
532 123 0
531 124 0
530 125 0
530 126 0
529 127 0
529 128 0
528 129 0
528 130 0
527 131 0
527 132 0
526 133 0
526 134 0
525 135 0
525 136 0
524 137 0
523 138 0
523 139 0
522 140 0
522 141 0
521 142 0
520 143 0
520 144 0
520 145 0
520 146 0
519 147 0
519 148 0
519 149 0
518 150 0
518 151 0
518 152 0
518 153 0
517 154 0
517 155 0
516 156 0
516 157 0
515 158 0
514 159 0
514 160 0
515 161 0
516 160 0
517 159 0
518 158 0
518 157 0
519 156 0
520 155 0
520 154 0
520 153 0
521 152 0
521 151 0
521 150 0
522 149 0
522 148 0
523 147 0
523 146 0
523 145 0
523 144 0
524 143 0
524 142 0
525 141 0
525 140 0
526 139 0
526 138 0
527 137 0
528 136 0
528 135 0
529 134 0
529 133 0
530 132 0
531 131 0
531 130 0
532 129 0
532 128 0
532 127 0
533 126 0
534 125 0
534 124 0
535 123 0
536 122 0
537 122 0
536 123 0
535 124 0
534 125 0
534 126 0
533 127 0
532 128 0
532 129 0
532 130 0
531 131 0
530 132 0
530 133 0
529 134 0
529 135 0
528 136 0
528 137 0
527 138 0
526 139 0
526 140 0
525 141 0
525 142 0
524 143 0
523 144 0
523 145 0
523 146 0
523 147 0
522 148 0
522 149 0
522 150 0
521 151 0
521 152 0
520 153 0
520 154 0
520 155 0
519 156 0
519 157 0
518 158 0
518 159 0
517 160 0
516 161 0
515 161 0
514 161 0
513 162 0
512 163 0
511 164 0
511 165 0
510 166 0
510 167 0
509 168 0
508 169 0
508 170 0
507 171 0
507 172 0
506 173 0
505 174 0
504 175 0
504 176 0
503 177 0
503 178 0
502 179 0
502 180 0
501 181 0
500 182 0
500 183 0
500 184 0
499 185 0
499 186 0
498 187 0
498 188 0
498 189 0
498 190 0
498 191 0
498 192 0
498 193 0
498 194 0
498 195 0
498 196 0
498 197 0
498 198 0
497 199 0
497 200 0
497 201 0
497 202 0
497 203 0
496 204 0
495 205 0
494 206 0
493 206 0
492 207 0
491 207 0
490 207 0
489 208 0
489 209 0
489 210 0
488 211 0
488 212 0
487 213 0
487 214 0
487 215 0
486 216 0
486 217 0
485 218 0
485 219 0
485 220 0
484 221 0
484 222 0
483 223 0
482 224 0
482 225 0
482 226 0
481 227 0
481 228 0
480 229 0
480 230 0
480 231 0
480 232 0
479 233 0
479 234 0
479 235 0
479 236 0
479 237 0
479 238 0
478 239 0
479 240 0
478 241 0
478 242 0
478 243 0
478 244 0
478 245 0
477 246 0
477 247 0
477 248 0
477 249 0
477 250 0
478 251 0
478 252 0
478 253 0
478 254 0
478 255 0
478 256 0
477 257 0
477 258 0
477 259 0
477 260 0
477 261 0
476 262 0
476 263 0
475 263 0
474 264 0
473 265 0
473 266 0
473 267 0
473 268 0
473 269 0
473 270 0
473 271 0
473 272 0
473 273 0
473 274 0
472 275 0
472 276 0
472 277 0
472 278 0
472 279 0
472 280 0
471 281 0
471 282 0
471 283 0
471 284 0
470 285 0
470 286 0
470 287 0
470 288 0
470 289 0
470 290 0
469 291 0
469 292 0
469 293 0
469 294 0
469 295 0
469 296 0
468 297 0
468 298 0
468 299 0
468 300 0
468 301 0
468 302 0
467 303 0
467 304 0
467 305 0
467 306 0
467 307 0
466 308 0
466 309 0
466 310 0
466 311 0
466 312 0
466 313 0
466 314 0
466 315 0
466 316 0
466 317 0
466 318 0
466 319 0
466 320 0
465 321 0
465 322 0
465 323 0
465 324 0
465 325 0
465 326 0
465 327 0
464 328 0
464 329 0
464 330 0
464 331 0
464 332 0
464 333 0
464 334 0
463 335 0
463 336 0
463 337 0
463 338 0
462 339 0
462 340 0
462 341 0
462 342 0
462 343 0
462 344 0
462 345 0
462 346 0
462 347 0
462 348 0
461 349 0
461 350 0
461 351 0
461 352 0
461 353 0
461 354 0
460 355 0
460 356 0
460 357 0
460 358 0
460 359 0
459 360 0
459 361 0
458 362 0
458 363 0
458 364 0
458 365 0
457 366 0
457 367 0
457 368 0
457 369 0
456 370 0
456 371 0
455 372 0
455 373 0
455 374 0
455 375 0
454 376 0
454 377 0
453 378 0
453 379 0
453 380 0
452 381 0
452 382 0
451 383 0
450 384 0
450 385 0
450 386 0
450 387 0
449 388 0
448 389 0
448 390 0
448 391 0
447 392 0
446 393 0
446 394 0
445 395 0
445 396 0
444 397 0
443 398 0
443 399 0
442 400 0
442 401 0
441 402 0
440 403 0
440 404 0
439 405 0
438 406 0
437 407 0
436 408 0
435 409 0
435 410 0
434 411 0
433 412 0
432 413 0
431 414 0
430 415 0
429 415 0
428 416 0
427 417 0
426 418 0
425 419 0
424 420 0
423 420 0
422 421 0
421 422 0
420 423 0
419 423 0
418 424 0
417 425 0
416 425 0
415 426 0
414 426 0
413 427 0
412 428 0
411 428 0
410 429 0
409 430 0
408 430 0
407 431 0
406 431 0
405 431 0
404 432 0
403 432 0
402 432 0
401 432 0
400 432 0
399 432 0
398 432 0
397 433 0
396 433 0
395 433 0
