495 206 0
496 205 0
496 204 0
496 203 0
496 202 0
497 201 0
497 200 0
497 199 0
497 198 0
497 197 0
497 196 0
497 195 0
497 194 0
497 193 0
498 192 0
498 191 0
498 190 0
498 189 0
499 188 0
500 187 0
500 186 0
501 185 0
501 184 0
502 183 0
503 182 0
503 181 0
504 180 0
504 179 0
505 178 0
506 177 0
507 176 0
507 175 0
508 174 0
509 174 0
510 173 0
511 172 0
512 171 0
513 170 0
513 169 0
514 168 0
514 167 0
515 166 0
515 165 0
515 164 0
516 163 0
516 162 0
516 161 0
517 160 0
517 159 0
517 158 0
518 157 0
519 156 0
519 155 0
519 154 0
520 153 0
521 152 0
521 153 0
522 154 0
523 154 0
524 153 0
525 152 0
525 151 0
526 150 0
527 149 0
527 148 0
528 147 0
528 146 0
529 145 0
530 144 0
531 143 0
531 142 0
532 141 0
533 140 0
533 139 0
534 138 0
535 137 0
536 136 0
536 135 0
537 134 0
537 133 0
538 132 0
539 131 0
539 130 0
539 129 0
540 128 0
541 127 0
541 126 0
542 125 0
542 124 0
543 123 0
543 122 0
544 121 0
544 120 0
545 119 0
545 118 0
546 117 0
546 116 0
546 115 0
547 114 0
547 113 0
547 112 0
548 111 0
548 110 0
548 109 0
549 108 0
549 107 0
549 106 0
549 105 0
549 104 0
549 103 0
549 102 0
549 101 0
549 100 0
549 99 0
550 98 0
551 97 0
551 98 0
550 99 0
549 100 0
549 101 0
549 102 0
549 103 0
549 104 0
549 105 0
549 106 0
549 107 0
549 108 0
548 109 0
548 110 0
548 111 0
547 112 0
547 113 0
547 114 0
547 115 0
546 116 0
546 117 0
545 118 0
545 119 0
544 120 0
544 121 0
544 122 0
543 123 0
543 124 0
542 125 0
542 126 0
541 127 0
541 128 0
540 129 0
539 130 0
539 131 0
538 132 0
537 133 0
537 134 0
536 135 0
536 136 0
535 137 0
535 138 0
534 139 0
533 140 0
533 141 0
532 142 0
531 143 0
531 144 0
530 145 0
529 146 0
528 147 0
528 148 0
527 149 0
527 150 0
526 151 0
525 152 0
525 153 0
524 154 0
523 154 0
522 155 0
522 156 0
522 157 0
521 158 0
521 159 0
520 160 0
520 161 0
519 162 0
518 163 0
518 164 0
518 165 0
518 164 0
518 163 0
518 162 0
519 161 0
520 160 0
520 159 0
521 158 0
521 157 0
522 156 0
522 155 0
522 154 0
521 153 0
520 154 0
519 155 0
519 156 0
518 157 0
518 158 0
517 159 0
517 160 0
516 161 0
516 162 0
516 163 0
515 164 0
515 165 0
515 166 0
514 167 0
514 168 0
514 169 0
513 170 0
513 171 0
512 172 0
511 173 0
510 174 0
509 174 0
508 175 0
507 176 0
507 177 0
506 178 0
505 179 0
504 180 0
504 181 0
503 182 0
503 183 0
502 184 0
501 185 0
501 186 0
500 187 0
499 188 0
499 189 0
498 190 0
498 191 0
498 192 0
497 193 0
497 194 0
497 195 0
497 196 0
497 197 0
497 198 0
497 199 0
497 200 0
497 201 0
496 202 0
496 203 0
496 204 0
496 205 0
497 208 0
497 207 0
498 206 0
498 205 0
499 204 0
499 203 0
499 202 0
500 201 0
500 200 0
500 199 0
500 198 0
500 197 0
500 196 0
500 195 0
500 194 0
500 193 0
501 192 0
501 191 0
501 190 0
502 189 0
503 188 0
503 187 0
504 186 0
504 185 0
505 184 0
506 183 0
506 182 0
507 181 0
507 180 0
508 179 0
509 178 0
510 177 0
511 176 0
512 175 0
513 174 0
514 173 0
515 172 0
516 171 0
516 170 0
517 169 0
517 168 0
517 169 0
516 170 0
516 171 0
516 172 0
515 173 0
514 174 0
513 175 0
512 176 0
511 176 0
510 177 0
510 178 0
509 179 0
508 180 0
507 181 0
507 182 0
506 183 0
505 184 0
505 185 0
504 186 0
504 187 0
503 188 0
503 189 0
502 190 0
501 191 0
501 192 0
500 193 0
500 194 0
500 195 0
500 196 0
500 197 0
500 198 0
500 199 0
500 200 0
500 201 0
499 202 0
499 203 0
499 204 0
499 205 0
498 206 0
498 207 0
469 254 0
470 255 0
471 254 0
471 253 0
471 252 0
472 251 0
472 250 0
471 249 0
470 250 0
469 251 0
468 252 0
468 253 0
435 396 0
435 395 0
436 394 0
437 393 0
437 392 0
437 393 0
437 394 0
436 395 0
417 413 0
418 414 0
419 413 0
420 412 0
421 411 0
421 410 0
422 409 0
423 408 0
424 407 0
424 406 0
425 405 0
426 404 0
427 403 0
427 402 0
428 401 0
429 400 0
429 399 0
430 398 0
430 397 0
431 396 0
432 395 0
432 394 0
433 393 0
434 392 0
434 391 0
435 390 0
435 389 0
436 388 0
437 387 0
437 386 0
438 385 0
438 384 0
439 383 0
440 382 0
441 381 0
441 380 0
441 379 0
442 378 0
442 377 0
443 376 0
443 375 0
444 374 0
444 373 0
444 372 0
445 371 0
445 370 0
446 369 0
446 368 0
446 367 0
446 366 0
447 365 0
447 364 0
448 363 0
448 362 0
448 361 0
449 360 0
449 359 0
449 358 0
449 357 0
450 356 0
450 355 0
450 354 0
451 353 0
451 352 0
451 351 0
452 350 0
452 349 0
452 348 0
452 347 0
452 346 0
452 345 0
452 344 0
453 343 0
453 342 0
453 341 0
453 340 0
453 339 0
454 338 0
454 337 0
454 336 0
454 335 0
455 334 0
455 333 0
455 332 0
455 331 0
455 330 0
456 329 0
456 328 0
456 327 0
456 326 0
457 325 0
457 324 0
457 323 0
457 322 0
458 321 0
458 320 0
458 319 0
458 318 0
458 317 0
458 316 0
459 315 0
459 314 0
459 313 0
459 312 0
460 311 0
460 310 0
460 309 0
460 308 0
460 307 0
460 306 0
461 305 0
461 304 0
461 303 0
461 302 0
462 301 0
462 300 0
462 299 0
462 298 0
463 297 0
463 296 0
463 295 0
463 294 0
464 293 0
464 292 0
464 291 0
464 290 0
465 289 0
465 288 0
465 287 0
466 286 0
466 285 0
466 284 0
467 283 0
467 282 0
467 281 0
467 280 0
468 279 0
468 278 0
468 277 0
468 276 0
468 275 0
468 274 0
469 273 0
469 272 0
470 271 0
470 270 0
470 269 0
470 268 0
471 267 0
472 266 0
473 265 0
473 264 0
473 263 0
473 262 0
473 261 0
474 260 0
474 259 0
475 258 0
475 257 0
475 256 0
475 255 0
475 254 0
476 253 0
476 252 0
476 251 0
476 250 0
476 249 0
476 248 0
476 247 0
476 246 0
476 245 0
476 244 0
477 243 0
477 242 0
477 241 0
478 240 0
478 239 0
478 238 0
478 237 0
479 236 0
479 235 0
479 234 0
480 233 0
480 232 0
480 231 0
480 230 0
480 229 0
481 228 0
481 227 0
482 226 0
482 225 0
481 224 0
482 224 0
483 223 0
484 222 0
484 221 0
485 220 0
485 219 0
486 218 0
486 217 0
487 216 0
487 215 0
487 214 0
486 213 0
485 214 0
484 215 0
483 216 0
483 217 0
482 218 0
482 219 0
481 220 0
481 221 0
480 222 0
479 223 0
479 224 0
478 225 0
477 226 0
477 227 0
477 228 0
477 229 0
477 230 0
477 231 0
477 232 0
476 233 0
476 234 0
476 235 0
475 236 0
475 237 0
475 238 0
475 239 0
474 240 0
474 241 0
474 242 0
473 243 0
473 244 0
473 245 0
473 246 0
472 247 0
472 248 0
472 249 0
472 250 0
472 251 0
471 252 0
471 253 0
471 254 0
470 255 0
470 256 0
470 257 0
470 258 0
470 259 0
469 260 0
469 261 0
469 262 0
469 263 0
468 264 0
468 265 0
468 266 0
467 267 0
467 268 0
467 269 0
467 270 0
467 271 0
466 272 0
466 273 0
465 274 0
465 275 0
465 276 0
465 277 0
465 278 0
465 279 0
464 280 0
464 281 0
464 282 0
463 283 0
463 284 0
463 285 0
462 286 0
462 287 0
462 288 0
462 289 0
461 290 0
461 291 0
461 292 0
461 293 0
460 294 0
460 295 0
460 296 0
460 297 0
459 298 0
459 299 0
459 300 0
459 301 0
458 302 0
458 303 0
458 304 0
458 305 0
457 306 0
457 307 0
457 308 0
457 309 0
457 310 0
457 311 0
456 312 0
456 313 0
456 314 0
456 315 0
455 316 0
455 317 0
455 318 0
455 319 0
455 320 0
455 321 0
454 322 0
454 323 0
454 324 0
454 325 0
453 326 0
453 327 0
453 328 0
453 329 0
453 330 0
452 331 0
452 332 0
452 333 0
452 334 0
451 335 0
451 336 0
451 337 0
451 338 0
450 339 0
450 340 0
450 341 0
450 342 0
450 343 0
449 344 0
449 345 0
449 346 0
449 347 0
449 348 0
449 349 0
448 350 0
448 351 0
448 352 0
448 353 0
447 354 0
447 355 0
447 356 0
446 357 0
446 358 0
446 359 0
445 360 0
445 361 0
445 362 0
445 363 0
444 364 0
444 365 0
443 366 0
443 367 0
443 368 0
442 369 0
442 370 0
441 371 0
441 372 0
440 373 0
440 374 0
440 375 0
439 376 0
439 377 0
438 378 0
438 379 0
437 380 0
437 381 0
436 382 0
436 383 0
435 384 0
435 385 0
434 386 0
434 387 0
433 388 0
432 389 0
432 390 0
431 391 0
430 392 0
430 393 0
429 394 0
428 395 0
427 396 0
426 397 0
425 398 0
425 399 0
425 400 0
425 401 0
424 402 0
424 403 0
423 404 0
422 405 0
421 406 0
421 407 0
420 408 0
419 409 0
418 410 0
417 411 0
416 412 0
409 421 0
410 422 0
411 421 0
412 420 0
413 419 0
414 418 0
415 417 0
416 416 0
417 415 0
418 414 0
417 413 0
416 413 0
415 414 0
414 415 0
413 416 0
412 417 0
411 418 0
410 419 0
409 419 0
408 420 0
365 437 0
366 437 0
367 437 0
368 437 0
369 437 0
370 437 0
371 437 0
372 436 0
373 436 0
374 436 0
375 436 0
376 436 0
377 436 0
378 436 0
379 436 0
380 436 0
381 435 0
382 435 0
383 434 0
384 433 0
385 433 0
386 433 0
385 433 0
384 433 0
383 434 0
384 435 0
385 436 0
386 435 0
387 435 0
388 434 0
389 434 0
390 434 0
391 433 0
392 433 0
393 432 0
394 432 0
395 432 0
396 431 0
397 430 0
398 430 0
399 430 0
400 429 0
401 429 0
402 428 0
403 427 0
404 427 0
405 426 0
406 425 0
407 424 0
408 424 0
409 423 0
410 422 0
409 421 0
408 420 0
407 421 0
406 422 0
405 423 0
404 424 0
403 424 0
402 425 0
403 424 0
404 423 0
405 422 0
406 421 0
407 420 0
408 419 0
409 419 0
410 418 0
411 417 0
412 416 0
413 415 0
414 414 0
415 413 0
416 412 0
416 411 0
417 410 0
418 409 0
419 408 0
420 407 0
421 406 0
421 405 0
422 404 0
423 403 0
424 402 0
424 401 0
425 400 0
425 399 0
425 398 0
425 397 0
426 396 0
427 395 0
428 394 0
429 393 0
430 392 0
430 391 0
431 390 0
432 389 0
432 388 0
433 387 0
434 386 0
434 385 0
435 384 0
435 383 0
436 382 0
437 381 0
437 380 0
437 379 0
438 378 0
438 377 0
439 376 0
439 375 0
440 374 0
440 373 0
441 372 0
441 371 0
442 370 0
442 369 0
443 368 0
443 367 0
443 366 0
444 365 0
444 364 0
445 363 0
445 362 0
445 361 0
445 360 0
445 359 0
446 358 0
446 357 0
447 356 0
447 355 0
447 354 0
448 353 0
448 352 0
448 351 0
448 350 0
449 349 0
449 348 0
449 347 0
449 346 0
449 345 0
449 344 0
450 343 0
450 342 0
450 341 0
450 340 0
450 339 0
451 338 0
451 337 0
451 336 0
451 335 0
452 334 0
452 333 0
452 332 0
452 331 0
452 330 0
453 329 0
453 328 0
453 327 0
453 326 0
454 325 0
454 324 0
454 323 0
454 322 0
455 321 0
455 320 0
455 319 0
455 318 0
455 317 0
455 316 0
456 315 0
456 314 0
456 313 0
456 312 0
457 311 0
457 310 0
457 309 0
457 308 0
457 307 0
457 306 0
458 305 0
458 304 0
458 303 0
458 302 0
459 301 0
459 300 0
459 299 0
459 298 0
460 297 0
460 296 0
460 295 0
460 294 0
460 293 0
461 292 0
461 291 0
461 290 0
462 289 0
462 288 0
462 287 0
462 286 0
463 285 0
463 284 0
463 283 0
464 282 0
464 281 0
464 280 0
465 279 0
465 278 0
465 277 0
465 276 0
465 275 0
465 274 0
466 273 0
466 272 0
466 271 0
467 270 0
467 269 0
467 268 0
467 267 0
468 266 0
468 265 0
468 264 0
469 263 0
469 262 0
469 261 0
469 260 0
470 259 0
470 258 0
470 257 0
470 256 0
470 255 0
469 254 0
468 254 0
468 253 0
468 252 0
468 251 0
469 250 0
470 249 0
471 249 0
472 248 0
472 247 0
473 246 0
473 245 0
473 244 0
473 243 0
474 242 0
474 241 0
474 240 0
475 239 0
475 238 0
475 237 0
475 236 0
476 235 0
476 234 0
476 233 0
477 232 0
477 231 0
477 230 0
477 229 0
477 228 0
477 227 0
477 226 0
478 225 0
478 224 0
479 223 0
479 222 0
480 221 0
481 220 0
481 219 0
482 218 0
482 217 0
483 216 0
484 215 0
484 214 0
485 214 0
486 213 0
487 213 0
488 213 0
489 212 0
490 212 0
491 211 0
492 211 0
493 210 0
493 211 0
492 211 0
491 212 0
490 212 0
489 212 0
488 213 0
487 214 0
488 215 0
489 215 0
490 215 0
491 214 0
492 214 0
493 213 0
494 213 0
495 212 0
494 213 0
493 214 0
492 214 0
491 214 0
490 215 0
489 215 0
488 216 0
487 217 0
486 218 0
486 219 0
485 220 0
485 221 0
484 222 0
483 223 0
482 224 0
482 225 0
482 226 0
481 227 0
481 228 0
480 229 0
480 230 0
480 231 0
480 232 0
480 233 0
479 234 0
479 235 0
479 236 0
478 237 0
478 238 0
478 239 0
478 240 0
477 241 0
477 242 0
477 243 0
476 244 0
476 245 0
476 246 0
476 247 0
476 248 0
476 249 0
476 250 0
476 251 0
476 252 0
476 253 0
475 254 0
475 255 0
475 256 0
475 257 0
475 258 0
475 259 0
474 260 0
473 261 0
473 262 0
473 263 0
473 264 0
473 265 0
472 266 0
471 267 0
470 268 0
470 269 0
470 270 0
470 271 0
469 272 0
469 273 0
468 274 0
468 275 0
468 276 0
468 277 0
468 278 0
468 279 0
467 280 0
467 281 0
467 282 0
467 283 0
466 284 0
466 285 0
466 286 0
465 287 0
465 288 0
465 289 0
465 290 0
464 291 0
464 292 0
464 293 0
463 294 0
463 295 0
463 296 0
463 297 0
462 298 0
462 299 0
462 300 0
462 301 0
461 302 0
461 303 0
461 304 0
461 305 0
460 306 0
460 307 0
460 308 0
460 309 0
460 310 0
460 311 0
459 312 0
459 313 0
459 314 0
459 315 0
458 316 0
458 317 0
458 318 0
458 319 0
458 320 0
458 321 0
457 322 0
457 323 0
457 324 0
457 325 0
456 326 0
456 327 0
456 328 0
456 329 0
455 330 0
455 331 0
455 332 0
455 333 0
455 334 0
454 335 0
454 336 0
454 337 0
454 338 0
453 339 0
453 340 0
453 341 0
453 342 0
453 343 0
452 344 0
452 345 0
452 346 0
452 347 0
452 348 0
452 349 0
452 350 0
451 351 0
451 352 0
451 353 0
450 354 0
450 355 0
450 356 0
449 357 0
449 358 0
449 359 0
449 360 0
448 361 0
448 362 0
448 363 0
447 364 0
447 365 0
447 366 0
446 367 0
446 368 0
446 369 0
445 370 0
445 371 0
445 372 0
444 373 0
444 374 0
443 375 0
443 376 0
443 377 0
442 378 0
441 379 0
441 380 0
441 381 0
441 382 0
440 383 0
439 384 0
438 385 0
437 386 0
437 387 0
437 388 0
436 389 0
435 390 0
435 391 0
434 392 0
433 393 0
433 394 0
432 395 0
432 396 0
431 397 0
430 398 0
430 399 0
429 400 0
429 401 0
428 402 0
427 403 0
427 404 0
426 405 0
425 406 0
424 407 0
424 408 0
423 409 0
422 410 0
421 411 0
421 412 0
420 413 0
419 414 0
418 415 0
417 416 0
416 417 0
415 418 0
414 419 0
413 420 0
412 421 0
411 422 0
410 423 0
409 424 0
408 424 0
407 425 0
406 426 0
405 427 0
404 427 0
403 427 0
402 428 0
401 429 0
400 429 0
399 430 0
398 430 0
397 431 0
396 431 0
395 432 0
394 432 0
393 433 0
392 433 0
391 433 0
390 434 0
389 434 0
388 435 0
387 435 0
386 435 0
385 436 0
384 436 0
383 436 0
382 436 0
381 435 0
380 436 0
379 436 0
378 436 0
377 436 0
376 436 0
375 436 0
374 436 0
373 436 0
372 436 0
371 437 0
370 437 0
369 437 0
368 437 0
367 437 0
366 437 0
