509 175 0
510 176 0
511 175 0
512 174 0
511 173 0
510 173 0
509 173 0
508 174 0
493 211 0
494 212 0
495 211 0
496 210 0
496 209 0
497 208 0
498 207 0
498 206 0
498 205 0
498 204 0
499 203 0
499 202 0
499 201 0
499 200 0
499 199 0
500 198 0
500 197 0
500 196 0
500 195 0
500 194 0
500 193 0
500 192 0
501 191 0
501 190 0
502 189 0
502 188 0
503 187 0
504 186 0
504 185 0
505 184 0
505 183 0
506 182 0
507 181 0
507 180 0
507 179 0
507 178 0
508 177 0
509 176 0
509 175 0
508 174 0
507 174 0
506 175 0
506 176 0
505 177 0
504 178 0
504 179 0
504 180 0
503 181 0
503 182 0
503 183 0
502 184 0
501 185 0
501 186 0
500 187 0
499 188 0
499 189 0
498 190 0
498 191 0
497 192 0
497 193 0
497 194 0
497 195 0
497 196 0
497 197 0
497 198 0
496 199 0
496 200 0
496 201 0
496 202 0
496 203 0
495 204 0
494 205 0
494 206 0
494 207 0
494 208 0
493 209 0
493 210 0
461 318 0
461 317 0
462 316 0
462 315 0
462 314 0
462 315 0
462 316 0
461 317 0
447 375 0
394 428 0
395 428 0
396 428 0
397 427 0
398 427 0
399 426 0
400 425 0
401 425 0
402 424 0
403 424 0
404 423 0
405 422 0
406 421 0
407 420 0
408 419 0
409 419 0
410 418 0
411 417 0
412 416 0
413 415 0
414 414 0
415 413 0
416 412 0
417 411 0
418 410 0
419 409 0
420 408 0
421 407 0
421 406 0
422 405 0
423 404 0
423 403 0
424 402 0
425 401 0
426 400 0
426 399 0
426 398 0
427 397 0
428 396 0
428 395 0
429 394 0
430 393 0
431 392 0
431 391 0
432 390 0
433 389 0
433 388 0
434 387 0
435 386 0
435 385 0
435 384 0
436 383 0
437 382 0
437 381 0
438 380 0
438 379 0
439 378 0
439 377 0
440 376 0
440 375 0
440 374 0
440 373 0
441 372 0
442 371 0
442 370 0
443 369 0
443 368 0
443 367 0
444 366 0
444 365 0
445 364 0
445 363 0
445 362 0
445 361 0
445 360 0
446 359 0
446 358 0
446 357 0
447 356 0
447 355 0
447 354 0
448 353 0
448 352 0
448 351 0
448 350 0
449 349 0
449 348 0
449 347 0
449 346 0
449 345 0
450 344 0
450 343 0
450 342 0
450 341 0
450 340 0
450 339 0
451 338 0
451 337 0
451 336 0
452 335 0
452 334 0
452 333 0
452 332 0
453 331 0
453 330 0
453 329 0
453 328 0
453 327 0
454 326 0
454 325 0
454 324 0
454 323 0
454 322 0
455 321 0
455 320 0
455 319 0
455 318 0
455 317 0
456 316 0
456 315 0
456 314 0
456 313 0
456 312 0
457 311 0
457 310 0
457 309 0
457 308 0
457 307 0
457 306 0
458 305 0
458 304 0
458 303 0
458 302 0
458 301 0
459 300 0
459 299 0
459 298 0
459 297 0
460 296 0
460 295 0
460 294 0
461 293 0
461 292 0
461 291 0
461 290 0
461 289 0
461 288 0
461 287 0
461 286 0
462 285 0
463 284 0
463 283 0
463 282 0
464 281 0
464 280 0
464 279 0
465 278 0
465 277 0
465 276 0
465 275 0
466 274 0
466 273 0
466 272 0
466 271 0
467 270 0
467 269 0
467 268 0
467 267 0
467 266 0
468 265 0
468 264 0
468 263 0
468 262 0
469 261 0
469 260 0
469 259 0
470 258 0
470 257 0
470 256 0
470 255 0
471 254 0
471 253 0
471 252 0
471 251 0
472 250 0
472 249 0
472 248 0
472 247 0
473 246 0
473 245 0
473 244 0
473 243 0
473 242 0
473 241 0
473 240 0
474 239 0
475 238 0
475 237 0
475 236 0
476 235 0
476 234 0
476 233 0
477 232 0
477 231 0
477 230 0
478 229 0
478 228 0
478 227 0
479 226 0
479 225 0
479 224 0
480 223 0
480 222 0
481 221 0
481 220 0
482 219 0
482 218 0
482 217 0
483 216 0
483 215 0
484 214 0
485 213 0
486 213 0
487 213 0
487 214 0
488 215 0
489 215 0
490 214 0
491 214 0
492 213 0
493 213 0
494 212 0
493 211 0
492 211 0
491 211 0
490 212 0
490 211 0
491 211 0
492 211 0
493 210 0
493 209 0
493 208 0
494 207 0
494 206 0
494 205 0
495 204 0
495 203 0
496 202 0
496 201 0
496 200 0
496 199 0
496 198 0
497 197 0
497 196 0
497 195 0
497 194 0
497 193 0
497 192 0
498 191 0
498 190 0
498 189 0
499 188 0
499 187 0
500 186 0
501 185 0
501 184 0
502 183 0
503 182 0
503 181 0
504 180 0
504 179 0
504 178 0
505 177 0
505 176 0
506 175 0
506 174 0
507 174 0
508 174 0
509 173 0
510 173 0
511 172 0
512 171 0
513 170 0
514 169 0
514 168 0
514 167 0
515 166 0
515 165 0
515 164 0
515 163 0
515 162 0
516 161 0
516 160 0
516 159 0
517 158 0
518 157 0
518 156 0
519 155 0
520 154 0
520 153 0
521 152 0
522 151 0
522 150 0
522 151 0
522 152 0
521 153 0
520 154 0
520 155 0
519 156 0
518 157 0
518 158 0
517 159 0
516 160 0
516 161 0
515 162 0
515 163 0
515 164 0
515 165 0
515 166 0
515 167 0
514 168 0
514 169 0
514 170 0
513 171 0
512 172 0
511 173 0
512 174 0
513 175 0
514 174 0
515 173 0
515 172 0
516 171 0
517 170 0
517 169 0
517 168 0
517 167 0
518 166 0
518 165 0
518 164 0
518 163 0
518 162 0
519 161 0
519 160 0
520 159 0
521 158 0
521 157 0
522 156 0
523 155 0
523 154 0
524 153 0
525 152 0
525 151 0
525 152 0
525 153 0
524 154 0
523 155 0
523 156 0
522 157 0
521 158 0
521 159 0
520 160 0
519 161 0
518 162 0
518 163 0
518 164 0
518 165 0
518 166 0
517 167 0
517 168 0
517 169 0
517 170 0
517 171 0
516 172 0
515 173 0
515 174 0
514 174 0
513 175 0
512 175 0
511 176 0
510 176 0
509 177 0
508 178 0
507 179 0
507 180 0
507 181 0
506 182 0
506 183 0
505 184 0
505 185 0
504 186 0
504 187 0
503 188 0
502 189 0
502 190 0
501 191 0
501 192 0
500 193 0
500 194 0
500 195 0
500 196 0
500 197 0
500 198 0
499 199 0
499 200 0
499 201 0
499 202 0
499 203 0
498 204 0
498 205 0
498 206 0
498 207 0
497 208 0
497 209 0
496 210 0
496 211 0
495 212 0
494 213 0
493 213 0
492 213 0
491 214 0
490 214 0
489 215 0
488 215 0
487 216 0
486 217 0
486 218 0
486 219 0
485 220 0
485 221 0
484 222 0
483 223 0
483 224 0
483 225 0
482 226 0
482 227 0
482 228 0
481 229 0
481 230 0
481 231 0
480 232 0
480 233 0
479 234 0
479 235 0
479 236 0
478 237 0
478 238 0
478 239 0
477 240 0
477 241 0
477 242 0
477 243 0
476 244 0
476 245 0
476 246 0
476 247 0
476 248 0
476 249 0
476 250 0
476 251 0
476 252 0
476 253 0
476 254 0
475 255 0
475 256 0
475 257 0
474 258 0
473 259 0
473 260 0
472 261 0
472 262 0
472 263 0
471 264 0
471 265 0
471 266 0
471 267 0
470 268 0
470 269 0
470 270 0
470 271 0
469 272 0
469 273 0
469 274 0
468 275 0
468 276 0
468 277 0
468 278 0
468 279 0
467 280 0
467 281 0
467 282 0
466 283 0
466 284 0
466 285 0
465 286 0
465 287 0
465 288 0
465 289 0
464 290 0
464 291 0
464 292 0
464 293 0
464 294 0
463 295 0
463 296 0
462 297 0
462 298 0
462 299 0
462 300 0
461 301 0
461 302 0
461 303 0
461 304 0
461 305 0
460 306 0
460 307 0
460 308 0
460 309 0
460 310 0
460 311 0
459 312 0
459 313 0
459 314 0
459 315 0
458 316 0
458 317 0
458 318 0
458 319 0
458 320 0
458 321 0
458 322 0
457 323 0
457 324 0
457 325 0
457 326 0
457 327 0
456 328 0
456 329 0
456 330 0
456 331 0
455 332 0
455 333 0
455 334 0
455 335 0
454 336 0
454 337 0
454 338 0
454 339 0
453 340 0
453 341 0
453 342 0
453 343 0
453 344 0
452 345 0
452 346 0
452 347 0
452 348 0
452 349 0
452 350 0
451 351 0
451 352 0
451 353 0
451 354 0
450 355 0
450 356 0
450 357 0
449 358 0
449 359 0
449 360 0
449 361 0
448 362 0
448 363 0
448 364 0
447 365 0
447 366 0
447 367 0
446 368 0
446 369 0
446 370 0
445 371 0
445 372 0
445 373 0
444 374 0
444 375 0
443 376 0
443 377 0
443 378 0
442 379 0
442 380 0
442 381 0
441 382 0
440 383 0
440 384 0
439 385 0
439 386 0
438 387 0
437 388 0
437 389 0
437 390 0
437 391 0
436 392 0
436 393 0
436 394 0
435 394 0
434 395 0
433 396 0
432 397 0
432 396 0
433 395 0
434 394 0
435 394 0
436 393 0
436 392 0
436 391 0
437 390 0
437 389 0
437 388 0
438 387 0
438 386 0
439 385 0
439 384 0
440 383 0
440 382 0
441 381 0
442 380 0
442 379 0
442 378 0
443 377 0
443 376 0
443 375 0
444 374 0
444 373 0
445 372 0
445 371 0
446 370 0
446 369 0
446 368 0
446 367 0
447 366 0
447 365 0
447 364 0
448 363 0
448 362 0
449 361 0
449 360 0
449 359 0
449 358 0
450 357 0
450 356 0
450 355 0
451 354 0
451 353 0
451 352 0
451 351 0
452 350 0
452 349 0
452 348 0
452 347 0
452 346 0
452 345 0
453 344 0
453 343 0
453 342 0
453 341 0
453 340 0
454 339 0
454 338 0
454 337 0
454 336 0
455 335 0
455 334 0
455 333 0
455 332 0
456 331 0
456 330 0
456 329 0
456 328 0
457 327 0
457 326 0
457 325 0
457 324 0
457 323 0
458 322 0
458 321 0
458 320 0
458 319 0
458 318 0
458 317 0
458 316 0
459 315 0
459 314 0
459 313 0
459 312 0
460 311 0
460 310 0
460 309 0
460 308 0
460 307 0
460 306 0
461 305 0
461 304 0
461 303 0
461 302 0
461 301 0
462 300 0
462 299 0
462 298 0
462 297 0
463 296 0
463 295 0
464 294 0
463 293 0
464 292 0
464 291 0
464 290 0
465 289 0
465 288 0
465 287 0
465 286 0
466 285 0
466 284 0
466 283 0
467 282 0
467 281 0
467 280 0
468 279 0
468 278 0
468 277 0
468 276 0
468 275 0
469 274 0
469 273 0
469 272 0
470 271 0
470 270 0
470 269 0
470 268 0
471 267 0
471 266 0
471 265 0
471 264 0
472 263 0
472 262 0
472 261 0
473 260 0
473 259 0
473 258 0
474 257 0
475 256 0
475 255 0
476 254 0
476 253 0
476 252 0
476 251 0
476 250 0
476 249 0
476 248 0
476 247 0
476 246 0
476 245 0
476 244 0
477 243 0
477 242 0
477 241 0
477 240 0
478 239 0
478 238 0
478 237 0
479 236 0
479 235 0
479 234 0
479 233 0
480 232 0
480 231 0
481 230 0
481 229 0
482 228 0
482 227 0
482 226 0
483 225 0
483 224 0
483 223 0
484 222 0
484 221 0
485 220 0
485 219 0
486 218 0
486 217 0
486 216 0
487 215 0
487 214 0
486 213 0
485 214 0
484 215 0
483 216 0
483 217 0
482 218 0
482 219 0
481 220 0
481 221 0
481 222 0
480 223 0
480 224 0
479 225 0
479 226 0
479 227 0
478 228 0
478 229 0
477 230 0
477 231 0
477 232 0
476 233 0
476 234 0
476 235 0
475 236 0
475 237 0
475 238 0
474 239 0
474 240 0
473 241 0
473 242 0
473 243 0
473 244 0
473 245 0
473 246 0
472 247 0
472 248 0
472 249 0
472 250 0
471 251 0
471 252 0
471 253 0
471 254 0
470 255 0
470 256 0
470 257 0
470 258 0
469 259 0
469 260 0
469 261 0
469 262 0
468 263 0
468 264 0
468 265 0
467 266 0
467 267 0
467 268 0
467 269 0
467 270 0
466 271 0
466 272 0
466 273 0
466 274 0
465 275 0
465 276 0
465 277 0
465 278 0
464 279 0
464 280 0
464 281 0
463 282 0
463 283 0
463 284 0
463 285 0
462 286 0
461 287 0
461 288 0
461 289 0
461 290 0
461 291 0
461 292 0
461 293 0
460 294 0
460 295 0
460 296 0
460 297 0
459 298 0
459 299 0
459 300 0
458 301 0
458 302 0
458 303 0
458 304 0
458 305 0
457 306 0
457 307 0
457 308 0
457 309 0
457 310 0
457 311 0
456 312 0
456 313 0
456 314 0
456 315 0
456 316 0
455 317 0
455 318 0
455 319 0
455 320 0
455 321 0
454 322 0
454 323 0
454 324 0
454 325 0
454 326 0
453 327 0
453 328 0
453 329 0
453 330 0
453 331 0
452 332 0
452 333 0
452 334 0
452 335 0
451 336 0
451 337 0
451 338 0
450 339 0
450 340 0
450 341 0
450 342 0
450 343 0
450 344 0
449 345 0
449 346 0
449 347 0
449 348 0
449 349 0
448 350 0
448 351 0
448 352 0
448 353 0
447 354 0
447 355 0
447 356 0
447 357 0
446 358 0
446 359 0
445 360 0
445 361 0
445 362 0
445 363 0
445 364 0
444 365 0
444 366 0
443 367 0
443 368 0
443 369 0
443 370 0
442 371 0
442 372 0
441 373 0
440 374 0
440 375 0
440 376 0
439 377 0
439 378 0
439 379 0
438 380 0
437 381 0
437 382 0
437 383 0
436 384 0
435 385 0
435 386 0
435 387 0
434 388 0
433 389 0
433 390 0
432 391 0
431 392 0
431 393 0
430 394 0
429 395 0
428 396 0
428 397 0
427 398 0
426 399 0
426 400 0
426 401 0
425 402 0
424 403 0
423 404 0
423 405 0
422 406 0
421 407 0
421 408 0
420 409 0
419 410 0
418 411 0
417 412 0
416 413 0
415 414 0
414 415 0
413 416 0
412 417 0
411 418 0
410 419 0
409 419 0
408 420 0
407 421 0
406 422 0
405 423 0
404 423 0
403 424 0
402 425 0
401 425 0
400 426 0
399 426 0
398 427 0
397 427 0
396 428 0
395 428 0
364 436 0
365 436 0
366 436 0
367 436 0
368 436 0
369 436 0
370 436 0
371 436 0
372 436 0
373 436 0
374 436 0
375 436 0
376 436 0
377 436 0
378 436 0
379 435 0
380 435 0
381 435 0
382 435 0
383 435 0
384 435 0
385 435 0
386 435 0
387 435 0
388 434 0
389 434 0
390 433 0
391 433 0
392 432 0
393 432 0
394 431 0
395 431 0
396 431 0
397 430 0
398 430 0
399 429 0
400 429 0
401 428 0
402 428 0
403 427 0
404 427 0
405 426 0
406 425 0
407 424 0
408 424 0
409 423 0
410 422 0
411 421 0
412 420 0
413 419 0
414 418 0
415 417 0
416 417 0
417 416 0
418 415 0
419 414 0
420 413 0
420 412 0
421 411 0
422 410 0
423 409 0
424 408 0
425 407 0
425 406 0
426 405 0
427 404 0
428 403 0
428 402 0
429 401 0
430 401 0
431 400 0
432 399 0
433 399 0
432 400 0
431 401 0
430 401 0
429 402 0
428 403 0
428 404 0
427 405 0
426 406 0
425 407 0
425 408 0
424 409 0
423 410 0
422 411 0
421 412 0
420 413 0
420 414 0
419 415 0
418 416 0
417 417 0
416 417 0
415 418 0
414 419 0
413 420 0
412 421 0
411 422 0
410 423 0
409 424 0
408 424 0
407 425 0
406 426 0
405 426 0
404 427 0
403 428 0
402 428 0
401 428 0
400 429 0
399 430 0
398 430 0
397 430 0
396 431 0
395 431 0
394 431 0
393 432 0
392 433 0
391 433 0
390 434 0
389 434 0
388 434 0
387 435 0
386 435 0
385 435 0
384 435 0
383 435 0
382 435 0
381 435 0
380 435 0
379 435 0
378 436 0
377 436 0
376 436 0
375 436 0
374 436 0
373 436 0
372 436 0
371 436 0
370 436 0
369 436 0
368 436 0
367 436 0
366 436 0
365 436 0
