540 116 0
541 117 0
542 117 0
543 116 0
543 115 0
542 114 0
541 115 0
540 117 0
540 116 0
540 115 0
541 114 0
542 114 0
543 114 0
543 115 0
544 116 0
543 117 0
542 117 0
541 117 0
494 204 0
494 203 0
495 202 0
496 201 0
496 200 0
496 199 0
496 198 0
496 197 0
496 196 0
496 195 0
496 194 0
496 193 0
496 192 0
496 191 0
496 190 0
496 189 0
497 188 0
497 187 0
497 186 0
498 185 0
499 184 0
499 183 0
500 182 0
501 181 0
502 180 0
502 179 0
503 178 0
503 177 0
504 176 0
505 175 0
505 174 0
506 173 0
506 172 0
507 171 0
507 170 0
508 169 0
509 169 0
510 169 0
511 168 0
512 168 0
513 168 0
514 167 0
515 166 0
516 165 0
516 164 0
516 163 0
517 162 0
518 161 0
518 160 0
518 159 0
518 158 0
518 157 0
518 156 0
518 155 0
519 154 0
519 153 0
519 152 0
519 151 0
520 150 0
520 149 0
520 148 0
521 147 0
522 146 0
523 145 0
524 144 0
524 143 0
525 142 0
525 141 0
526 140 0
527 139 0
528 138 0
528 137 0
529 136 0
529 135 0
530 134 0
531 133 0
531 132 0
532 131 0
533 130 0
533 129 0
534 128 0
534 127 0
535 126 0
535 125 0
536 124 0
537 123 0
537 122 0
538 121 0
538 120 0
539 119 0
539 120 0
538 121 0
538 122 0
537 123 0
537 124 0
536 125 0
535 126 0
535 127 0
534 128 0
534 129 0
533 130 0
533 131 0
532 132 0
531 133 0
531 134 0
530 135 0
529 136 0
529 137 0
528 138 0
528 139 0
527 140 0
526 141 0
525 142 0
525 143 0
524 144 0
524 145 0
523 146 0
522 147 0
521 148 0
520 149 0
520 150 0
519 151 0
519 152 0
519 153 0
519 154 0
518 155 0
518 156 0
518 157 0
518 158 0
518 159 0
518 160 0
518 161 0
518 162 0
517 163 0
516 164 0
516 165 0
515 166 0
515 167 0
514 168 0
513 168 0
512 168 0
511 168 0
510 169 0
509 169 0
508 170 0
507 171 0
507 172 0
506 173 0
506 174 0
505 175 0
505 176 0
504 177 0
503 178 0
503 179 0
502 180 0
502 181 0
501 182 0
500 183 0
499 184 0
498 185 0
498 186 0
497 187 0
497 188 0
496 189 0
496 190 0
496 191 0
496 192 0
496 193 0
496 194 0
496 195 0
496 196 0
496 197 0
496 198 0
496 199 0
496 200 0
496 201 0
495 202 0
495 203 0
496 205 0
497 204 0
497 203 0
498 202 0
499 201 0
499 200 0
499 199 0
499 198 0
499 197 0
499 196 0
499 195 0
499 194 0
499 193 0
499 192 0
499 191 0
500 190 0
500 189 0
500 188 0
501 187 0
501 186 0
502 185 0
502 184 0
503 183 0
504 182 0
505 181 0
505 180 0
506 179 0
506 178 0
507 177 0
507 176 0
508 175 0
509 174 0
509 173 0
510 172 0
510 171 0
511 171 0
512 171 0
513 171 0
514 170 0
515 170 0
516 169 0
517 168 0
518 167 0
518 166 0
519 165 0
519 164 0
520 163 0
521 162 0
521 161 0
521 160 0
521 159 0
521 158 0
521 157 0
521 156 0
521 155 0
521 154 0
522 153 0
522 152 0
523 151 0
523 150 0
524 149 0
525 148 0
526 147 0
526 146 0
527 145 0
527 144 0
528 143 0
529 142 0
530 141 0
530 140 0
531 139 0
531 138 0
532 137 0
532 136 0
533 135 0
534 134 0
535 133 0
536 132 0
536 131 0
536 130 0
537 129 0
538 128 0
538 127 0
539 126 0
539 125 0
540 124 0
540 123 0
541 122 0
541 121 0
542 120 0
542 121 0
541 122 0
541 123 0
540 124 0
540 125 0
539 126 0
539 127 0
538 128 0
538 129 0
537 130 0
536 131 0
536 132 0
536 133 0
535 134 0
534 135 0
533 136 0
532 137 0
532 138 0
531 139 0
531 140 0
530 141 0
530 142 0
529 143 0
528 144 0
527 145 0
527 146 0
526 147 0
525 148 0
525 149 0
524 150 0
523 151 0
523 152 0
522 153 0
522 154 0
521 155 0
521 156 0
521 157 0
521 158 0
521 159 0
521 160 0
521 161 0
521 162 0
521 163 0
520 164 0
519 165 0
519 166 0
518 167 0
518 168 0
517 169 0
516 170 0
515 170 0
514 171 0
513 171 0
512 171 0
511 171 0
510 172 0
510 173 0
509 174 0
509 175 0
508 176 0
507 177 0
507 178 0
506 179 0
506 180 0
505 181 0
505 182 0
504 183 0
503 184 0
502 185 0
502 186 0
501 187 0
501 188 0
500 189 0
500 190 0
499 191 0
499 192 0
499 193 0
499 194 0
499 195 0
499 196 0
499 197 0
499 198 0
499 199 0
499 200 0
499 201 0
498 202 0
498 203 0
497 204 0
497 205 0
385 434 0
386 434 0
387 434 0
388 434 0
389 434 0
390 433 0
391 433 0
392 433 0
393 433 0
394 433 0
395 433 0
396 432 0
397 432 0
398 431 0
399 431 0
400 431 0
401 430 0
402 430 0
403 429 0
404 429 0
405 428 0
406 428 0
407 427 0
408 427 0
409 426 0
410 426 0
411 425 0
412 424 0
413 424 0
414 423 0
415 422 0
416 422 0
417 421 0
418 420 0
419 419 0
420 418 0
421 418 0
422 417 0
423 416 0
424 415 0
425 414 0
426 413 0
427 412 0
428 411 0
429 410 0
430 409 0
431 408 0
432 407 0
433 406 0
433 405 0
434 404 0
435 403 0
436 402 0
437 401 0
437 400 0
438 399 0
439 398 0
439 397 0
440 396 0
441 395 0
441 394 0
442 393 0
442 392 0
443 391 0
443 390 0
444 389 0
444 388 0
445 387 0
445 386 0
445 385 0
446 384 0
446 383 0
447 382 0
447 381 0
448 380 0
448 379 0
449 378 0
449 377 0
450 376 0
450 375 0
450 374 0
451 373 0
451 372 0
451 371 0
451 370 0
452 369 0
452 368 0
452 367 0
452 366 0
452 365 0
453 364 0
453 363 0
454 362 0
454 361 0
454 360 0
454 359 0
455 358 0
455 357 0
455 356 0
455 355 0
456 354 0
456 353 0
456 352 0
456 351 0
456 350 0
456 349 0
457 348 0
457 347 0
457 346 0
457 345 0
457 344 0
457 343 0
458 342 0
457 341 0
458 340 0
458 339 0
458 338 0
458 337 0
459 336 0
459 335 0
459 334 0
459 333 0
459 332 0
458 331 0
457 331 0
456 332 0
456 333 0
456 334 0
456 335 0
456 336 0
455 337 0
455 338 0
455 339 0
455 340 0
455 341 0
454 342 0
454 343 0
454 344 0
454 345 0
454 346 0
454 347 0
453 348 0
453 349 0
453 350 0
453 351 0
453 352 0
453 353 0
452 354 0
452 355 0
452 356 0
452 357 0
451 358 0
451 359 0
451 360 0
451 361 0
451 362 0
450 363 0
450 364 0
450 365 0
449 366 0
449 367 0
449 368 0
448 369 0
448 370 0
448 371 0
447 372 0
447 373 0
447 374 0
446 375 0
446 376 0
446 377 0
445 378 0
445 379 0
444 380 0
444 381 0
443 382 0
443 383 0
442 384 0
442 385 0
441 386 0
441 387 0
441 388 0
440 389 0
440 390 0
439 391 0
439 392 0
438 393 0
438 394 0
437 395 0
437 396 0
436 397 0
435 398 0
434 399 0
433 400 0
433 401 0
432 402 0
431 403 0
430 404 0
430 405 0
429 406 0
428 407 0
428 408 0
427 409 0
426 410 0
425 411 0
424 412 0
423 413 0
422 414 0
421 414 0
420 415 0
419 416 0
418 417 0
417 417 0
416 418 0
415 419 0
414 420 0
413 421 0
412 421 0
411 422 0
410 423 0
409 423 0
408 424 0
407 424 0
406 425 0
405 425 0
404 426 0
403 426 0
402 427 0
401 427 0
400 427 0
399 428 0
400 427 0
401 427 0
402 427 0
403 426 0
404 426 0
405 425 0
406 425 0
407 424 0
408 424 0
409 423 0
410 422 0
411 421 0
412 421 0
413 420 0
414 419 0
415 418 0
416 418 0
417 417 0
418 416 0
419 415 0
420 414 0
421 414 0
422 413 0
423 412 0
424 411 0
425 410 0
426 409 0
427 408 0
428 407 0
428 406 0
429 405 0
430 404 0
430 403 0
431 402 0
432 401 0
433 400 0
433 399 0
434 398 0
435 397 0
436 396 0
437 395 0
437 394 0
438 393 0
438 392 0
439 391 0
439 390 0
440 389 0
440 388 0
441 387 0
441 386 0
442 385 0
442 384 0
442 383 0
443 382 0
444 381 0
444 380 0
444 379 0
445 378 0
446 377 0
446 376 0
446 375 0
446 374 0
447 373 0
447 372 0
448 371 0
448 370 0
448 369 0
449 368 0
449 367 0
449 366 0
450 365 0
450 364 0
450 363 0
450 362 0
451 361 0
451 360 0
451 359 0
451 358 0
452 357 0
452 356 0
452 355 0
452 354 0
453 353 0
453 352 0
453 351 0
453 350 0
453 349 0
453 348 0
454 347 0
454 346 0
454 345 0
454 344 0
454 343 0
454 342 0
455 341 0
455 340 0
455 339 0
455 338 0
455 337 0
456 336 0
456 335 0
456 334 0
456 333 0
456 332 0
457 331 0
457 330 0
457 329 0
457 328 0
457 327 0
458 326 0
458 325 0
458 324 0
458 323 0
458 322 0
458 321 0
458 320 0
459 319 0
459 318 0
459 317 0
459 316 0
459 315 0
459 314 0
460 313 0
460 312 0
460 311 0
460 310 0
460 309 0
460 308 0
461 307 0
461 306 0
461 305 0
461 304 0
461 303 0
461 302 0
462 301 0
462 300 0
462 299 0
462 298 0
462 297 0
463 296 0
463 295 0
463 294 0
463 293 0
464 292 0
464 291 0
464 290 0
464 289 0
465 288 0
465 287 0
465 286 0
465 285 0
465 284 0
466 283 0
466 282 0
466 281 0
466 280 0
467 279 0
467 278 0
467 277 0
467 276 0
467 275 0
467 274 0
468 273 0
468 272 0
468 271 0
468 270 0
469 269 0
469 268 0
469 267 0
469 266 0
470 265 0
470 264 0
470 263 0
470 262 0
470 261 0
471 260 0
471 259 0
471 258 0
471 257 0
471 256 0
471 255 0
471 254 0
472 253 0
472 252 0
472 251 0
473 250 0
473 249 0
473 248 0
473 247 0
473 246 0
473 245 0
474 244 0
474 243 0
474 242 0
474 241 0
474 240 0
475 239 0
475 238 0
475 237 0
475 236 0
475 235 0
476 234 0
476 233 0
476 232 0
477 231 0
477 230 0
477 229 0
477 228 0
478 227 0
478 226 0
478 225 0
478 224 0
479 223 0
479 222 0
479 221 0
480 220 0
480 219 0
481 218 0
481 217 0
482 216 0
482 215 0
483 214 0
483 213 0
483 212 0
484 211 0
484 210 0
485 210 0
486 210 0
487 209 0
488 209 0
489 208 0
488 209 0
487 209 0
486 210 0
487 211 0
488 212 0
489 211 0
490 211 0
489 211 0
488 212 0
487 213 0
486 214 0
486 215 0
486 216 0
485 217 0
485 218 0
484 219 0
484 220 0
483 221 0
482 222 0
482 223 0
482 224 0
481 225 0
481 226 0
481 227 0
481 228 0
480 229 0
480 230 0
480 231 0
480 232 0
479 233 0
479 234 0
479 235 0
479 236 0
478 237 0
478 238 0
478 239 0
478 240 0
477 241 0
477 242 0
477 243 0
477 244 0
477 245 0
477 246 0
476 247 0
476 248 0
476 249 0
476 250 0
476 251 0
476 252 0
476 253 0
477 254 0
477 255 0
476 256 0
476 257 0
476 258 0
476 259 0
475 260 0
475 261 0
475 262 0
475 263 0
475 262 0
475 261 0
475 260 0
476 259 0
476 258 0
476 257 0
476 256 0
477 255 0
477 254 0
476 253 0
475 253 0
474 253 0
475 253 0
476 252 0
476 251 0
476 250 0
476 249 0
476 248 0
476 247 0
477 246 0
477 245 0
477 244 0
477 243 0
477 242 0
477 241 0
478 240 0
478 239 0
478 238 0
478 237 0
479 236 0
479 235 0
479 234 0
479 233 0
480 232 0
480 231 0
480 230 0
480 229 0
481 228 0
481 227 0
481 226 0
481 225 0
481 224 0
482 223 0
482 222 0
483 221 0
484 220 0
484 219 0
484 218 0
485 217 0
485 216 0
486 215 0
486 214 0
486 213 0
487 212 0
487 211 0
486 210 0
485 210 0
484 211 0
484 212 0
483 213 0
483 214 0
482 215 0
482 216 0
481 217 0
481 218 0
481 219 0
480 220 0
480 221 0
479 222 0
479 223 0
478 224 0
478 225 0
478 226 0
478 227 0
477 228 0
477 229 0
477 230 0
477 231 0
476 232 0
476 233 0
476 234 0
475 235 0
475 236 0
475 237 0
475 238 0
475 239 0
474 240 0
474 241 0
474 242 0
474 243 0
474 244 0
473 245 0
473 246 0
473 247 0
473 248 0
473 249 0
473 250 0
472 251 0
472 252 0
472 253 0
471 254 0
471 255 0
471 256 0
471 257 0
471 258 0
471 259 0
471 260 0
470 261 0
470 262 0
470 263 0
470 264 0
470 265 0
469 266 0
469 267 0
469 268 0
469 269 0
468 270 0
468 271 0
468 272 0
468 273 0
467 274 0
467 275 0
467 276 0
467 277 0
467 278 0
467 279 0
466 280 0
466 281 0
466 282 0
466 283 0
465 284 0
465 285 0
465 286 0
465 287 0
465 288 0
464 289 0
464 290 0
464 291 0
464 292 0
463 293 0
463 294 0
463 295 0
463 296 0
462 297 0
462 298 0
462 299 0
462 300 0
462 301 0
461 302 0
461 303 0
461 304 0
461 305 0
461 306 0
461 307 0
460 308 0
460 309 0
460 310 0
460 311 0
460 312 0
460 313 0
459 314 0
459 315 0
459 316 0
459 317 0
459 318 0
459 319 0
458 320 0
458 321 0
458 322 0
458 323 0
458 324 0
458 325 0
458 326 0
457 327 0
457 328 0
457 329 0
457 330 0
458 331 0
459 331 0
460 330 0
460 329 0
460 328 0
460 327 0
461 326 0
461 325 0
461 324 0
461 323 0
461 322 0
461 321 0
462 320 0
462 319 0
462 318 0
462 317 0
462 316 0
462 315 0
462 314 0
463 313 0
463 312 0
463 311 0
463 310 0
463 309 0
464 308 0
464 307 0
464 306 0
464 305 0
464 304 0
465 303 0
465 302 0
465 301 0
465 300 0
465 299 0
465 298 0
466 297 0
466 296 0
466 295 0
466 294 0
467 293 0
467 292 0
467 291 0
467 290 0
468 289 0
468 288 0
468 287 0
468 286 0
468 285 0
469 284 0
469 283 0
469 282 0
469 281 0
470 280 0
470 279 0
470 278 0
470 277 0
470 276 0
470 275 0
471 274 0
471 273 0
471 272 0
471 271 0
472 270 0
472 269 0
472 268 0
473 267 0
473 266 0
473 265 0
473 264 0
473 265 0
473 266 0
473 267 0
472 268 0
472 269 0
472 270 0
472 271 0
471 272 0
471 273 0
471 274 0
470 275 0
470 276 0
470 277 0
470 278 0
470 279 0
470 280 0
469 281 0
469 282 0
469 283 0
469 284 0
468 285 0
468 286 0
468 287 0
468 288 0
468 289 0
467 290 0
467 291 0
467 292 0
467 293 0
466 294 0
466 295 0
466 296 0
466 297 0
465 298 0
465 299 0
465 300 0
465 301 0
465 302 0
465 303 0
464 304 0
464 305 0
464 306 0
464 307 0
464 308 0
463 309 0
463 310 0
463 311 0
463 312 0
463 313 0
462 314 0
462 315 0
462 316 0
462 317 0
462 318 0
462 319 0
462 320 0
461 321 0
461 322 0
461 323 0
461 324 0
461 325 0
461 326 0
460 327 0
460 328 0
460 329 0
460 330 0
459 331 0
459 332 0
459 333 0
459 334 0
459 335 0
459 336 0
458 337 0
458 338 0
458 339 0
458 340 0
458 341 0
458 342 0
457 343 0
457 344 0
457 345 0
457 346 0
457 347 0
457 348 0
456 349 0
456 350 0
456 351 0
456 352 0
456 353 0
456 354 0
455 355 0
455 356 0
455 357 0
455 358 0
454 359 0
454 360 0
454 361 0
454 362 0
453 363 0
453 364 0
453 365 0
452 366 0
452 367 0
452 368 0
452 369 0
451 370 0
451 371 0
451 372 0
451 373 0
450 374 0
450 375 0
450 376 0
449 377 0
449 378 0
449 379 0
448 380 0
448 381 0
447 382 0
447 383 0
446 384 0
446 385 0
445 386 0
445 387 0
444 388 0
444 389 0
444 390 0
443 391 0
443 392 0
442 393 0
442 394 0
441 395 0
441 396 0
440 397 0
439 398 0
439 399 0
438 400 0
437 401 0
437 402 0
436 403 0
435 404 0
434 405 0
433 406 0
433 407 0
432 408 0
431 409 0
430 410 0
429 411 0
428 412 0
427 413 0
426 414 0
425 415 0
424 416 0
423 417 0
422 418 0
421 418 0
420 419 0
419 420 0
418 421 0
417 422 0
416 422 0
415 423 0
414 424 0
413 424 0
412 425 0
411 426 0
410 426 0
409 427 0
408 427 0
407 428 0
406 428 0
405 429 0
404 429 0
403 429 0
402 430 0
401 430 0
400 431 0
399 431 0
398 432 0
397 432 0
396 433 0
395 433 0
394 433 0
393 433 0
392 433 0
391 433 0
390 433 0
389 434 0
388 434 0
387 434 0
386 434 0
