492 210 0
493 209 0
494 209 0
495 208 0
496 207 0
496 206 0
497 205 0
497 204 0
497 203 0
498 202 0
498 201 0
499 200 0
499 199 0
499 198 0
499 197 0
499 196 0
499 195 0
499 194 0
499 193 0
499 192 0
499 191 0
499 190 0
499 189 0
500 188 0
500 187 0
501 186 0
501 185 0
502 184 0
503 183 0
503 182 0
504 181 0
505 180 0
505 179 0
506 178 0
506 177 0
507 176 0
508 175 0
508 174 0
509 173 0
510 172 0
510 171 0
511 170 0
512 170 0
513 169 0
514 169 0
515 168 0
516 168 0
517 167 0
518 166 0
519 165 0
519 164 0
520 163 0
520 162 0
521 161 0
521 160 0
521 159 0
522 158 0
522 157 0
522 156 0
521 155 0
521 154 0
521 153 0
522 152 0
521 151 0
520 150 0
519 151 0
519 152 0
518 153 0
518 154 0
518 155 0
518 156 0
518 157 0
519 158 0
519 159 0
518 160 0
518 161 0
517 162 0
517 163 0
516 164 0
515 165 0
515 166 0
514 166 0
513 167 0
512 167 0
511 167 0
510 167 0
509 168 0
508 169 0
507 170 0
507 171 0
507 172 0
506 173 0
505 174 0
505 175 0
504 176 0
503 177 0
503 178 0
502 179 0
502 180 0
501 181 0
500 182 0
499 183 0
499 184 0
498 185 0
498 186 0
497 187 0
496 188 0
496 189 0
496 190 0
496 191 0
496 192 0
496 193 0
496 194 0
496 195 0
496 196 0
496 197 0
496 198 0
496 199 0
496 200 0
495 201 0
495 202 0
494 203 0
494 204 0
494 205 0
493 206 0
493 207 0
492 207 0
493 206 0
494 205 0
494 204 0
494 203 0
495 202 0
495 201 0
495 200 0
496 199 0
496 198 0
496 197 0
496 196 0
496 195 0
496 194 0
496 193 0
496 192 0
496 191 0
496 190 0
496 189 0
496 188 0
497 187 0
497 186 0
498 185 0
498 184 0
499 183 0
499 182 0
500 181 0
501 180 0
502 179 0
502 178 0
503 177 0
503 176 0
504 175 0
505 174 0
505 173 0
506 172 0
507 171 0
507 170 0
507 169 0
508 168 0
509 168 0
510 167 0
511 167 0
512 167 0
513 166 0
514 166 0
515 165 0
515 164 0
516 163 0
517 162 0
517 161 0
518 160 0
518 159 0
518 158 0
518 157 0
518 156 0
518 155 0
518 154 0
518 153 0
519 152 0
519 151 0
519 150 0
520 149 0
520 150 0
521 151 0
522 151 0
523 150 0
524 149 0
524 148 0
525 147 0
526 146 0
526 145 0
527 144 0
527 143 0
528 142 0
529 141 0
529 140 0
530 139 0
531 138 0
531 137 0
532 136 0
532 135 0
533 134 0
533 133 0
534 132 0
535 131 0
535 130 0
536 129 0
537 128 0
537 127 0
538 126 0
538 125 0
539 124 0
540 123 0
540 122 0
541 121 0
541 120 0
542 119 0
542 118 0
543 117 0
543 116 0
544 115 0
544 114 0
544 113 0
545 112 0
546 111 0
546 110 0
547 109 0
547 108 0
548 107 0
548 106 0
549 105 0
550 104 0
550 103 0
550 102 0
550 101 0
551 100 0
551 99 0
552 98 0
552 97 0
552 98 0
551 99 0
551 100 0
550 101 0
550 102 0
550 103 0
550 104 0
549 105 0
549 106 0
548 107 0
547 108 0
547 109 0
547 110 0
546 111 0
546 112 0
545 112 0
544 113 0
544 114 0
544 115 0
543 116 0
543 117 0
543 118 0
542 119 0
542 120 0
541 121 0
540 122 0
540 123 0
540 124 0
539 125 0
538 126 0
538 127 0
537 128 0
537 129 0
536 130 0
535 131 0
535 132 0
534 133 0
533 134 0
533 135 0
532 136 0
532 137 0
531 138 0
531 139 0
530 140 0
529 141 0
529 142 0
528 143 0
527 144 0
527 145 0
526 146 0
526 147 0
525 148 0
524 149 0
524 150 0
523 150 0
522 151 0
522 152 0
522 153 0
521 154 0
521 155 0
522 156 0
522 157 0
522 158 0
521 159 0
521 160 0
521 161 0
520 162 0
520 163 0
520 164 0
519 165 0
518 166 0
518 167 0
517 168 0
516 168 0
515 168 0
514 169 0
513 169 0
512 170 0
511 171 0
510 172 0
510 173 0
509 174 0
508 175 0
508 176 0
507 177 0
506 178 0
506 179 0
505 180 0
505 181 0
504 182 0
503 183 0
503 184 0
502 185 0
501 186 0
501 187 0
500 188 0
499 189 0
499 190 0
499 191 0
499 192 0
499 193 0
499 194 0
499 195 0
499 196 0
499 197 0
499 198 0
499 199 0
499 200 0
498 201 0
498 202 0
498 203 0
497 204 0
497 205 0
497 206 0
496 207 0
496 208 0
495 208 0
494 209 0
493 209 0
468 269 0
469 270 0
470 270 0
471 269 0
471 268 0
472 267 0
472 266 0
472 265 0
473 265 0
474 265 0
475 264 0
475 263 0
475 262 0
475 261 0
476 260 0
476 259 0
476 258 0
476 257 0
476 256 0
477 255 0
477 254 0
477 253 0
477 252 0
477 251 0
477 250 0
476 249 0
476 248 0
476 247 0
476 246 0
476 245 0
477 244 0
477 243 0
477 242 0
478 241 0
478 240 0
478 239 0
478 238 0
478 237 0
478 236 0
479 235 0
479 234 0
479 233 0
480 232 0
480 231 0
480 230 0
480 229 0
481 228 0
481 227 0
482 226 0
482 225 0
482 224 0
482 223 0
483 222 0
483 221 0
483 220 0
484 219 0
484 218 0
484 217 0
485 216 0
486 215 0
486 214 0
486 213 0
487 212 0
487 211 0
487 210 0
486 209 0
485 209 0
484 210 0
484 211 0
483 212 0
483 213 0
483 214 0
482 215 0
482 216 0
481 217 0
481 218 0
480 219 0
480 220 0
480 221 0
479 222 0
479 223 0
479 224 0
478 225 0
478 226 0
477 227 0
477 228 0
477 229 0
477 230 0
476 231 0
476 232 0
476 233 0
476 234 0
475 235 0
475 236 0
475 237 0
475 238 0
474 239 0
474 240 0
474 241 0
474 242 0
474 243 0
474 244 0
473 245 0
473 246 0
473 247 0
473 248 0
473 249 0
472 250 0
472 251 0
472 252 0
472 253 0
471 254 0
471 255 0
471 256 0
471 257 0
471 258 0
471 259 0
471 260 0
471 261 0
470 262 0
470 263 0
469 264 0
469 265 0
469 266 0
469 267 0
468 268 0
419 417 0
420 418 0
421 417 0
422 416 0
423 415 0
424 415 0
425 414 0
426 413 0
427 412 0
428 411 0
429 410 0
430 409 0
431 408 0
432 407 0
432 406 0
433 405 0
434 405 0
435 404 0
435 403 0
436 402 0
437 401 0
437 400 0
438 399 0
439 398 0
439 397 0
440 396 0
441 395 0
442 394 0
442 393 0
443 392 0
444 391 0
444 390 0
444 389 0
444 388 0
445 387 0
445 386 0
446 385 0
446 384 0
447 383 0
447 382 0
447 381 0
448 380 0
449 379 0
449 378 0
449 377 0
450 376 0
450 375 0
450 374 0
451 373 0
451 372 0
451 371 0
451 370 0
452 369 0
452 368 0
452 367 0
453 366 0
453 365 0
453 364 0
454 363 0
454 362 0
454 361 0
454 360 0
455 359 0
455 358 0
455 357 0
455 356 0
455 355 0
456 354 0
456 353 0
456 352 0
456 351 0
456 350 0
457 349 0
457 348 0
457 347 0
457 346 0
457 345 0
457 344 0
458 343 0
458 342 0
458 341 0
458 340 0
458 339 0
458 338 0
459 337 0
459 336 0
459 335 0
459 334 0
459 333 0
460 332 0
460 331 0
460 330 0
460 329 0
460 328 0
461 327 0
461 326 0
461 325 0
461 324 0
462 323 0
462 322 0
462 321 0
462 320 0
462 319 0
462 318 0
462 317 0
463 316 0
463 315 0
463 314 0
463 313 0
463 312 0
463 311 0
463 310 0
464 309 0
464 308 0
464 307 0
464 306 0
464 305 0
464 304 0
465 303 0
465 302 0
465 301 0
465 300 0
465 299 0
465 298 0
466 297 0
466 296 0
466 295 0
466 294 0
467 293 0
467 292 0
467 291 0
467 290 0
468 289 0
468 288 0
468 287 0
468 286 0
469 285 0
469 284 0
469 283 0
469 282 0
469 281 0
470 280 0
470 279 0
470 278 0
470 277 0
470 276 0
471 275 0
471 274 0
471 273 0
471 272 0
471 271 0
470 270 0
469 270 0
468 271 0
468 272 0
468 273 0
468 274 0
467 275 0
467 276 0
467 277 0
467 278 0
467 279 0
466 280 0
466 281 0
466 282 0
466 283 0
465 284 0
465 285 0
465 286 0
465 287 0
465 288 0
464 289 0
464 290 0
464 291 0
464 292 0
463 293 0
463 294 0
463 295 0
463 296 0
463 297 0
462 298 0
462 299 0
462 300 0
462 301 0
462 302 0
462 303 0
461 304 0
461 305 0
461 306 0
461 307 0
461 308 0
461 309 0
460 310 0
460 311 0
460 312 0
460 313 0
460 314 0
460 315 0
460 316 0
459 317 0
459 318 0
459 319 0
459 320 0
459 321 0
459 322 0
458 323 0
458 324 0
458 325 0
458 326 0
458 327 0
458 328 0
457 329 0
457 330 0
457 331 0
457 332 0
456 333 0
456 334 0
456 335 0
456 336 0
455 337 0
455 338 0
455 339 0
455 340 0
455 341 0
455 342 0
454 343 0
454 344 0
454 345 0
454 346 0
454 347 0
453 348 0
454 349 0
454 350 0
453 351 0
453 352 0
453 353 0
453 354 0
452 355 0
452 356 0
452 357 0
452 358 0
451 359 0
451 360 0
451 361 0
451 362 0
451 363 0
450 364 0
450 365 0
450 366 0
449 367 0
449 368 0
449 369 0
448 370 0
448 371 0
448 372 0
447 373 0
447 374 0
447 375 0
446 376 0
445 377 0
445 378 0
444 379 0
444 380 0
444 381 0
443 382 0
443 383 0
443 384 0
442 385 0
442 386 0
441 387 0
441 388 0
440 389 0
440 390 0
439 391 0
439 392 0
438 393 0
438 394 0
437 395 0
436 396 0
435 397 0
435 398 0
434 399 0
434 400 0
433 401 0
432 402 0
431 403 0
431 404 0
430 405 0
429 406 0
429 407 0
428 408 0
427 409 0
426 410 0
425 411 0
424 412 0
423 412 0
422 413 0
421 414 0
420 415 0
419 415 0
418 416 0
384 434 0
385 434 0
386 434 0
387 434 0
388 433 0
389 433 0
390 433 0
391 433 0
392 433 0
393 433 0
394 433 0
395 433 0
396 432 0
397 432 0
398 431 0
399 431 0
400 430 0
401 430 0
402 429 0
403 429 0
404 429 0
405 428 0
406 427 0
407 427 0
408 426 0
409 426 0
410 425 0
411 425 0
412 424 0
413 423 0
414 423 0
415 422 0
416 421 0
417 421 0
418 420 0
419 419 0
420 418 0
419 417 0
418 416 0
417 417 0
417 418 0
416 418 0
415 419 0
414 420 0
413 421 0
412 421 0
411 422 0
410 422 0
409 423 0
408 424 0
407 424 0
406 425 0
405 425 0
404 426 0
403 426 0
402 427 0
401 427 0
400 427 0
401 427 0
402 426 0
403 426 0
404 425 0
405 425 0
406 424 0
407 424 0
408 423 0
409 423 0
410 422 0
411 421 0
412 421 0
413 420 0
414 419 0
415 419 0
416 418 0
417 417 0
418 416 0
418 415 0
419 415 0
420 414 0
421 413 0
422 412 0
423 412 0
424 411 0
425 410 0
426 409 0
427 408 0
428 407 0
429 406 0
429 405 0
430 404 0
431 403 0
431 402 0
432 401 0
433 400 0
434 399 0
434 398 0
435 397 0
435 396 0
436 395 0
437 394 0
438 393 0
438 392 0
439 391 0
439 390 0
440 389 0
440 388 0
441 387 0
442 386 0
442 385 0
442 384 0
443 383 0
443 382 0
444 381 0
444 380 0
444 379 0
444 378 0
445 377 0
445 376 0
446 375 0
447 374 0
447 373 0
448 372 0
448 371 0
448 370 0
449 369 0
449 368 0
449 367 0
450 366 0
450 365 0
450 364 0
451 363 0
451 362 0
451 361 0
451 360 0
451 359 0
452 358 0
452 357 0
452 356 0
452 355 0
453 354 0
453 353 0
453 352 0
453 351 0
453 350 0
454 349 0
453 348 0
454 347 0
454 346 0
454 345 0
454 344 0
454 343 0
455 342 0
455 341 0
455 340 0
455 339 0
455 338 0
455 337 0
456 336 0
456 335 0
456 334 0
456 333 0
457 332 0
457 331 0
457 330 0
457 329 0
457 328 0
458 327 0
458 326 0
458 325 0
458 324 0
458 323 0
459 322 0
459 321 0
459 320 0
459 319 0
459 318 0
459 317 0
460 316 0
460 315 0
460 314 0
460 313 0
460 312 0
460 311 0
460 310 0
461 309 0
461 308 0
461 307 0
461 306 0
461 305 0
461 304 0
462 303 0
462 302 0
462 301 0
462 300 0
462 299 0
462 298 0
463 297 0
463 296 0
463 295 0
463 294 0
463 293 0
464 292 0
464 291 0
464 290 0
464 289 0
465 288 0
465 287 0
465 286 0
465 285 0
465 284 0
466 283 0
466 282 0
466 281 0
466 280 0
467 279 0
467 278 0
467 277 0
467 276 0
467 275 0
468 274 0
468 273 0
468 272 0
468 271 0
468 270 0
468 269 0
468 268 0
468 267 0
469 266 0
469 265 0
469 264 0
469 263 0
470 262 0
470 261 0
471 260 0
471 259 0
471 258 0
471 257 0
471 256 0
471 255 0
471 254 0
472 253 0
472 252 0
472 251 0
472 250 0
473 249 0
473 248 0
473 247 0
473 246 0
473 245 0
473 244 0
474 243 0
474 242 0
474 241 0
474 240 0
474 239 0
475 238 0
475 237 0
475 236 0
475 235 0
476 234 0
476 233 0
476 232 0
476 231 0
477 230 0
477 229 0
477 228 0
477 227 0
478 226 0
478 225 0
478 224 0
479 223 0
479 222 0
480 221 0
480 220 0
480 219 0
481 218 0
481 217 0
481 216 0
482 215 0
482 214 0
483 213 0
483 212 0
484 211 0
484 210 0
484 209 0
485 209 0
486 209 0
487 209 0
487 210 0
487 211 0
487 212 0
487 213 0
486 214 0
486 215 0
485 216 0
485 217 0
484 218 0
484 219 0
483 220 0
483 221 0
483 222 0
482 223 0
482 224 0
482 225 0
482 226 0
481 227 0
481 228 0
480 229 0
480 230 0
480 231 0
480 232 0
479 233 0
479 234 0
479 235 0
478 236 0
478 237 0
478 238 0
478 239 0
478 240 0
478 241 0
477 242 0
477 243 0
477 244 0
476 245 0
476 246 0
476 247 0
476 248 0
476 249 0
477 250 0
477 251 0
477 252 0
477 253 0
477 254 0
477 255 0
476 256 0
476 257 0
476 258 0
476 259 0
476 260 0
475 261 0
475 262 0
475 263 0
475 264 0
474 265 0
473 265 0
472 266 0
472 267 0
471 268 0
471 269 0
471 270 0
471 271 0
471 272 0
471 273 0
471 274 0
471 275 0
470 276 0
470 277 0
470 278 0
470 279 0
470 280 0
469 281 0
469 282 0
469 283 0
469 284 0
469 285 0
468 286 0
468 287 0
468 288 0
468 289 0
467 290 0
467 291 0
467 292 0
467 293 0
466 294 0
466 295 0
466 296 0
466 297 0
465 298 0
465 299 0
465 300 0
465 301 0
465 302 0
465 303 0
464 304 0
464 305 0
464 306 0
464 307 0
464 308 0
464 309 0
463 310 0
463 311 0
463 312 0
463 313 0
463 314 0
463 315 0
463 316 0
462 317 0
462 318 0
462 319 0
462 320 0
462 321 0
462 322 0
462 323 0
461 324 0
461 325 0
461 326 0
461 327 0
460 328 0
460 329 0
460 330 0
460 331 0
460 332 0
459 333 0
459 334 0
459 335 0
459 336 0
459 337 0
458 338 0
458 339 0
458 340 0
458 341 0
458 342 0
458 343 0
457 344 0
457 345 0
457 346 0
457 347 0
457 348 0
457 349 0
456 350 0
456 351 0
456 352 0
456 353 0
456 354 0
455 355 0
455 356 0
455 357 0
455 358 0
455 359 0
454 360 0
454 361 0
454 362 0
454 363 0
453 364 0
453 365 0
453 366 0
453 367 0
452 368 0
452 369 0
452 370 0
451 371 0
451 372 0
451 373 0
451 374 0
450 375 0
450 376 0
449 377 0
449 378 0
449 379 0
449 380 0
448 381 0
447 382 0
447 383 0
446 384 0
446 385 0
446 386 0
445 387 0
445 388 0
444 389 0
444 390 0
444 391 0
444 392 0
443 393 0
442 394 0
442 395 0
441 396 0
440 397 0
439 398 0
439 399 0
438 400 0
437 401 0
437 402 0
436 403 0
435 404 0
435 405 0
434 405 0
433 406 0
432 407 0
432 408 0
431 409 0
430 410 0
429 411 0
428 412 0
427 413 0
426 414 0
425 415 0
424 415 0
423 416 0
422 417 0
421 418 0
420 419 0
419 420 0
418 421 0
417 421 0
416 422 0
415 423 0
414 423 0
413 424 0
412 425 0
411 425 0
410 426 0
409 426 0
408 427 0
407 427 0
406 428 0
405 428 0
404 429 0
403 429 0
402 429 0
401 430 0
400 431 0
399 431 0
398 432 0
397 432 0
396 432 0
395 433 0
394 433 0
393 433 0
392 433 0
391 433 0
390 433 0
389 433 0
388 433 0
387 434 0
386 434 0
385 434 0
