492 205 0
493 206 0
494 205 0
495 204 0
496 203 0
496 202 0
497 201 0
497 200 0
497 199 0
497 198 0
497 197 0
497 196 0
497 195 0
498 194 0
498 193 0
498 192 0
498 191 0
498 190 0
498 189 0
498 188 0
498 187 0
499 186 0
499 185 0
499 184 0
500 183 0
500 182 0
501 181 0
501 180 0
501 179 0
502 178 0
503 177 0
503 176 0
504 175 0
505 174 0
505 173 0
506 172 0
506 171 0
507 170 0
507 169 0
508 168 0
508 167 0
509 166 0
510 165 0
510 164 0
511 163 0
512 162 0
511 161 0
510 160 0
509 161 0
508 162 0
508 163 0
507 164 0
507 165 0
506 166 0
506 167 0
505 168 0
504 169 0
504 170 0
503 171 0
503 172 0
502 173 0
502 174 0
501 175 0
500 176 0
499 177 0
499 178 0
498 179 0
498 180 0
497 181 0
497 182 0
497 183 0
496 184 0
496 185 0
495 186 0
495 187 0
495 188 0
495 189 0
495 190 0
495 191 0
494 192 0
494 193 0
494 194 0
494 195 0
494 196 0
494 197 0
494 198 0
494 199 0
494 200 0
494 201 0
493 202 0
493 203 0
492 203 0
491 204 0
489 206 0
490 207 0
491 207 0
492 206 0
492 205 0
491 204 0
490 204 0
489 205 0
403 431 0
404 432 0
405 431 0
406 431 0
407 430 0
408 429 0
409 429 0
410 428 0
411 427 0
412 427 0
413 426 0
414 426 0
415 425 0
416 424 0
417 424 0
418 423 0
419 422 0
420 422 0
421 421 0
422 420 0
423 419 0
424 418 0
425 418 0
426 417 0
427 416 0
428 415 0
429 414 0
430 413 0
431 413 0
432 412 0
433 411 0
434 410 0
434 409 0
435 408 0
436 407 0
437 406 0
438 405 0
439 404 0
440 403 0
440 402 0
441 401 0
442 400 0
442 399 0
443 398 0
444 397 0
445 396 0
445 395 0
446 394 0
446 393 0
447 392 0
447 391 0
448 390 0
448 389 0
449 388 0
449 387 0
450 386 0
451 385 0
451 384 0
451 383 0
452 382 0
452 381 0
453 380 0
454 379 0
454 378 0
454 377 0
454 376 0
454 375 0
455 374 0
455 373 0
455 372 0
456 371 0
456 370 0
456 369 0
457 368 0
457 367 0
457 366 0
458 365 0
458 364 0
458 363 0
458 362 0
459 361 0
459 360 0
459 359 0
460 358 0
460 357 0
460 356 0
460 355 0
460 354 0
460 353 0
460 352 0
461 351 0
461 350 0
461 349 0
461 348 0
461 347 0
461 346 0
461 345 0
462 344 0
462 343 0
462 342 0
462 341 0
463 340 0
463 339 0
463 338 0
463 337 0
463 336 0
463 335 0
463 334 0
464 333 0
464 332 0
464 331 0
464 330 0
464 329 0
464 328 0
464 327 0
465 326 0
465 325 0
465 324 0
465 323 0
465 322 0
465 321 0
465 320 0
465 319 0
466 318 0
466 317 0
466 316 0
466 315 0
466 314 0
466 313 0
466 312 0
466 311 0
467 310 0
467 309 0
467 308 0
467 307 0
467 306 0
467 305 0
467 304 0
467 303 0
468 302 0
468 301 0
468 300 0
468 299 0
468 298 0
468 297 0
468 296 0
468 295 0
468 294 0
469 293 0
469 292 0
469 291 0
469 290 0
470 289 0
470 288 0
470 287 0
470 286 0
470 285 0
470 284 0
471 283 0
471 282 0
471 281 0
471 280 0
471 279 0
472 278 0
472 277 0
472 276 0
472 275 0
472 274 0
473 273 0
473 272 0
473 271 0
473 270 0
474 269 0
474 268 0
475 267 0
475 266 0
475 265 0
475 264 0
476 263 0
476 262 0
476 261 0
476 260 0
477 259 0
477 258 0
477 257 0
477 256 0
477 255 0
477 254 0
477 253 0
478 252 0
478 251 0
477 250 0
477 249 0
477 248 0
477 247 0
477 246 0
477 245 0
477 244 0
477 243 0
477 242 0
477 241 0
477 240 0
478 239 0
479 238 0
479 237 0
479 236 0
479 235 0
479 234 0
479 233 0
480 232 0
480 231 0
480 230 0
480 229 0
481 228 0
481 227 0
481 226 0
482 225 0
482 224 0
482 223 0
483 222 0
483 221 0
484 220 0
484 219 0
484 218 0
485 217 0
485 216 0
486 215 0
486 214 0
487 213 0
487 212 0
488 211 0
488 210 0
488 209 0
489 208 0
489 207 0
489 206 0
488 205 0
487 206 0
486 207 0
485 208 0
485 209 0
485 210 0
485 211 0
484 212 0
484 213 0
483 214 0
483 215 0
482 216 0
482 217 0
481 218 0
481 219 0
480 220 0
480 221 0
480 222 0
479 223 0
479 224 0
478 225 0
478 226 0
478 227 0
477 228 0
477 229 0
477 230 0
476 231 0
476 232 0
476 233 0
476 234 0
476 235 0
475 236 0
475 237 0
475 238 0
474 239 0
473 240 0
473 241 0
473 242 0
473 243 0
474 244 0
474 245 0
474 246 0
474 247 0
473 248 0
473 249 0
473 250 0
473 251 0
473 252 0
473 253 0
473 254 0
473 255 0
472 256 0
472 257 0
472 258 0
472 259 0
472 260 0
472 261 0
471 262 0
471 263 0
471 264 0
471 265 0
472 266 0
473 266 0
472 266 0
471 266 0
470 267 0
470 268 0
470 269 0
470 270 0
470 271 0
469 272 0
469 273 0
469 274 0
469 275 0
469 276 0
469 277 0
469 278 0
468 279 0
468 280 0
468 281 0
468 282 0
468 283 0
467 284 0
467 285 0
467 286 0
467 287 0
467 288 0
466 289 0
466 290 0
466 291 0
466 292 0
466 293 0
465 294 0
465 295 0
465 296 0
465 297 0
465 298 0
465 299 0
465 300 0
464 301 0
464 302 0
464 303 0
464 304 0
464 305 0
464 306 0
464 307 0
464 308 0
464 309 0
464 310 0
463 311 0
463 312 0
463 313 0
463 314 0
463 315 0
463 316 0
463 317 0
463 318 0
462 319 0
462 320 0
462 321 0
462 322 0
462 323 0
462 324 0
461 325 0
461 326 0
461 327 0
461 328 0
461 329 0
461 330 0
461 331 0
461 332 0
460 333 0
460 334 0
460 335 0
460 336 0
460 337 0
460 338 0
460 339 0
459 340 0
459 341 0
459 342 0
459 343 0
459 344 0
458 345 0
458 346 0
458 347 0
458 348 0
458 349 0
458 350 0
458 351 0
458 352 0
457 353 0
457 354 0
457 355 0
457 356 0
457 357 0
457 358 0
456 359 0
456 360 0
456 361 0
455 362 0
455 363 0
455 364 0
454 365 0
454 366 0
454 367 0
453 368 0
453 369 0
453 370 0
452 371 0
452 372 0
452 373 0
451 374 0
451 375 0
450 376 0
450 377 0
450 378 0
449 379 0
449 380 0
449 381 0
448 382 0
448 383 0
447 384 0
447 385 0
446 386 0
446 387 0
445 388 0
445 389 0
444 390 0
444 391 0
443 392 0
443 393 0
442 394 0
441 395 0
441 396 0
440 397 0
439 398 0
438 399 0
438 400 0
437 401 0
437 402 0
436 403 0
435 404 0
434 405 0
434 406 0
433 407 0
432 408 0
431 409 0
430 410 0
429 411 0
428 412 0
427 413 0
426 414 0
425 414 0
424 415 0
423 416 0
422 417 0
421 418 0
420 418 0
419 419 0
418 420 0
417 421 0
416 421 0
415 422 0
414 423 0
413 423 0
412 424 0
411 424 0
410 425 0
409 426 0
408 426 0
407 427 0
406 428 0
405 428 0
404 429 0
403 430 0
395 433 0
396 432 0
397 432 0
398 432 0
399 432 0
400 432 0
401 432 0
402 432 0
403 431 0
403 430 0
403 429 0
404 428 0
405 428 0
406 428 0
407 427 0
408 426 0
409 425 0
410 425 0
411 424 0
412 424 0
413 423 0
414 422 0
415 422 0
416 421 0
417 420 0
418 419 0
419 419 0
420 418 0
421 417 0
422 416 0
423 415 0
424 415 0
425 414 0
426 413 0
427 412 0
428 411 0
429 410 0
430 409 0
431 408 0
432 407 0
433 406 0
434 405 0
434 404 0
435 403 0
436 402 0
437 401 0
437 400 0
438 399 0
438 398 0
439 397 0
440 396 0
441 395 0
441 394 0
442 393 0
443 392 0
443 391 0
444 390 0
444 389 0
445 388 0
446 387 0
446 386 0
446 385 0
447 384 0
447 383 0
448 382 0
448 381 0
449 380 0
449 379 0
449 378 0
450 377 0
450 376 0
451 375 0
451 374 0
452 373 0
452 372 0
452 371 0
453 370 0
453 369 0
453 368 0
454 367 0
454 366 0
454 365 0
455 364 0
455 363 0
455 362 0
455 361 0
456 360 0
456 359 0
457 358 0
457 357 0
457 356 0
457 355 0
457 354 0
457 353 0
458 352 0
458 351 0
458 350 0
458 349 0
458 348 0
458 347 0
458 346 0
458 345 0
459 344 0
459 343 0
459 342 0
459 341 0
459 340 0
460 339 0
460 338 0
460 337 0
460 336 0
460 335 0
460 334 0
460 333 0
461 332 0
461 331 0
461 330 0
461 329 0
461 328 0
461 327 0
461 326 0
461 325 0
462 324 0
462 323 0
462 322 0
462 321 0
462 320 0
462 319 0
463 318 0
463 317 0
463 316 0
463 315 0
463 314 0
463 313 0
463 312 0
463 311 0
464 310 0
464 309 0
464 308 0
464 307 0
464 306 0
464 305 0
464 304 0
464 303 0
464 302 0
464 301 0
465 300 0
465 299 0
465 298 0
465 297 0
465 296 0
465 295 0
465 294 0
466 293 0
466 292 0
466 291 0
466 290 0
466 289 0
467 288 0
467 287 0
467 286 0
467 285 0
467 284 0
468 283 0
468 282 0
468 281 0
468 280 0
468 279 0
469 278 0
469 277 0
469 276 0
469 275 0
469 274 0
469 273 0
469 272 0
470 271 0
470 270 0
470 269 0
470 268 0
470 267 0
471 266 0
471 265 0
471 264 0
471 263 0
471 262 0
472 261 0
472 260 0
472 259 0
472 258 0
472 257 0
472 256 0
473 255 0
473 254 0
473 253 0
473 252 0
473 251 0
473 250 0
473 249 0
473 248 0
474 247 0
474 246 0
474 245 0
474 244 0
473 243 0
473 242 0
473 241 0
473 240 0
473 239 0
474 238 0
475 237 0
475 236 0
476 235 0
476 234 0
476 233 0
476 232 0
476 231 0
477 230 0
477 229 0
477 228 0
478 227 0
478 226 0
478 225 0
478 224 0
479 223 0
479 222 0
480 221 0
480 220 0
480 219 0
481 218 0
481 217 0
482 216 0
483 215 0
483 214 0
484 213 0
484 212 0
484 211 0
485 210 0
485 209 0
485 208 0
486 207 0
486 206 0
487 205 0
488 205 0
489 205 0
490 204 0
491 204 0
492 203 0
493 202 0
493 201 0
494 200 0
494 199 0
494 198 0
494 197 0
494 196 0
494 195 0
494 194 0
494 193 0
494 192 0
495 191 0
495 190 0
495 189 0
495 188 0
495 187 0
495 186 0
495 185 0
496 184 0
497 183 0
497 182 0
497 181 0
497 180 0
498 179 0
498 178 0
499 177 0
499 176 0
500 175 0
501 174 0
502 173 0
502 172 0
503 171 0
503 170 0
504 169 0
504 168 0
505 167 0
506 166 0
506 165 0
507 164 0
508 163 0
508 162 0
509 161 0
509 160 0
510 160 0
511 160 0
512 159 0
513 158 0
514 157 0
515 156 0
515 155 0
516 154 0
516 153 0
517 152 0
517 151 0
518 150 0
518 149 0
518 148 0
519 147 0
519 146 0
519 145 0
520 144 0
521 143 0
521 142 0
521 141 0
521 140 0
521 139 0
522 138 0
522 137 0
523 136 0
524 135 0
525 134 0
525 133 0
526 132 0
526 131 0
527 130 0
528 129 0
528 128 0
529 127 0
529 126 0
530 125 0
530 124 0
531 123 0
532 122 0
532 121 0
533 120 0
533 119 0
534 118 0
535 117 0
535 116 0
536 115 0
536 114 0
537 113 0
537 112 0
538 111 0
538 110 0
539 109 0
540 108 0
540 107 0
540 108 0
539 109 0
539 110 0
538 111 0
538 112 0
537 113 0
537 114 0
536 115 0
536 116 0
535 117 0
535 118 0
534 119 0
533 120 0
533 121 0
532 122 0
532 123 0
531 124 0
530 125 0
529 126 0
529 127 0
528 128 0
528 129 0
528 130 0
527 131 0
526 132 0
526 133 0
525 134 0
525 135 0
524 136 0
523 137 0
522 138 0
522 139 0
521 140 0
521 141 0
521 142 0
521 143 0
520 144 0
520 145 0
519 146 0
519 147 0
519 148 0
518 149 0
518 150 0
517 151 0
517 152 0
517 153 0
516 154 0
516 155 0
515 156 0
515 157 0
514 158 0
513 158 0
512 159 0
511 160 0
511 161 0
512 162 0
513 161 0
514 161 0
515 160 0
516 159 0
517 158 0
517 157 0
518 156 0
519 155 0
519 154 0
520 153 0
520 152 0
520 151 0
521 150 0
522 149 0
522 148 0
522 147 0
523 146 0
523 145 0
523 144 0
524 143 0
524 142 0
524 141 0
525 140 0
525 139 0
526 138 0
527 137 0
527 136 0
528 135 0
528 134 0
529 133 0
530 132 0
530 131 0
531 130 0
531 129 0
532 128 0
532 127 0
533 126 0
534 125 0
534 124 0
535 123 0
536 122 0
536 121 0
537 120 0
537 119 0
538 118 0
538 117 0
539 116 0
539 115 0
540 114 0
540 113 0
541 112 0
541 111 0
542 110 0
543 109 0
543 108 0
543 107 0
544 106 0
544 105 0
544 104 0
545 103 0
545 102 0
545 101 0
546 100 0
546 99 0
547 98 0
547 97 0
548 96 0
548 95 0
548 96 0
548 97 0
547 98 0
546 99 0
546 100 0
546 101 0
545 102 0
545 103 0
545 104 0
544 105 0
544 106 0
543 107 0
543 108 0
543 109 0
542 110 0
541 111 0
541 112 0
541 113 0
540 114 0
540 115 0
539 116 0
538 117 0
538 118 0
538 119 0
537 120 0
537 121 0
536 122 0
536 123 0
535 124 0
534 125 0
534 126 0
533 127 0
532 128 0
532 129 0
531 130 0
530 131 0
530 132 0
530 133 0
529 134 0
528 135 0
528 136 0
527 137 0
527 138 0
526 139 0
525 140 0
525 141 0
524 142 0
524 143 0
523 144 0
523 145 0
523 146 0
522 147 0
522 148 0
522 149 0
521 150 0
521 151 0
520 152 0
520 153 0
519 154 0
519 155 0
519 156 0
518 157 0
517 158 0
517 159 0
516 160 0
515 161 0
514 161 0
513 162 0
512 163 0
511 164 0
510 165 0
510 166 0
509 167 0
508 168 0
508 169 0
507 170 0
507 171 0
506 172 0
506 173 0
505 174 0
504 175 0
503 176 0
503 177 0
503 178 0
502 179 0
501 180 0
501 181 0
500 182 0
500 183 0
499 184 0
499 185 0
499 186 0
499 187 0
498 188 0
498 189 0
498 190 0
498 191 0
498 192 0
498 193 0
498 194 0
497 195 0
497 196 0
497 197 0
497 198 0
497 199 0
497 200 0
497 201 0
496 202 0
496 203 0
496 204 0
495 205 0
494 206 0
493 206 0
492 206 0
491 207 0
490 207 0
489 208 0
488 209 0
488 210 0
488 211 0
487 212 0
487 213 0
487 214 0
486 215 0
486 216 0
485 217 0
485 218 0
484 219 0
484 220 0
483 221 0
483 222 0
482 223 0
482 224 0
482 225 0
481 226 0
481 227 0
481 228 0
480 229 0
480 230 0
480 231 0
480 232 0
479 233 0
479 234 0
479 235 0
479 236 0
479 237 0
479 238 0
478 239 0
477 240 0
477 241 0
477 242 0
477 243 0
477 244 0
477 245 0
477 246 0
477 247 0
477 248 0
477 249 0
477 250 0
478 251 0
478 252 0
477 253 0
477 254 0
477 255 0
477 256 0
477 257 0
477 258 0
477 259 0
476 260 0
476 261 0
476 262 0
476 263 0
475 264 0
475 265 0
475 266 0
475 267 0
474 268 0
474 269 0
473 270 0
473 271 0
473 272 0
473 273 0
472 274 0
472 275 0
472 276 0
472 277 0
472 278 0
471 279 0
471 280 0
471 281 0
471 282 0
471 283 0
470 284 0
470 285 0
470 286 0
470 287 0
470 288 0
470 289 0
469 290 0
469 291 0
469 292 0
469 293 0
468 294 0
468 295 0
468 296 0
468 297 0
468 298 0
468 299 0
468 300 0
468 301 0
468 302 0
467 303 0
467 304 0
467 305 0
467 306 0
467 307 0
467 308 0
467 309 0
467 310 0
466 311 0
466 312 0
466 313 0
466 314 0
466 315 0
466 316 0
466 317 0
466 318 0
465 319 0
465 320 0
465 321 0
465 322 0
465 323 0
465 324 0
465 325 0
465 326 0
464 327 0
464 328 0
464 329 0
464 330 0
464 331 0
464 332 0
464 333 0
463 334 0
463 335 0
463 336 0
463 337 0
463 338 0
463 339 0
463 340 0
462 341 0
462 342 0
462 343 0
462 344 0
461 345 0
461 346 0
461 347 0
461 348 0
461 349 0
461 350 0
461 351 0
460 352 0
460 353 0
460 354 0
460 355 0
460 356 0
460 357 0
460 358 0
459 359 0
459 360 0
459 361 0
458 362 0
458 363 0
458 364 0
458 365 0
457 366 0
457 367 0
457 368 0
456 369 0
456 370 0
456 371 0
455 372 0
455 373 0
455 374 0
454 375 0
454 376 0
454 377 0
454 378 0
454 379 0
453 380 0
453 381 0
452 382 0
452 383 0
452 384 0
451 385 0
451 386 0
450 387 0
449 388 0
449 389 0
448 390 0
448 391 0
447 392 0
447 393 0
446 394 0
446 395 0
445 396 0
445 397 0
444 398 0
443 399 0
442 400 0
442 401 0
441 402 0
440 403 0
440 404 0
439 405 0
438 406 0
437 407 0
436 408 0
435 409 0
434 410 0
434 411 0
433 412 0
432 413 0
431 413 0
430 414 0
429 415 0
428 416 0
427 417 0
426 418 0
425 418 0
424 419 0
423 420 0
422 421 0
421 422 0
420 422 0
419 423 0
418 424 0
417 424 0
416 425 0
415 426 0
414 426 0
413 427 0
412 427 0
411 428 0
410 429 0
409 429 0
408 430 0
407 431 0
406 431 0
405 431 0
404 432 0
403 432 0
402 432 0
401 432 0
400 432 0
399 432 0
398 432 0
397 432 0
396 432 0
