438 394 0
439 395 0
440 395 0
441 394 0
442 393 0
443 392 0
443 391 0
443 390 0
443 389 0
444 388 0
444 387 0
444 386 0
445 385 0
446 384 0
447 383 0
448 382 0
448 381 0
448 380 0
449 379 0
449 378 0
450 377 0
450 376 0
451 375 0
451 374 0
451 373 0
452 372 0
452 371 0
453 370 0
453 369 0
453 368 0
453 367 0
454 366 0
454 365 0
455 364 0
455 363 0
455 362 0
456 361 0
456 360 0
457 359 0
457 358 0
457 357 0
458 356 0
458 355 0
458 354 0
459 353 0
459 352 0
459 351 0
459 350 0
459 349 0
460 348 0
460 347 0
460 346 0
460 345 0
460 344 0
461 343 0
461 342 0
461 341 0
461 340 0
462 339 0
462 338 0
462 337 0
462 336 0
462 335 0
462 334 0
463 333 0
463 332 0
463 331 0
463 330 0
463 329 0
464 328 0
464 327 0
464 326 0
464 325 0
464 324 0
464 323 0
464 322 0
465 321 0
465 320 0
465 319 0
465 318 0
465 317 0
465 316 0
466 315 0
466 314 0
466 313 0
466 312 0
466 311 0
466 310 0
466 309 0
466 308 0
467 307 0
467 306 0
467 305 0
467 304 0
467 303 0
467 302 0
468 301 0
468 300 0
468 299 0
468 298 0
468 297 0
469 296 0
469 295 0
469 294 0
469 293 0
469 292 0
469 291 0
470 290 0
470 289 0
470 288 0
470 287 0
470 286 0
470 285 0
471 284 0
471 283 0
471 282 0
471 281 0
471 280 0
472 279 0
472 278 0
472 277 0
472 276 0
472 275 0
473 274 0
473 273 0
473 272 0
473 271 0
473 270 0
474 269 0
474 268 0
474 267 0
474 266 0
474 265 0
475 264 0
476 263 0
476 262 0
477 261 0
477 260 0
477 259 0
477 258 0
477 257 0
477 256 0
477 255 0
477 254 0
477 253 0
478 252 0
478 251 0
478 250 0
478 249 0
477 248 0
477 247 0
478 246 0
478 245 0
478 244 0
478 243 0
478 242 0
478 241 0
478 240 0
479 239 0
479 238 0
480 237 0
480 236 0
481 235 0
481 234 0
481 233 0
482 232 0
482 231 0
482 230 0
483 229 0
483 228 0
484 227 0
484 226 0
484 225 0
485 224 0
485 223 0
486 222 0
486 221 0
486 220 0
486 219 0
487 218 0
488 217 0
488 216 0
489 215 0
489 214 0
489 213 0
490 212 0
490 211 0
490 210 0
491 209 0
491 208 0
492 207 0
493 207 0
494 206 0
495 205 0
496 204 0
497 203 0
497 202 0
498 201 0
498 200 0
498 199 0
498 198 0
498 197 0
498 196 0
498 195 0
498 194 0
498 193 0
498 192 0
499 191 0
499 190 0
499 189 0
500 188 0
500 187 0
500 186 0
501 185 0
501 184 0
502 183 0
502 182 0
502 181 0
503 180 0
503 179 0
504 178 0
504 177 0
505 176 0
505 175 0
506 174 0
506 173 0
507 172 0
507 171 0
508 170 0
508 169 0
509 168 0
510 167 0
510 166 0
511 165 0
512 164 0
512 163 0
512 162 0
511 161 0
510 162 0
509 163 0
509 164 0
508 165 0
507 166 0
507 167 0
506 168 0
505 169 0
505 170 0
504 171 0
504 172 0
503 173 0
503 174 0
502 175 0
502 176 0
501 177 0
501 178 0
500 179 0
500 180 0
499 181 0
499 182 0
498 183 0
498 184 0
498 185 0
497 186 0
497 187 0
497 188 0
496 189 0
496 190 0
495 191 0
495 192 0
495 193 0
495 194 0
495 195 0
495 196 0
495 197 0
495 198 0
495 199 0
495 200 0
495 201 0
494 202 0
494 203 0
493 204 0
492 205 0
491 205 0
490 206 0
489 207 0
488 208 0
488 209 0
487 210 0
487 211 0
487 212 0
486 213 0
486 214 0
486 215 0
485 216 0
484 217 0
484 218 0
483 219 0
483 220 0
483 221 0
482 222 0
482 223 0
481 224 0
481 225 0
481 226 0
480 227 0
480 228 0
479 229 0
479 230 0
478 231 0
478 232 0
478 233 0
477 234 0
477 235 0
477 236 0
477 237 0
476 238 0
476 239 0
475 240 0
475 241 0
475 242 0
475 243 0
474 244 0
474 245 0
474 246 0
474 247 0
474 248 0
474 249 0
474 250 0
473 251 0
473 252 0
473 253 0
473 254 0
473 255 0
472 256 0
472 257 0
472 258 0
472 259 0
472 260 0
472 261 0
472 262 0
472 263 0
471 264 0
471 265 0
471 266 0
471 267 0
470 268 0
470 269 0
470 270 0
470 271 0
470 272 0
469 273 0
469 274 0
469 275 0
469 276 0
469 277 0
469 278 0
469 279 0
468 280 0
468 281 0
468 282 0
468 283 0
468 284 0
467 285 0
467 286 0
467 287 0
467 288 0
467 289 0
466 290 0
466 291 0
466 292 0
465 293 0
465 294 0
465 295 0
465 296 0
465 297 0
465 298 0
465 299 0
464 300 0
464 301 0
464 302 0
464 303 0
464 304 0
463 305 0
463 306 0
463 307 0
463 308 0
463 309 0
463 310 0
463 311 0
463 312 0
463 313 0
463 314 0
463 315 0
462 316 0
462 317 0
462 318 0
462 319 0
462 320 0
462 321 0
461 322 0
461 323 0
461 324 0
461 325 0
461 326 0
461 327 0
460 328 0
460 329 0
460 330 0
460 331 0
460 332 0
460 333 0
459 334 0
459 335 0
459 336 0
459 337 0
459 338 0
458 339 0
458 340 0
458 341 0
458 342 0
458 343 0
457 344 0
457 345 0
457 346 0
457 347 0
456 348 0
456 349 0
456 350 0
456 351 0
456 352 0
455 353 0
455 354 0
455 355 0
455 356 0
454 357 0
454 358 0
454 359 0
453 360 0
453 361 0
452 362 0
452 363 0
452 364 0
451 365 0
451 366 0
451 367 0
450 368 0
450 369 0
449 370 0
449 371 0
448 372 0
448 373 0
447 374 0
447 375 0
446 376 0
446 377 0
445 378 0
445 379 0
444 380 0
444 381 0
443 382 0
443 383 0
442 384 0
442 385 0
441 386 0
441 387 0
440 388 0
440 389 0
440 390 0
439 391 0
439 392 0
439 393 0
391 433 0
392 433 0
393 433 0
394 433 0
395 433 0
396 433 0
397 433 0
398 432 0
399 432 0
400 432 0
401 432 0
402 432 0
403 431 0
404 431 0
405 430 0
406 430 0
407 429 0
408 428 0
409 427 0
410 427 0
411 426 0
412 426 0
413 425 0
414 424 0
415 424 0
416 423 0
417 422 0
418 422 0
419 421 0
420 420 0
421 419 0
422 418 0
423 417 0
424 416 0
425 416 0
426 415 0
427 414 0
428 413 0
428 412 0
429 411 0
430 410 0
431 409 0
432 408 0
433 407 0
433 406 0
434 405 0
435 404 0
436 403 0
436 402 0
437 401 0
437 400 0
438 399 0
438 398 0
439 397 0
440 396 0
439 395 0
438 394 0
437 395 0
437 396 0
436 397 0
435 398 0
435 399 0
434 400 0
434 401 0
433 402 0
432 403 0
432 404 0
431 405 0
430 406 0
430 407 0
429 408 0
428 409 0
427 410 0
426 411 0
425 412 0
424 413 0
423 414 0
422 415 0
421 416 0
420 417 0
419 418 0
418 418 0
417 419 0
416 420 0
415 421 0
414 421 0
413 422 0
412 423 0
411 423 0
410 424 0
409 424 0
408 425 0
407 426 0
406 427 0
405 427 0
404 428 0
403 429 0
402 429 0
401 429 0
400 430 0
401 429 0
402 429 0
403 429 0
404 428 0
404 427 0
405 427 0
406 426 0
407 425 0
408 425 0
409 424 0
410 423 0
411 423 0
412 422 0
413 421 0
414 421 0
415 420 0
416 419 0
417 419 0
418 418 0
419 417 0
420 416 0
421 415 0
422 414 0
423 413 0
424 412 0
425 411 0
426 410 0
427 409 0
428 408 0
429 407 0
430 406 0
430 405 0
431 404 0
432 403 0
432 402 0
433 401 0
434 400 0
434 399 0
435 398 0
435 397 0
436 396 0
437 395 0
437 394 0
438 393 0
439 392 0
439 391 0
440 390 0
440 389 0
440 388 0
440 387 0
441 386 0
441 385 0
442 384 0
442 383 0
443 382 0
443 381 0
444 380 0
444 379 0
445 378 0
446 377 0
446 376 0
446 375 0
447 374 0
447 373 0
448 372 0
449 371 0
449 370 0
450 369 0
450 368 0
451 367 0
451 366 0
451 365 0
452 364 0
452 363 0
452 362 0
452 361 0
453 360 0
454 359 0
454 358 0
454 357 0
455 356 0
455 355 0
455 354 0
455 353 0
456 352 0
456 351 0
456 350 0
456 349 0
456 348 0
457 347 0
457 346 0
457 345 0
457 344 0
458 343 0
458 342 0
458 341 0
458 340 0
458 339 0
459 338 0
459 337 0
459 336 0
459 335 0
459 334 0
460 333 0
460 332 0
460 331 0
460 330 0
460 329 0
460 328 0
461 327 0
461 326 0
461 325 0
461 324 0
461 323 0
461 322 0
462 321 0
462 320 0
462 319 0
462 318 0
462 317 0
462 316 0
463 315 0
463 314 0
463 313 0
463 312 0
463 311 0
463 310 0
463 309 0
463 308 0
463 307 0
463 306 0
463 305 0
464 304 0
464 303 0
464 302 0
464 301 0
464 300 0
465 299 0
465 298 0
465 297 0
465 296 0
465 295 0
465 294 0
465 293 0
466 292 0
466 291 0
466 290 0
466 289 0
467 288 0
467 287 0
467 286 0
467 285 0
468 284 0
468 283 0
468 282 0
468 281 0
468 280 0
469 279 0
469 278 0
469 277 0
469 276 0
469 275 0
469 274 0
469 273 0
470 272 0
470 271 0
470 270 0
470 269 0
470 268 0
471 267 0
471 266 0
471 265 0
471 264 0
471 263 0
472 262 0
472 261 0
472 260 0
472 259 0
472 258 0
472 257 0
472 256 0
473 255 0
473 254 0
473 253 0
473 252 0
473 251 0
474 250 0
474 249 0
474 248 0
474 247 0
474 246 0
474 245 0
474 244 0
475 243 0
475 242 0
475 241 0
475 240 0
476 239 0
476 238 0
476 237 0
477 236 0
477 235 0
477 234 0
478 233 0
478 232 0
478 231 0
479 230 0
479 229 0
480 228 0
480 227 0
480 226 0
481 225 0
481 224 0
482 223 0
482 222 0
483 221 0
483 220 0
483 219 0
484 218 0
484 217 0
484 216 0
485 215 0
486 214 0
486 213 0
487 212 0
487 211 0
487 210 0
488 209 0
488 208 0
488 207 0
489 206 0
490 206 0
491 205 0
492 204 0
493 203 0
494 202 0
494 201 0
495 200 0
495 199 0
495 198 0
495 197 0
495 196 0
495 195 0
495 194 0
495 193 0
495 192 0
495 191 0
496 190 0
496 189 0
496 188 0
497 187 0
497 186 0
498 185 0
498 184 0
498 183 0
499 182 0
499 181 0
499 180 0
500 179 0
500 178 0
501 177 0
501 176 0
502 175 0
502 174 0
503 173 0
504 172 0
504 171 0
504 170 0
505 169 0
505 168 0
506 167 0
507 166 0
507 165 0
508 164 0
509 163 0
509 162 0
510 162 0
511 161 0
512 161 0
513 161 0
514 160 0
515 160 0
516 159 0
517 158 0
518 157 0
519 156 0
519 155 0
519 154 0
520 153 0
520 152 0
520 151 0
520 150 0
520 149 0
520 148 0
521 147 0
521 146 0
521 145 0
521 144 0
522 143 0
522 142 0
522 141 0
523 140 0
523 139 0
524 138 0
524 137 0
525 136 0
526 135 0
527 134 0
527 133 0
528 132 0
528 131 0
529 130 0
529 129 0
530 128 0
530 127 0
531 126 0
531 125 0
532 124 0
532 123 0
532 122 0
533 121 0
533 120 0
534 119 0
534 118 0
535 117 0
535 116 0
536 115 0
536 114 0
537 113 0
537 112 0
538 111 0
538 110 0
539 109 0
539 108 0
540 107 0
540 106 0
541 105 0
541 104 0
542 103 0
542 102 0
543 101 0
543 100 0
544 99 0
544 98 0
545 97 0
545 96 0
546 95 0
546 94 0
547 93 0
547 92 0
548 91 0
547 92 0
547 93 0
547 94 0
546 95 0
546 96 0
545 97 0
545 98 0
544 99 0
544 100 0
543 101 0
543 102 0
542 103 0
542 104 0
541 105 0
541 106 0
540 107 0
540 108 0
539 109 0
539 110 0
538 111 0
537 112 0
537 113 0
537 114 0
536 115 0
536 116 0
535 117 0
535 118 0
534 119 0
534 120 0
533 121 0
532 122 0
532 123 0
532 124 0
531 125 0
531 126 0
531 127 0
530 128 0
530 129 0
529 130 0
529 131 0
528 132 0
528 133 0
527 134 0
527 135 0
526 136 0
525 137 0
524 138 0
524 139 0
523 140 0
523 141 0
522 142 0
522 143 0
521 144 0
521 145 0
521 146 0
521 147 0
520 148 0
520 149 0
520 150 0
520 151 0
520 152 0
520 153 0
519 154 0
519 155 0
519 156 0
519 157 0
518 158 0
517 159 0
516 160 0
515 160 0
514 160 0
513 161 0
512 162 0
512 163 0
512 164 0
512 165 0
511 166 0
510 167 0
510 168 0
509 169 0
508 170 0
508 171 0
507 172 0
507 173 0
506 174 0
506 175 0
505 176 0
505 177 0
504 178 0
503 179 0
503 180 0
502 181 0
502 182 0
502 183 0
502 184 0
501 185 0
501 186 0
500 187 0
500 188 0
499 189 0
499 190 0
499 191 0
498 192 0
498 193 0
498 194 0
498 195 0
498 196 0
498 197 0
498 198 0
498 199 0
498 200 0
498 201 0
497 202 0
497 203 0
497 204 0
496 205 0
495 206 0
494 207 0
493 207 0
492 208 0
491 209 0
491 210 0
490 211 0
490 212 0
489 213 0
489 214 0
489 215 0
488 216 0
488 217 0
487 218 0
487 219 0
486 220 0
486 221 0
486 222 0
485 223 0
485 224 0
485 225 0
484 226 0
484 227 0
483 228 0
483 229 0
483 230 0
482 231 0
482 232 0
481 233 0
481 234 0
481 235 0
480 236 0
480 237 0
479 238 0
479 239 0
479 240 0
478 241 0
478 242 0
478 243 0
478 244 0
478 245 0
478 246 0
477 247 0
477 248 0
478 249 0
478 250 0
478 251 0
478 252 0
477 253 0
477 254 0
477 255 0
477 256 0
477 257 0
477 258 0
477 259 0
477 260 0
477 261 0
476 262 0
476 263 0
475 264 0
474 265 0
474 266 0
474 267 0
474 268 0
474 269 0
473 270 0
473 271 0
473 272 0
473 273 0
473 274 0
472 275 0
472 276 0
472 277 0
472 278 0
472 279 0
471 280 0
471 281 0
471 282 0
471 283 0
471 284 0
470 285 0
470 286 0
470 287 0
470 288 0
470 289 0
470 290 0
469 291 0
469 292 0
469 293 0
469 294 0
469 295 0
469 296 0
468 297 0
468 298 0
468 299 0
468 300 0
468 301 0
467 302 0
467 303 0
467 304 0
467 305 0
467 306 0
467 307 0
466 308 0
466 309 0
466 310 0
466 311 0
466 312 0
466 313 0
466 314 0
466 315 0
465 316 0
465 317 0
465 318 0
465 319 0
465 320 0
465 321 0
464 322 0
464 323 0
464 324 0
464 325 0
464 326 0
464 327 0
464 328 0
463 329 0
463 330 0
463 331 0
463 332 0
463 333 0
462 334 0
462 335 0
462 336 0
462 337 0
462 338 0
462 339 0
461 340 0
461 341 0
461 342 0
461 343 0
460 344 0
460 345 0
460 346 0
460 347 0
460 348 0
459 349 0
459 350 0
459 351 0
459 352 0
459 353 0
458 354 0
458 355 0
458 356 0
457 357 0
457 358 0
457 359 0
457 360 0
456 361 0
456 362 0
455 363 0
455 364 0
454 365 0
454 366 0
454 367 0
453 368 0
453 369 0
453 370 0
452 371 0
452 372 0
451 373 0
451 374 0
451 375 0
451 376 0
450 377 0
450 378 0
449 379 0
448 380 0
448 381 0
448 382 0
447 383 0
447 384 0
446 385 0
445 386 0
444 387 0
444 388 0
444 389 0
444 390 0
443 391 0
443 392 0
443 393 0
442 394 0
441 394 0
440 395 0
440 396 0
440 397 0
439 398 0
438 399 0
438 400 0
437 401 0
437 402 0
436 403 0
436 404 0
435 405 0
434 406 0
433 407 0
433 408 0
432 409 0
431 410 0
430 411 0
429 412 0
428 413 0
428 414 0
427 415 0
426 416 0
425 416 0
424 417 0
423 418 0
422 419 0
421 420 0
420 421 0
419 422 0
418 422 0
417 423 0
416 424 0
415 424 0
414 425 0
413 426 0
412 426 0
411 427 0
410 427 0
409 428 0
408 429 0
407 430 0
406 430 0
405 431 0
404 431 0
403 432 0
402 432 0
401 432 0
400 432 0
399 432 0
398 432 0
397 433 0
396 433 0
395 433 0
394 433 0
393 433 0
392 433 0
