527 148 0
527 147 0
528 146 0
529 145 0
530 144 0
530 143 0
531 142 0
532 141 0
533 140 0
533 139 0
534 138 0
534 137 0
535 136 0
536 135 0
537 134 0
537 133 0
538 132 0
539 131 0
539 130 0
540 129 0
540 128 0
541 127 0
541 126 0
542 125 0
543 124 0
543 123 0
544 122 0
544 121 0
545 120 0
546 119 0
546 118 0
547 117 0
547 116 0
548 115 0
548 114 0
549 113 0
550 112 0
550 111 0
550 110 0
551 109 0
551 108 0
552 107 0
552 106 0
553 105 0
553 104 0
554 103 0
554 102 0
555 101 0
555 100 0
555 101 0
555 102 0
554 103 0
554 104 0
553 105 0
552 106 0
552 107 0
552 108 0
551 109 0
551 110 0
550 111 0
550 112 0
549 113 0
549 114 0
548 115 0
548 116 0
547 117 0
547 118 0
546 119 0
546 120 0
545 121 0
544 122 0
544 123 0
543 124 0
543 125 0
542 126 0
541 127 0
541 128 0
540 129 0
540 130 0
539 131 0
539 132 0
538 133 0
537 134 0
537 135 0
536 136 0
535 137 0
534 138 0
534 139 0
533 140 0
533 141 0
532 142 0
531 143 0
530 144 0
530 145 0
529 146 0
528 147 0
528 152 0
529 151 0
529 150 0
530 149 0
530 148 0
531 147 0
532 146 0
533 145 0
533 144 0
534 143 0
535 142 0
536 141 0
536 140 0
537 139 0
537 138 0
538 137 0
539 136 0
540 135 0
540 134 0
541 133 0
542 132 0
542 131 0
543 130 0
544 129 0
544 128 0
545 127 0
546 126 0
546 125 0
546 124 0
547 123 0
548 122 0
548 121 0
549 120 0
549 119 0
550 118 0
551 117 0
551 118 0
550 119 0
549 120 0
548 121 0
548 122 0
548 123 0
547 124 0
546 125 0
546 126 0
546 127 0
545 128 0
544 129 0
544 130 0
543 131 0
542 132 0
542 133 0
541 134 0
540 135 0
540 136 0
539 137 0
538 138 0
537 139 0
537 140 0
536 141 0
536 142 0
535 143 0
534 144 0
533 145 0
533 146 0
532 147 0
531 148 0
530 149 0
530 150 0
529 151 0
464 320 0
465 319 0
465 318 0
465 317 0
465 316 0
466 315 0
466 314 0
466 313 0
466 314 0
466 315 0
465 316 0
465 317 0
465 318 0
465 319 0
465 320 0
392 431 0
393 431 0
394 430 0
395 430 0
396 429 0
397 429 0
398 429 0
399 428 0
400 428 0
401 427 0
402 427 0
403 426 0
404 426 0
405 425 0
406 424 0
407 424 0
408 423 0
409 422 0
410 421 0
411 420 0
412 419 0
413 419 0
414 418 0
415 417 0
416 416 0
417 416 0
418 415 0
419 415 0
420 414 0
421 413 0
422 412 0
423 411 0
424 410 0
424 409 0
425 408 0
426 407 0
427 406 0
428 405 0
428 404 0
429 403 0
430 402 0
430 401 0
431 400 0
431 399 0
432 398 0
433 397 0
433 396 0
434 395 0
435 394 0
435 393 0
436 392 0
436 391 0
437 390 0
438 389 0
438 388 0
439 387 0
439 386 0
440 385 0
440 384 0
440 383 0
441 382 0
441 381 0
442 380 0
442 379 0
443 378 0
443 377 0
444 376 0
444 375 0
445 374 0
445 373 0
445 372 0
445 371 0
446 370 0
446 369 0
447 368 0
447 367 0
447 366 0
448 365 0
448 364 0
448 363 0
449 362 0
449 361 0
449 360 0
449 359 0
449 358 0
449 357 0
450 356 0
450 355 0
451 354 0
451 353 0
451 352 0
451 351 0
451 350 0
452 349 0
452 348 0
452 347 0
452 346 0
453 345 0
453 344 0
453 343 0
453 342 0
453 341 0
453 340 0
454 339 0
454 338 0
454 337 0
454 336 0
455 335 0
455 334 0
455 333 0
455 332 0
456 331 0
456 330 0
456 329 0
457 328 0
457 327 0
457 326 0
457 325 0
457 324 0
457 323 0
457 322 0
458 321 0
458 320 0
458 319 0
458 318 0
459 317 0
459 316 0
459 315 0
459 314 0
459 313 0
460 312 0
460 311 0
460 310 0
460 309 0
460 308 0
461 307 0
461 306 0
461 305 0
461 304 0
461 303 0
461 302 0
462 301 0
462 300 0
462 299 0
463 298 0
463 297 0
463 296 0
463 295 0
463 294 0
464 293 0
464 292 0
464 291 0
465 290 0
465 289 0
465 288 0
465 287 0
465 286 0
465 285 0
465 284 0
466 283 0
466 282 0
466 281 0
466 280 0
466 279 0
467 278 0
468 277 0
468 276 0
468 275 0
468 274 0
469 273 0
469 272 0
469 271 0
469 270 0
469 269 0
470 268 0
470 267 0
470 266 0
470 265 0
471 264 0
471 263 0
471 262 0
471 261 0
471 260 0
472 259 0
472 258 0
472 257 0
473 256 0
473 255 0
473 254 0
473 253 0
474 252 0
474 251 0
474 250 0
474 249 0
474 248 0
474 247 0
474 246 0
475 245 0
475 244 0
475 243 0
475 242 0
476 241 0
476 240 0
477 239 0
477 238 0
477 237 0
477 236 0
477 235 0
478 234 0
478 233 0
478 232 0
479 231 0
479 230 0
479 229 0
480 228 0
480 227 0
480 226 0
480 225 0
481 224 0
481 223 0
482 222 0
482 221 0
483 220 0
483 219 0
484 218 0
484 217 0
484 216 0
485 215 0
485 214 0
486 214 0
487 213 0
488 213 0
489 213 0
490 213 0
491 212 0
492 211 0
493 210 0
494 209 0
494 208 0
495 207 0
496 206 0
496 205 0
496 204 0
497 203 0
497 202 0
497 201 0
497 200 0
497 199 0
498 198 0
498 197 0
498 196 0
498 195 0
498 194 0
499 193 0
499 192 0
499 191 0
499 190 0
499 189 0
500 188 0
500 187 0
501 186 0
502 185 0
503 184 0
504 183 0
505 182 0
505 181 0
506 180 0
506 179 0
507 178 0
508 177 0
508 176 0
509 175 0
510 174 0
511 173 0
512 173 0
513 172 0
514 171 0
515 170 0
516 169 0
516 168 0
517 167 0
517 166 0
518 165 0
519 164 0
519 163 0
519 162 0
519 161 0
520 160 0
520 159 0
520 158 0
521 157 0
522 156 0
522 155 0
523 154 0
523 155 0
522 156 0
522 157 0
521 158 0
520 159 0
520 160 0
519 161 0
519 162 0
519 163 0
519 164 0
518 165 0
518 166 0
517 167 0
517 168 0
516 169 0
516 170 0
515 171 0
514 171 0
513 172 0
512 173 0
511 173 0
510 174 0
510 175 0
509 176 0
508 177 0
508 178 0
507 179 0
506 180 0
506 181 0
505 182 0
505 183 0
504 184 0
503 185 0
502 186 0
501 187 0
500 188 0
500 189 0
499 190 0
499 191 0
499 192 0
499 193 0
498 194 0
498 195 0
498 196 0
498 197 0
498 198 0
497 199 0
497 200 0
497 201 0
497 202 0
497 203 0
496 204 0
496 205 0
496 206 0
495 207 0
495 208 0
494 209 0
494 210 0
493 211 0
492 212 0
491 212 0
490 213 0
489 213 0
488 213 0
487 213 0
486 214 0
485 215 0
485 216 0
484 217 0
484 218 0
484 219 0
483 220 0
482 221 0
482 222 0
482 223 0
481 224 0
481 225 0
480 226 0
480 227 0
480 228 0
479 229 0
479 230 0
479 231 0
478 232 0
478 233 0
478 234 0
477 235 0
477 236 0
477 237 0
477 238 0
477 239 0
476 240 0
476 241 0
475 242 0
475 243 0
475 244 0
475 245 0
474 246 0
474 247 0
474 248 0
474 249 0
474 250 0
474 251 0
474 252 0
473 253 0
473 254 0
473 255 0
473 256 0
473 257 0
472 258 0
472 259 0
471 260 0
471 261 0
471 262 0
471 263 0
471 264 0
471 265 0
470 266 0
470 267 0
470 268 0
469 269 0
469 270 0
469 271 0
469 272 0
469 273 0
468 274 0
468 275 0
468 276 0
468 277 0
468 278 0
467 279 0
466 280 0
466 281 0
466 282 0
466 283 0
465 284 0
465 285 0
465 286 0
465 287 0
465 288 0
465 289 0
465 290 0
464 291 0
464 292 0
464 293 0
463 294 0
463 295 0
463 296 0
463 297 0
463 298 0
462 299 0
462 300 0
462 301 0
461 302 0
461 303 0
461 304 0
461 305 0
461 306 0
461 307 0
460 308 0
460 309 0
460 310 0
460 311 0
460 312 0
459 313 0
459 314 0
459 315 0
459 316 0
459 317 0
458 318 0
458 319 0
458 320 0
458 321 0
457 322 0
457 323 0
457 324 0
457 325 0
457 326 0
457 327 0
457 328 0
456 329 0
456 330 0
456 331 0
456 332 0
455 333 0
455 334 0
455 335 0
454 336 0
454 337 0
454 338 0
454 339 0
453 340 0
453 341 0
453 342 0
453 343 0
453 344 0
453 345 0
452 346 0
452 347 0
452 348 0
452 349 0
451 350 0
451 351 0
451 352 0
451 353 0
451 354 0
450 355 0
450 356 0
449 357 0
449 358 0
449 359 0
449 360 0
449 361 0
449 362 0
448 363 0
448 364 0
448 365 0
447 366 0
447 367 0
447 368 0
446 369 0
446 370 0
445 371 0
445 372 0
445 373 0
445 374 0
444 375 0
444 376 0
443 377 0
443 378 0
443 379 0
442 380 0
442 381 0
441 382 0
441 383 0
440 384 0
440 385 0
440 386 0
439 387 0
439 388 0
438 389 0
437 390 0
437 391 0
436 392 0
436 393 0
435 394 0
435 395 0
434 396 0
433 397 0
433 398 0
432 399 0
431 400 0
431 401 0
430 402 0
430 403 0
429 404 0
428 405 0
428 406 0
427 407 0
426 408 0
425 409 0
424 410 0
423 411 0
423 412 0
422 412 0
421 413 0
420 414 0
419 415 0
418 416 0
417 416 0
416 417 0
415 418 0
414 419 0
413 419 0
412 420 0
411 421 0
410 422 0
409 423 0
408 423 0
407 424 0
406 425 0
405 425 0
404 426 0
403 426 0
402 427 0
401 427 0
400 428 0
399 428 0
398 429 0
397 429 0
396 429 0
395 430 0
394 430 0
393 431 0
364 437 0
365 437 0
366 437 0
367 437 0
368 437 0
369 437 0
370 437 0
371 437 0
372 437 0
373 436 0
374 436 0
375 436 0
376 436 0
377 436 0
378 436 0
379 436 0
380 436 0
381 436 0
382 436 0
383 436 0
384 435 0
385 435 0
386 435 0
387 435 0
388 435 0
389 435 0
390 434 0
391 434 0
392 434 0
393 433 0
394 433 0
395 432 0
396 432 0
397 432 0
398 431 0
399 431 0
400 431 0
401 430 0
402 430 0
403 429 0
404 429 0
405 428 0
406 428 0
407 427 0
408 426 0
409 426 0
410 425 0
411 424 0
412 423 0
413 422 0
414 422 0
415 421 0
416 420 0
417 419 0
418 419 0
419 418 0
420 417 0
421 417 0
422 416 0
423 415 0
424 414 0
425 413 0
426 412 0
427 411 0
428 410 0
428 409 0
429 408 0
430 407 0
431 406 0
432 405 0
432 404 0
433 403 0
434 402 0
435 401 0
435 400 0
436 399 0
437 398 0
437 397 0
437 396 0
438 395 0
438 394 0
439 393 0
440 392 0
441 391 0
441 390 0
442 389 0
442 388 0
442 387 0
443 386 0
443 385 0
444 384 0
445 383 0
445 382 0
445 381 0
446 380 0
446 379 0
446 378 0
447 377 0
447 376 0
448 375 0
448 374 0
448 373 0
448 372 0
449 371 0
449 370 0
450 369 0
450 368 0
450 367 0
451 366 0
451 365 0
451 364 0
452 363 0
452 362 0
452 361 0
452 360 0
452 359 0
453 358 0
453 357 0
453 356 0
453 355 0
454 354 0
454 353 0
454 352 0
454 351 0
454 350 0
455 349 0
455 348 0
455 347 0
455 346 0
456 345 0
456 344 0
456 343 0
456 342 0
456 341 0
457 340 0
457 339 0
457 338 0
457 337 0
458 336 0
458 335 0
458 334 0
458 333 0
458 332 0
459 331 0
459 330 0
459 329 0
460 328 0
460 327 0
460 326 0
460 325 0
460 324 0
460 323 0
461 322 0
461 321 0
461 320 0
461 319 0
461 318 0
462 317 0
462 316 0
462 315 0
462 314 0
462 313 0
463 312 0
463 311 0
463 310 0
463 309 0
464 308 0
464 307 0
464 306 0
464 305 0
464 304 0
464 303 0
464 302 0
465 301 0
465 300 0
465 299 0
466 298 0
466 297 0
466 296 0
466 295 0
467 294 0
467 293 0
467 292 0
467 291 0
468 290 0
468 289 0
468 288 0
468 287 0
468 286 0
467 285 0
468 285 0
469 284 0
469 283 0
469 282 0
469 281 0
470 280 0
470 279 0
470 278 0
471 277 0
471 276 0
471 275 0
472 274 0
472 273 0
472 272 0
472 271 0
473 270 0
474 270 0
475 269 0
475 268 0
475 267 0
475 266 0
475 265 0
476 264 0
476 263 0
476 262 0
476 261 0
476 260 0
476 259 0
477 258 0
477 257 0
477 256 0
478 255 0
478 254 0
478 253 0
478 252 0
478 251 0
479 250 0
479 249 0
479 248 0
478 247 0
478 246 0
478 245 0
478 244 0
478 243 0
479 242 0
479 241 0
480 240 0
480 239 0
480 238 0
480 237 0
481 236 0
481 235 0
481 234 0
482 233 0
482 232 0
482 231 0
482 230 0
483 229 0
483 228 0
484 227 0
484 226 0
484 225 0
485 224 0
485 223 0
485 222 0
486 221 0
487 220 0
487 219 0
487 218 0
488 217 0
488 216 0
488 215 0
489 216 0
490 215 0
491 215 0
492 215 0
493 214 0
494 214 0
495 213 0
496 212 0
496 211 0
497 210 0
497 209 0
498 208 0
498 207 0
499 206 0
499 205 0
500 204 0
500 203 0
500 202 0
500 201 0
501 200 0
501 199 0
501 198 0
501 197 0
501 196 0
502 195 0
502 194 0
502 193 0
502 192 0
502 191 0
503 190 0
503 189 0
504 188 0
505 187 0
506 186 0
506 185 0
507 184 0
508 183 0
508 182 0
509 181 0
510 180 0
510 179 0
511 178 0
511 177 0
512 176 0
513 175 0
514 174 0
515 174 0
516 173 0
517 172 0
518 171 0
519 170 0
520 169 0
520 168 0
520 167 0
521 166 0
521 165 0
522 164 0
522 163 0
522 162 0
522 161 0
523 160 0
523 159 0
524 158 0
525 157 0
525 156 0
526 155 0
525 156 0
525 157 0
525 158 0
524 159 0
523 160 0
523 161 0
522 162 0
522 163 0
522 164 0
521 165 0
521 166 0
521 167 0
520 168 0
520 169 0
519 170 0
519 171 0
518 172 0
517 173 0
516 174 0
515 174 0
514 175 0
513 176 0
512 177 0
511 178 0
511 179 0
510 180 0
510 181 0
509 182 0
508 183 0
508 184 0
507 185 0
506 186 0
506 187 0
505 188 0
504 189 0
503 190 0
502 191 0
502 192 0
502 193 0
502 194 0
502 195 0
501 196 0
501 197 0
501 198 0
501 199 0
501 200 0
500 201 0
500 202 0
500 203 0
500 204 0
499 205 0
499 206 0
499 207 0
498 208 0
498 209 0
497 210 0
497 211 0
496 212 0
496 213 0
495 214 0
494 214 0
493 214 0
492 215 0
491 215 0
490 215 0
489 216 0
488 217 0
487 218 0
487 219 0
487 220 0
486 221 0
486 222 0
485 223 0
485 224 0
484 225 0
484 226 0
484 227 0
483 228 0
483 229 0
482 230 0
482 231 0
482 232 0
482 233 0
481 234 0
481 235 0
481 236 0
480 237 0
480 238 0
480 239 0
480 240 0
479 241 0
479 242 0
479 243 0
478 244 0
478 245 0
478 246 0
479 247 0
479 248 0
479 249 0
479 250 0
478 251 0
478 252 0
478 253 0
478 254 0
478 255 0
477 256 0
477 257 0
477 258 0
476 259 0
476 260 0
476 261 0
476 262 0
476 263 0
476 264 0
475 265 0
475 266 0
475 267 0
475 268 0
475 269 0
474 270 0
473 270 0
472 271 0
472 272 0
472 273 0
472 274 0
471 275 0
471 276 0
471 277 0
470 278 0
470 279 0
470 280 0
469 281 0
469 282 0
469 283 0
469 284 0
469 285 0
468 286 0
468 287 0
468 288 0
468 289 0
468 290 0
467 291 0
467 292 0
467 293 0
467 294 0
466 295 0
466 296 0
466 297 0
466 298 0
465 299 0
465 300 0
465 301 0
464 302 0
464 303 0
464 304 0
464 305 0
464 306 0
464 307 0
464 308 0
463 309 0
463 310 0
463 311 0
463 312 0
462 313 0
462 314 0
462 315 0
462 316 0
462 317 0
461 318 0
461 319 0
461 320 0
461 321 0
461 322 0
460 323 0
460 324 0
460 325 0
460 326 0
460 327 0
460 328 0
459 329 0
459 330 0
459 331 0
458 332 0
458 333 0
458 334 0
458 335 0
458 336 0
457 337 0
457 338 0
457 339 0
457 340 0
456 341 0
456 342 0
456 343 0
456 344 0
456 345 0
455 346 0
455 347 0
455 348 0
455 349 0
454 350 0
454 351 0
454 352 0
454 353 0
454 354 0
453 355 0
453 356 0
453 357 0
453 358 0
452 359 0
452 360 0
452 361 0
452 362 0
452 363 0
451 364 0
451 365 0
451 366 0
450 367 0
450 368 0
450 369 0
450 370 0
449 371 0
449 372 0
448 373 0
448 374 0
448 375 0
447 376 0
447 377 0
447 378 0
446 379 0
446 380 0
446 381 0
445 382 0
445 383 0
445 384 0
444 385 0
443 386 0
443 387 0
442 388 0
442 389 0
442 390 0
441 391 0
441 392 0
440 393 0
439 394 0
438 395 0
438 396 0
437 397 0
437 398 0
437 399 0
436 400 0
435 401 0
435 402 0
434 403 0
433 404 0
432 405 0
432 406 0
431 407 0
430 408 0
429 409 0
428 410 0
428 411 0
427 412 0
426 413 0
425 414 0
424 415 0
423 416 0
422 417 0
421 417 0
420 418 0
419 419 0
418 419 0
417 420 0
416 421 0
415 422 0
414 422 0
413 423 0
412 424 0
411 425 0
410 426 0
409 426 0
408 427 0
407 428 0
406 428 0
405 429 0
404 429 0
403 430 0
402 430 0
401 430 0
400 431 0
399 431 0
398 431 0
397 432 0
396 432 0
395 433 0
394 433 0
393 433 0
392 434 0
391 434 0
390 434 0
389 435 0
388 435 0
387 435 0
386 435 0
385 435 0
384 435 0
383 436 0
382 436 0
381 436 0
380 436 0
379 436 0
378 436 0
377 436 0
376 436 0
375 436 0
374 436 0
373 436 0
372 437 0
371 437 0
370 437 0
369 437 0
368 437 0
367 437 0
366 437 0
365 437 0
