491 216 0
492 215 0
493 215 0
494 214 0
495 213 0
496 212 0
497 211 0
498 210 0
498 209 0
499 208 0
499 207 0
499 206 0
500 205 0
500 204 0
500 203 0
501 202 0
501 201 0
501 200 0
501 199 0
502 198 0
502 197 0
502 196 0
502 195 0
503 194 0
503 193 0
503 192 0
503 191 0
503 190 0
504 189 0
505 188 0
505 187 0
506 186 0
507 185 0
508 184 0
509 183 0
509 182 0
510 181 0
510 180 0
511 179 0
511 178 0
512 177 0
513 176 0
513 175 0
514 175 0
515 174 0
516 174 0
517 173 0
518 172 0
519 171 0
520 170 0
521 169 0
521 168 0
522 167 0
522 166 0
522 165 0
522 164 0
523 163 0
523 162 0
523 161 0
524 160 0
524 159 0
525 158 0
525 157 0
526 156 0
527 155 0
527 154 0
528 153 0
529 152 0
529 151 0
530 150 0
531 149 0
531 148 0
532 147 0
533 146 0
533 145 0
534 144 0
535 143 0
536 142 0
536 141 0
537 140 0
537 141 0
536 142 0
536 143 0
535 144 0
534 145 0
533 146 0
533 147 0
532 148 0
531 149 0
530 150 0
529 151 0
529 152 0
528 153 0
528 154 0
527 155 0
527 156 0
526 157 0
525 158 0
525 159 0
524 160 0
523 161 0
523 162 0
523 163 0
522 164 0
522 165 0
522 166 0
522 167 0
521 168 0
521 169 0
520 170 0
520 171 0
519 172 0
518 173 0
517 173 0
516 174 0
515 174 0
514 175 0
513 176 0
513 177 0
512 178 0
511 179 0
511 180 0
510 181 0
510 182 0
509 183 0
509 184 0
508 185 0
507 186 0
506 187 0
505 188 0
505 189 0
504 189 0
503 190 0
503 191 0
503 192 0
503 193 0
503 194 0
502 195 0
502 196 0
502 197 0
502 198 0
501 199 0
501 200 0
501 201 0
501 202 0
500 203 0
500 204 0
500 205 0
499 206 0
499 207 0
499 208 0
498 209 0
498 210 0
498 211 0
497 212 0
496 213 0
495 214 0
494 214 0
493 215 0
492 216 0
473 251 0
474 252 0
475 252 0
476 251 0
477 250 0
477 249 0
477 248 0
478 247 0
478 246 0
479 245 0
479 244 0
479 243 0
480 242 0
480 241 0
480 240 0
480 239 0
481 238 0
481 237 0
481 236 0
481 235 0
481 234 0
482 233 0
482 232 0
483 231 0
483 230 0
484 229 0
484 228 0
484 227 0
485 226 0
485 225 0
485 224 0
486 223 0
486 222 0
487 221 0
487 220 0
487 219 0
487 218 0
488 217 0
487 216 0
486 215 0
485 216 0
484 217 0
484 218 0
484 219 0
483 220 0
483 221 0
483 222 0
482 223 0
482 224 0
481 225 0
481 226 0
481 227 0
480 228 0
480 229 0
480 230 0
480 231 0
479 232 0
479 233 0
478 234 0
478 235 0
478 236 0
477 237 0
477 238 0
477 239 0
477 240 0
477 241 0
476 242 0
476 243 0
476 244 0
475 245 0
475 246 0
475 247 0
475 248 0
474 249 0
473 250 0
476 267 0
476 266 0
477 265 0
477 264 0
477 263 0
477 262 0
478 261 0
478 260 0
478 259 0
478 258 0
478 257 0
479 256 0
479 255 0
479 254 0
479 253 0
479 254 0
479 255 0
479 256 0
478 257 0
478 258 0
478 259 0
478 260 0
478 261 0
477 262 0
477 263 0
477 264 0
477 265 0
476 266 0
452 375 0
452 374 0
448 383 0
448 382 0
449 381 0
448 382 0
360 438 0
361 438 0
362 438 0
363 438 0
364 438 0
365 438 0
366 437 0
367 437 0
368 437 0
369 437 0
370 437 0
371 437 0
372 437 0
373 437 0
374 437 0
375 436 0
376 436 0
377 436 0
378 436 0
379 436 0
380 436 0
381 436 0
382 436 0
383 436 0
384 436 0
385 436 0
386 436 0
387 436 0
388 435 0
389 435 0
390 435 0
391 435 0
392 434 0
393 434 0
394 434 0
395 433 0
396 433 0
397 432 0
398 432 0
399 431 0
400 431 0
401 431 0
402 430 0
403 430 0
404 429 0
405 429 0
406 428 0
407 428 0
408 427 0
409 427 0
410 426 0
411 425 0
412 424 0
413 424 0
414 423 0
415 422 0
416 421 0
417 421 0
418 420 0
419 419 0
420 418 0
421 417 0
422 416 0
423 415 0
424 415 0
425 414 0
426 413 0
427 412 0
428 411 0
429 410 0
429 409 0
430 408 0
431 407 0
432 406 0
432 405 0
433 404 0
434 403 0
435 402 0
435 401 0
435 400 0
436 399 0
437 398 0
438 397 0
439 396 0
440 395 0
440 394 0
440 393 0
441 392 0
441 391 0
442 390 0
442 389 0
443 388 0
443 387 0
444 386 0
444 385 0
445 384 0
445 383 0
446 382 0
446 381 0
446 380 0
447 379 0
447 378 0
448 377 0
448 376 0
448 375 0
449 374 0
449 373 0
449 372 0
450 371 0
450 370 0
451 369 0
451 368 0
451 367 0
451 366 0
452 365 0
452 364 0
452 363 0
453 362 0
453 361 0
453 360 0
453 359 0
454 358 0
454 357 0
454 356 0
454 355 0
455 354 0
455 353 0
455 352 0
455 351 0
456 350 0
456 349 0
456 348 0
456 347 0
456 346 0
456 345 0
457 344 0
457 343 0
457 342 0
457 341 0
458 340 0
458 339 0
458 338 0
458 337 0
458 336 0
459 335 0
459 334 0
459 333 0
459 332 0
460 331 0
460 330 0
460 329 0
461 328 0
461 327 0
461 326 0
461 325 0
461 324 0
461 323 0
462 322 0
462 321 0
462 320 0
462 319 0
462 318 0
463 317 0
463 316 0
463 315 0
463 314 0
463 313 0
463 312 0
464 311 0
464 310 0
464 309 0
464 308 0
464 307 0
464 306 0
465 305 0
465 304 0
465 303 0
466 302 0
466 301 0
466 300 0
466 299 0
467 298 0
467 297 0
467 296 0
467 295 0
468 294 0
468 293 0
468 292 0
468 291 0
468 290 0
469 289 0
469 288 0
469 287 0
470 286 0
470 285 0
470 284 0
470 283 0
471 282 0
471 281 0
471 280 0
471 279 0
472 278 0
472 277 0
472 276 0
472 275 0
472 274 0
473 273 0
473 272 0
473 271 0
473 270 0
473 269 0
472 268 0
471 268 0
470 269 0
470 270 0
470 271 0
470 272 0
469 273 0
469 274 0
469 275 0
469 276 0
469 277 0
468 278 0
468 279 0
468 280 0
468 281 0
467 282 0
467 283 0
467 284 0
467 285 0
466 286 0
466 287 0
466 288 0
465 289 0
465 290 0
465 291 0
465 292 0
465 293 0
464 294 0
464 295 0
464 296 0
464 297 0
463 298 0
463 299 0
463 300 0
463 301 0
462 302 0
462 303 0
462 304 0
462 305 0
461 306 0
461 307 0
461 308 0
461 309 0
461 310 0
461 311 0
460 312 0
460 313 0
460 314 0
460 315 0
460 316 0
459 317 0
459 318 0
459 319 0
459 320 0
459 321 0
458 322 0
458 323 0
458 324 0
458 325 0
458 326 0
457 327 0
457 328 0
457 329 0
457 330 0
457 331 0
457 332 0
456 333 0
456 334 0
455 335 0
455 336 0
455 337 0
455 338 0
455 339 0
454 340 0
454 341 0
454 342 0
454 343 0
453 344 0
453 345 0
453 346 0
453 347 0
453 348 0
452 349 0
452 350 0
452 351 0
452 352 0
452 353 0
451 354 0
451 355 0
451 356 0
451 357 0
450 358 0
450 359 0
450 360 0
450 361 0
449 362 0
449 363 0
449 364 0
449 365 0
448 366 0
448 367 0
448 368 0
447 369 0
447 370 0
447 371 0
446 372 0
446 373 0
445 374 0
445 375 0
445 376 0
444 377 0
444 378 0
443 379 0
443 380 0
443 381 0
442 382 0
442 383 0
441 384 0
441 385 0
440 386 0
440 387 0
439 388 0
439 389 0
438 390 0
438 391 0
437 392 0
437 393 0
436 394 0
436 395 0
435 396 0
434 397 0
433 398 0
433 399 0
432 400 0
431 401 0
431 402 0
431 403 0
430 404 0
429 405 0
429 406 0
428 407 0
427 408 0
426 409 0
425 410 0
424 411 0
423 412 0
422 413 0
421 414 0
420 415 0
419 416 0
418 417 0
417 417 0
416 418 0
415 418 0
414 419 0
413 420 0
412 420 0
411 421 0
410 422 0
409 423 0
409 424 0
408 424 0
407 425 0
406 425 0
405 426 0
404 426 0
403 427 0
402 427 0
401 428 0
400 428 0
399 429 0
398 429 0
397 430 0
396 430 0
395 430 0
394 431 0
393 431 0
394 431 0
395 430 0
396 430 0
397 430 0
398 429 0
399 429 0
400 428 0
401 428 0
402 427 0
403 427 0
404 426 0
405 426 0
406 425 0
407 424 0
408 424 0
409 423 0
409 422 0
410 421 0
411 420 0
412 420 0
413 419 0
414 418 0
415 418 0
416 418 0
417 417 0
418 416 0
419 415 0
420 414 0
421 413 0
422 412 0
423 412 0
424 411 0
424 410 0
425 409 0
426 408 0
427 407 0
428 406 0
429 405 0
429 404 0
430 403 0
431 402 0
431 401 0
432 400 0
432 399 0
433 398 0
433 397 0
434 396 0
435 395 0
436 394 0
436 393 0
437 392 0
438 391 0
438 390 0
438 389 0
439 388 0
439 387 0
440 386 0
441 385 0
441 384 0
442 383 0
442 382 0
442 381 0
443 380 0
443 379 0
444 378 0
444 377 0
445 376 0
445 375 0
445 374 0
446 373 0
446 372 0
447 371 0
447 370 0
447 369 0
448 368 0
448 367 0
448 366 0
449 365 0
449 364 0
449 363 0
449 362 0
450 361 0
450 360 0
450 359 0
450 358 0
451 357 0
451 356 0
451 355 0
451 354 0
452 353 0
452 352 0
452 351 0
452 350 0
452 349 0
453 348 0
453 347 0
453 346 0
453 345 0
453 344 0
454 343 0
454 342 0
454 341 0
454 340 0
455 339 0
455 338 0
455 337 0
455 336 0
455 335 0
456 334 0
456 333 0
456 332 0
457 331 0
457 330 0
457 329 0
457 328 0
457 327 0
458 326 0
458 325 0
458 324 0
458 323 0
458 322 0
459 321 0
459 320 0
459 319 0
459 318 0
459 317 0
460 316 0
460 315 0
460 314 0
460 313 0
460 312 0
461 311 0
461 310 0
461 309 0
461 308 0
461 307 0
461 306 0
462 305 0
462 304 0
462 303 0
462 302 0
463 301 0
463 300 0
463 299 0
463 298 0
464 297 0
464 296 0
464 295 0
464 294 0
465 293 0
465 292 0
465 291 0
465 290 0
465 289 0
466 288 0
466 287 0
466 286 0
467 285 0
467 284 0
467 283 0
467 282 0
468 281 0
468 280 0
468 279 0
468 278 0
468 277 0
469 276 0
469 275 0
469 274 0
469 273 0
470 272 0
470 271 0
470 270 0
470 269 0
470 268 0
471 267 0
471 266 0
471 265 0
471 264 0
472 263 0
472 262 0
472 261 0
472 260 0
472 259 0
472 258 0
471 257 0
471 256 0
471 255 0
472 254 0
473 253 0
473 252 0
473 251 0
473 250 0
473 249 0
474 248 0
475 247 0
475 246 0
475 245 0
476 244 0
476 243 0
476 242 0
477 241 0
477 240 0
477 239 0
477 238 0
477 237 0
478 236 0
478 235 0
478 234 0
479 233 0
479 232 0
479 231 0
480 230 0
480 229 0
480 228 0
480 227 0
481 226 0
481 225 0
481 224 0
482 223 0
482 222 0
483 221 0
483 220 0
484 219 0
484 218 0
484 217 0
484 216 0
485 215 0
486 214 0
487 214 0
488 214 0
489 213 0
490 213 0
491 213 0
492 212 0
493 211 0
494 210 0
495 209 0
495 208 0
496 207 0
496 206 0
496 205 0
497 204 0
497 203 0
498 202 0
498 201 0
498 200 0
498 199 0
499 198 0
499 197 0
499 196 0
499 195 0
499 194 0
499 193 0
499 192 0
500 191 0
500 190 0
500 189 0
501 188 0
502 187 0
502 186 0
503 185 0
504 184 0
505 183 0
506 182 0
506 181 0
507 180 0
507 179 0
508 178 0
508 177 0
509 176 0
510 175 0
510 174 0
511 173 0
512 173 0
513 172 0
514 171 0
515 171 0
516 170 0
517 169 0
518 168 0
518 167 0
519 166 0
519 165 0
519 164 0
519 163 0
520 162 0
520 161 0
520 160 0
521 159 0
521 158 0
522 157 0
522 156 0
523 155 0
524 154 0
524 155 0
523 156 0
522 157 0
522 158 0
521 159 0
521 160 0
520 161 0
520 162 0
519 163 0
519 164 0
519 165 0
519 166 0
518 167 0
518 168 0
518 169 0
517 170 0
516 171 0
515 171 0
514 172 0
513 172 0
512 173 0
511 174 0
510 175 0
510 176 0
509 177 0
508 178 0
508 179 0
507 180 0
507 181 0
506 182 0
506 183 0
505 184 0
504 185 0
503 186 0
502 187 0
502 188 0
501 189 0
500 190 0
500 191 0
499 192 0
499 193 0
499 194 0
499 195 0
499 196 0
499 197 0
499 198 0
498 199 0
498 200 0
498 201 0
498 202 0
497 203 0
497 204 0
497 205 0
496 206 0
496 207 0
495 208 0
495 209 0
495 210 0
494 211 0
493 212 0
492 212 0
491 213 0
490 213 0
489 213 0
488 214 0
487 214 0
486 215 0
487 216 0
488 216 0
488 217 0
487 218 0
487 219 0
487 220 0
487 221 0
487 222 0
486 223 0
485 224 0
485 225 0
485 226 0
484 227 0
484 228 0
484 229 0
483 230 0
483 231 0
482 232 0
482 233 0
482 234 0
481 235 0
481 236 0
481 237 0
481 238 0
480 239 0
480 240 0
480 241 0
480 242 0
479 243 0
479 244 0
479 245 0
478 246 0
478 247 0
477 248 0
477 249 0
477 250 0
476 251 0
476 252 0
476 253 0
475 252 0
474 253 0
473 253 0
472 254 0
471 255 0
471 256 0
471 257 0
472 258 0
472 259 0
472 260 0
472 261 0
472 262 0
472 263 0
471 264 0
471 265 0
471 266 0
471 267 0
472 268 0
473 268 0
473 269 0
473 270 0
473 271 0
473 272 0
473 273 0
472 274 0
472 275 0
472 276 0
472 277 0
472 278 0
471 279 0
471 280 0
471 281 0
471 282 0
470 283 0
470 284 0
470 285 0
470 286 0
469 287 0
469 288 0
469 289 0
468 290 0
468 291 0
468 292 0
468 293 0
468 294 0
467 295 0
467 296 0
467 297 0
467 298 0
466 299 0
466 300 0
466 301 0
466 302 0
465 303 0
465 304 0
465 305 0
464 306 0
464 307 0
464 308 0
464 309 0
464 310 0
464 311 0
463 312 0
463 313 0
463 314 0
463 315 0
463 316 0
463 317 0
462 318 0
462 319 0
462 320 0
462 321 0
462 322 0
461 323 0
461 324 0
461 325 0
461 326 0
461 327 0
461 328 0
460 329 0
460 330 0
460 331 0
459 332 0
459 333 0
459 334 0
459 335 0
458 336 0
458 337 0
458 338 0
458 339 0
458 340 0
457 341 0
457 342 0
457 343 0
457 344 0
456 345 0
456 346 0
456 347 0
456 348 0
456 349 0
456 350 0
455 351 0
455 352 0
455 353 0
455 354 0
454 355 0
454 356 0
454 357 0
454 358 0
453 359 0
453 360 0
453 361 0
453 362 0
452 363 0
452 364 0
452 365 0
452 366 0
451 367 0
451 368 0
451 369 0
450 370 0
450 371 0
450 372 0
449 373 0
449 374 0
448 375 0
448 376 0
448 377 0
448 378 0
447 379 0
447 380 0
446 381 0
446 382 0
446 383 0
445 384 0
445 385 0
444 386 0
444 387 0
443 388 0
443 389 0
442 390 0
442 391 0
441 392 0
441 393 0
440 394 0
440 395 0
440 396 0
439 397 0
438 398 0
437 399 0
436 400 0
435 401 0
435 402 0
435 403 0
434 404 0
433 405 0
432 406 0
432 407 0
431 408 0
430 409 0
429 410 0
429 411 0
428 412 0
427 413 0
426 414 0
425 415 0
424 415 0
423 416 0
422 417 0
421 418 0
420 419 0
419 420 0
418 421 0
417 421 0
416 422 0
415 423 0
414 424 0
413 424 0
412 425 0
411 426 0
410 427 0
409 427 0
408 428 0
407 428 0
406 429 0
405 429 0
404 429 0
403 430 0
402 430 0
401 431 0
400 431 0
399 432 0
398 432 0
397 433 0
396 433 0
395 433 0
394 434 0
393 434 0
392 434 0
391 435 0
390 435 0
389 435 0
388 435 0
387 436 0
386 436 0
385 436 0
384 436 0
383 436 0
382 436 0
381 436 0
380 436 0
379 436 0
378 436 0
377 436 0
376 436 0
375 436 0
374 437 0
373 437 0
372 437 0
371 437 0
370 437 0
369 437 0
368 437 0
367 437 0
366 437 0
365 438 0
364 438 0
363 438 0
362 438 0
361 438 0
