522 152 0
522 151 0
523 150 0
523 149 0
524 148 0
525 147 0
525 146 0
526 145 0
527 144 0
527 143 0
528 142 0
528 141 0
529 140 0
529 139 0
530 138 0
531 137 0
532 136 0
532 135 0
533 134 0
534 133 0
535 132 0
535 131 0
536 130 0
537 129 0
537 128 0
538 127 0
538 126 0
539 125 0
540 124 0
540 123 0
541 122 0
542 121 0
542 120 0
543 119 0
543 118 0
544 117 0
545 116 0
545 115 0
546 114 0
547 113 0
547 112 0
548 111 0
548 110 0
549 109 0
550 108 0
550 107 0
551 106 0
551 105 0
551 104 0
552 103 0
552 102 0
553 101 0
553 102 0
552 103 0
552 104 0
551 105 0
551 106 0
550 107 0
550 108 0
549 109 0
548 110 0
548 111 0
548 112 0
547 113 0
547 114 0
546 115 0
545 116 0
545 117 0
544 118 0
543 119 0
543 120 0
542 121 0
542 122 0
541 123 0
540 124 0
540 125 0
539 126 0
538 127 0
538 128 0
537 129 0
537 130 0
536 131 0
535 132 0
535 133 0
534 134 0
533 135 0
532 136 0
532 137 0
531 138 0
530 139 0
529 140 0
529 141 0
528 142 0
528 143 0
527 144 0
527 145 0
526 146 0
525 147 0
525 148 0
524 149 0
523 150 0
523 151 0
519 152 0
519 151 0
520 150 0
520 149 0
520 148 0
521 147 0
522 146 0
522 145 0
523 144 0
524 143 0
524 142 0
525 141 0
525 140 0
526 139 0
526 138 0
526 137 0
527 136 0
528 135 0
529 134 0
530 133 0
531 132 0
531 131 0
532 130 0
533 129 0
533 128 0
534 127 0
535 126 0
535 125 0
536 124 0
537 123 0
537 122 0
538 121 0
538 120 0
539 119 0
540 118 0
540 117 0
541 116 0
542 115 0
542 114 0
543 113 0
543 112 0
544 111 0
545 110 0
545 109 0
546 108 0
546 107 0
547 106 0
547 105 0
548 104 0
549 103 0
549 102 0
549 101 0
550 100 0
550 101 0
549 102 0
549 103 0
548 104 0
548 105 0
547 106 0
547 107 0
546 108 0
546 109 0
545 110 0
545 111 0
544 112 0
543 113 0
543 114 0
542 115 0
542 116 0
541 117 0
540 118 0
540 119 0
539 120 0
538 121 0
538 122 0
537 123 0
537 124 0
536 125 0
535 126 0
535 127 0
534 128 0
533 129 0
533 130 0
532 131 0
531 132 0
531 133 0
530 134 0
529 135 0
528 136 0
527 137 0
526 138 0
526 139 0
525 140 0
525 141 0
524 142 0
524 143 0
524 144 0
523 145 0
522 146 0
522 147 0
521 148 0
520 149 0
520 150 0
519 151 0
468 322 0
468 321 0
468 320 0
468 319 0
468 318 0
468 319 0
468 320 0
468 321 0
428 412 0
429 413 0
430 412 0
431 411 0
432 410 0
433 409 0
434 408 0
435 407 0
436 406 0
437 405 0
437 404 0
438 403 0
439 402 0
440 401 0
440 400 0
441 399 0
442 398 0
442 397 0
443 396 0
444 395 0
445 394 0
446 393 0
447 392 0
447 391 0
447 390 0
447 389 0
447 388 0
448 387 0
448 386 0
448 385 0
449 384 0
449 383 0
450 382 0
450 381 0
451 380 0
451 379 0
452 378 0
452 377 0
452 376 0
452 375 0
453 374 0
453 373 0
454 372 0
454 371 0
454 370 0
454 369 0
455 368 0
455 367 0
456 366 0
456 365 0
456 364 0
456 363 0
456 362 0
457 361 0
457 360 0
457 359 0
457 358 0
458 357 0
458 356 0
458 355 0
458 354 0
459 353 0
459 352 0
459 351 0
459 350 0
459 349 0
459 348 0
460 347 0
460 346 0
460 345 0
460 344 0
461 343 0
461 342 0
461 341 0
461 340 0
462 339 0
462 338 0
462 337 0
462 336 0
462 335 0
463 334 0
463 333 0
463 332 0
463 331 0
463 330 0
464 329 0
464 328 0
464 327 0
464 326 0
464 325 0
465 324 0
465 323 0
465 322 0
465 321 0
465 320 0
465 319 0
465 318 0
465 317 0
465 316 0
466 315 0
466 314 0
466 313 0
466 312 0
466 311 0
466 310 0
467 309 0
467 308 0
467 307 0
467 306 0
467 305 0
467 304 0
468 303 0
468 302 0
468 301 0
468 300 0
468 299 0
469 298 0
469 297 0
469 296 0
469 295 0
469 294 0
470 293 0
470 292 0
470 291 0
470 290 0
471 289 0
471 288 0
471 287 0
471 286 0
471 285 0
472 284 0
472 283 0
472 282 0
472 281 0
472 280 0
472 279 0
472 278 0
473 277 0
473 276 0
473 275 0
473 274 0
473 273 0
474 272 0
474 271 0
474 270 0
474 269 0
475 268 0
476 267 0
476 266 0
477 265 0
477 264 0
477 263 0
477 262 0
477 261 0
477 260 0
477 259 0
478 258 0
478 257 0
478 256 0
479 255 0
479 254 0
479 253 0
478 252 0
478 251 0
479 250 0
479 249 0
479 248 0
479 247 0
480 246 0
480 245 0
480 244 0
480 243 0
481 242 0
481 241 0
481 240 0
482 239 0
483 238 0
483 237 0
483 236 0
483 235 0
484 234 0
484 233 0
485 232 0
485 231 0
486 230 0
486 229 0
486 228 0
487 227 0
487 226 0
488 225 0
488 224 0
488 223 0
489 222 0
489 221 0
490 220 0
490 219 0
490 218 0
490 217 0
491 216 0
492 215 0
492 214 0
493 213 0
493 212 0
493 211 0
493 210 0
492 209 0
491 210 0
490 211 0
490 212 0
489 213 0
489 214 0
488 215 0
488 216 0
487 217 0
487 218 0
487 219 0
487 220 0
486 221 0
486 222 0
485 223 0
485 224 0
484 225 0
484 226 0
483 227 0
483 228 0
483 229 0
482 230 0
482 231 0
481 232 0
481 233 0
481 234 0
480 235 0
480 236 0
480 237 0
479 238 0
479 239 0
478 240 0
478 241 0
477 242 0
477 243 0
477 244 0
477 245 0
476 246 0
476 247 0
475 248 0
475 249 0
475 250 0
475 251 0
475 252 0
475 253 0
474 254 0
474 255 0
474 256 0
473 257 0
473 258 0
473 259 0
473 260 0
473 261 0
473 262 0
473 263 0
473 264 0
472 265 0
472 266 0
472 267 0
472 268 0
471 269 0
471 270 0
471 271 0
470 272 0
470 273 0
470 274 0
470 275 0
470 276 0
470 277 0
470 278 0
469 279 0
469 280 0
469 281 0
469 282 0
469 283 0
468 284 0
468 285 0
468 286 0
468 287 0
468 288 0
467 289 0
467 290 0
467 291 0
467 292 0
466 293 0
466 294 0
466 295 0
466 296 0
466 297 0
465 298 0
465 299 0
465 300 0
465 301 0
465 302 0
465 303 0
464 304 0
464 305 0
464 306 0
464 307 0
464 308 0
463 309 0
463 310 0
463 311 0
463 312 0
463 313 0
463 314 0
463 315 0
462 316 0
462 317 0
462 318 0
462 319 0
462 320 0
462 321 0
462 322 0
461 323 0
461 324 0
461 325 0
461 326 0
461 327 0
460 328 0
460 329 0
460 330 0
460 331 0
460 332 0
460 333 0
459 334 0
459 335 0
459 336 0
459 337 0
459 338 0
458 339 0
458 340 0
458 341 0
458 342 0
457 343 0
457 344 0
457 345 0
457 346 0
456 347 0
456 348 0
456 349 0
456 350 0
456 351 0
455 352 0
455 353 0
455 354 0
455 355 0
455 356 0
454 357 0
454 358 0
454 359 0
454 360 0
454 361 0
453 362 0
453 363 0
453 364 0
453 365 0
452 366 0
452 367 0
452 368 0
451 369 0
451 370 0
451 371 0
450 372 0
450 373 0
450 374 0
449 375 0
449 376 0
449 377 0
448 378 0
448 379 0
447 380 0
447 381 0
446 382 0
446 383 0
445 384 0
445 385 0
444 386 0
443 387 0
443 388 0
442 389 0
442 390 0
441 391 0
441 392 0
441 393 0
440 394 0
440 395 0
439 396 0
439 397 0
438 398 0
438 399 0
437 400 0
436 401 0
435 402 0
435 403 0
434 404 0
433 405 0
432 406 0
431 407 0
431 408 0
430 408 0
429 409 0
428 410 0
427 411 0
352 439 0
353 438 0
354 438 0
355 438 0
356 438 0
357 438 0
358 438 0
359 438 0
360 438 0
361 438 0
362 438 0
363 438 0
364 437 0
365 437 0
366 437 0
367 437 0
368 437 0
369 437 0
370 437 0
371 437 0
372 437 0
373 436 0
374 436 0
375 436 0
376 436 0
377 436 0
378 436 0
379 436 0
380 436 0
381 436 0
382 436 0
383 436 0
384 436 0
385 435 0
386 435 0
387 435 0
388 435 0
389 435 0
390 435 0
391 434 0
392 434 0
393 434 0
394 434 0
395 433 0
396 433 0
397 433 0
398 432 0
399 432 0
400 432 0
401 431 0
402 431 0
403 430 0
404 430 0
405 429 0
406 429 0
407 428 0
408 428 0
409 427 0
410 426 0
411 426 0
412 425 0
413 425 0
414 424 0
415 424 0
416 423 0
417 422 0
418 421 0
419 421 0
420 420 0
421 419 0
422 419 0
423 418 0
424 417 0
425 416 0
426 416 0
427 415 0
428 414 0
429 413 0
428 412 0
427 411 0
426 412 0
425 413 0
424 414 0
423 415 0
422 416 0
421 416 0
420 417 0
419 418 0
418 419 0
417 419 0
416 420 0
415 420 0
414 421 0
413 422 0
412 422 0
411 423 0
410 424 0
409 424 0
408 425 0
407 425 0
406 426 0
405 426 0
404 427 0
403 427 0
402 428 0
401 428 0
400 428 0
399 429 0
398 429 0
397 430 0
396 430 0
397 430 0
398 429 0
399 429 0
400 428 0
401 428 0
402 427 0
403 427 0
404 426 0
405 426 0
406 425 0
407 425 0
408 424 0
409 424 0
410 423 0
411 423 0
412 422 0
413 421 0
414 421 0
415 420 0
416 419 0
417 419 0
418 418 0
419 417 0
420 416 0
421 416 0
422 415 0
423 414 0
424 413 0
425 412 0
426 412 0
427 411 0
428 410 0
428 409 0
429 408 0
430 408 0
431 407 0
431 406 0
432 405 0
433 404 0
434 403 0
435 402 0
435 401 0
436 400 0
437 399 0
438 398 0
438 397 0
439 396 0
439 395 0
440 394 0
441 393 0
441 392 0
441 391 0
441 390 0
442 389 0
442 388 0
443 387 0
443 386 0
444 385 0
445 384 0
446 383 0
446 382 0
447 381 0
447 380 0
448 379 0
448 378 0
449 377 0
449 376 0
449 375 0
450 374 0
450 373 0
450 372 0
451 371 0
451 370 0
451 369 0
452 368 0
452 367 0
452 366 0
453 365 0
453 364 0
453 363 0
453 362 0
454 361 0
454 360 0
454 359 0
454 358 0
454 357 0
454 356 0
455 355 0
455 354 0
455 353 0
455 352 0
456 351 0
456 350 0
456 349 0
456 348 0
456 347 0
457 346 0
457 345 0
457 344 0
457 343 0
458 342 0
458 341 0
458 340 0
458 339 0
459 338 0
459 337 0
459 336 0
459 335 0
459 334 0
460 333 0
460 332 0
460 331 0
460 330 0
460 329 0
460 328 0
460 327 0
461 326 0
461 325 0
461 324 0
461 323 0
462 322 0
462 321 0
462 320 0
462 319 0
462 318 0
462 317 0
462 316 0
463 315 0
463 314 0
463 313 0
463 312 0
463 311 0
463 310 0
463 309 0
464 308 0
464 307 0
464 306 0
464 305 0
464 304 0
465 303 0
465 302 0
465 301 0
465 300 0
465 299 0
465 298 0
466 297 0
466 296 0
466 295 0
466 294 0
466 293 0
467 292 0
467 291 0
467 290 0
467 289 0
468 288 0
468 287 0
468 286 0
468 285 0
468 284 0
469 283 0
469 282 0
469 281 0
469 280 0
469 279 0
469 278 0
470 277 0
470 276 0
470 275 0
470 274 0
470 273 0
470 272 0
471 271 0
471 270 0
471 269 0
471 268 0
472 267 0
472 266 0
472 265 0
473 264 0
473 263 0
473 262 0
473 261 0
473 260 0
473 259 0
473 258 0
473 257 0
474 256 0
474 255 0
474 254 0
475 253 0
475 252 0
475 251 0
475 250 0
475 249 0
475 248 0
476 247 0
476 246 0
476 245 0
477 244 0
477 243 0
477 242 0
478 241 0
478 240 0
478 239 0
479 238 0
479 237 0
480 236 0
480 235 0
481 234 0
481 233 0
481 232 0
481 231 0
482 230 0
482 229 0
483 228 0
483 227 0
484 226 0
484 225 0
484 224 0
485 223 0
485 222 0
486 221 0
486 220 0
487 219 0
487 218 0
487 217 0
487 216 0
488 215 0
488 214 0
489 213 0
489 212 0
490 211 0
490 210 0
491 210 0
492 209 0
493 208 0
494 207 0
495 206 0
495 205 0
496 204 0
496 203 0
496 202 0
497 201 0
497 200 0
497 199 0
497 198 0
497 197 0
497 196 0
497 195 0
498 194 0
498 193 0
498 192 0
498 191 0
499 190 0
499 189 0
500 188 0
500 187 0
500 186 0
501 185 0
501 184 0
501 183 0
502 182 0
502 181 0
502 180 0
503 179 0
503 178 0
504 177 0
504 176 0
504 175 0
505 174 0
505 173 0
506 172 0
506 171 0
507 170 0
507 169 0
508 168 0
508 167 0
509 166 0
510 165 0
511 164 0
512 163 0
513 162 0
514 161 0
515 160 0
515 159 0
516 158 0
517 157 0
518 157 0
519 158 0
519 159 0
519 160 0
518 161 0
518 162 0
517 163 0
516 164 0
515 165 0
514 166 0
513 167 0
512 168 0
511 169 0
511 170 0
510 171 0
510 172 0
509 173 0
509 174 0
508 175 0
508 176 0
507 177 0
507 178 0
506 179 0
506 180 0
505 181 0
505 182 0
505 183 0
504 184 0
504 185 0
504 186 0
503 187 0
503 188 0
502 189 0
502 190 0
502 191 0
501 192 0
501 193 0
501 194 0
501 195 0
501 196 0
501 197 0
500 198 0
500 199 0
500 200 0
500 201 0
499 202 0
499 203 0
499 204 0
499 205 0
498 206 0
497 207 0
497 208 0
496 209 0
496 210 0
495 210 0
496 209 0
497 208 0
497 207 0
498 206 0
498 205 0
499 204 0
499 203 0
499 202 0
500 201 0
500 200 0
500 199 0
500 198 0
500 197 0
501 196 0
501 195 0
501 194 0
501 193 0
501 192 0
502 191 0
502 190 0
502 189 0
503 188 0
503 187 0
504 186 0
504 185 0
504 184 0
505 183 0
505 182 0
505 181 0
506 180 0
506 179 0
506 178 0
507 177 0
507 176 0
508 175 0
508 174 0
509 173 0
509 172 0
510 171 0
511 170 0
511 169 0
511 168 0
512 167 0
513 166 0
514 165 0
515 164 0
516 163 0
517 162 0
518 161 0
518 160 0
519 159 0
519 158 0
518 157 0
517 158 0
516 159 0
515 160 0
515 161 0
514 162 0
513 163 0
512 164 0
511 165 0
510 166 0
509 167 0
508 168 0
508 169 0
507 170 0
507 171 0
506 172 0
506 173 0
505 174 0
505 175 0
504 176 0
504 177 0
503 178 0
503 179 0
502 180 0
502 181 0
502 182 0
502 183 0
501 184 0
501 185 0
500 186 0
500 187 0
500 188 0
499 189 0
499 190 0
499 191 0
498 192 0
498 193 0
498 194 0
497 195 0
497 196 0
497 197 0
497 198 0
497 199 0
497 200 0
497 201 0
497 202 0
496 203 0
496 204 0
495 205 0
495 206 0
494 207 0
493 208 0
492 209 0
493 210 0
493 211 0
493 212 0
493 213 0
492 214 0
492 215 0
491 216 0
491 217 0
490 218 0
490 219 0
490 220 0
489 221 0
489 222 0
488 223 0
488 224 0
488 225 0
488 226 0
487 227 0
486 228 0
486 229 0
486 230 0
485 231 0
485 232 0
485 233 0
484 234 0
484 235 0
483 236 0
483 237 0
483 238 0
482 239 0
481 240 0
481 241 0
481 242 0
481 243 0
480 244 0
480 245 0
480 246 0
479 247 0
479 248 0
479 249 0
479 250 0
478 251 0
478 252 0
479 253 0
479 254 0
479 255 0
479 256 0
478 257 0
478 258 0
477 259 0
477 260 0
477 261 0
477 262 0
477 263 0
477 264 0
477 265 0
476 266 0
476 267 0
475 268 0
474 269 0
474 270 0
474 271 0
474 272 0
473 273 0
473 274 0
473 275 0
473 276 0
473 277 0
472 278 0
472 279 0
472 280 0
472 281 0
472 282 0
472 283 0
472 284 0
471 285 0
471 286 0
471 287 0
471 288 0
471 289 0
470 290 0
470 291 0
470 292 0
470 293 0
469 294 0
469 295 0
469 296 0
469 297 0
469 298 0
468 299 0
468 300 0
468 301 0
468 302 0
468 303 0
467 304 0
467 305 0
467 306 0
467 307 0
467 308 0
467 309 0
466 310 0
466 311 0
466 312 0
466 313 0
466 314 0
466 315 0
465 316 0
465 317 0
465 318 0
465 319 0
465 320 0
465 321 0
465 322 0
465 323 0
465 324 0
464 325 0
464 326 0
464 327 0
464 328 0
464 329 0
463 330 0
463 331 0
463 332 0
463 333 0
463 334 0
462 335 0
462 336 0
462 337 0
462 338 0
462 339 0
461 340 0
461 341 0
461 342 0
461 343 0
460 344 0
460 345 0
460 346 0
460 347 0
459 348 0
459 349 0
459 350 0
459 351 0
459 352 0
459 353 0
458 354 0
458 355 0
458 356 0
458 357 0
457 358 0
457 359 0
457 360 0
457 361 0
456 362 0
456 363 0
456 364 0
456 365 0
456 366 0
455 367 0
455 368 0
455 369 0
454 370 0
454 371 0
454 372 0
453 373 0
453 374 0
453 375 0
452 376 0
452 377 0
452 378 0
452 379 0
451 380 0
451 381 0
450 382 0
450 383 0
449 384 0
449 385 0
448 386 0
448 387 0
448 388 0
447 389 0
447 390 0
447 391 0
447 392 0
447 393 0
446 394 0
445 395 0
444 396 0
443 397 0
442 398 0
442 399 0
441 400 0
440 401 0
440 402 0
439 403 0
438 404 0
437 405 0
437 406 0
436 407 0
435 408 0
434 409 0
433 410 0
432 411 0
431 412 0
430 413 0
429 414 0
428 415 0
427 416 0
426 416 0
425 417 0
424 418 0
423 419 0
422 419 0
421 420 0
420 421 0
419 421 0
418 422 0
417 423 0
416 423 0
415 424 0
414 425 0
413 425 0
412 426 0
411 426 0
410 427 0
409 427 0
408 428 0
407 429 0
406 429 0
405 430 0
404 430 0
403 431 0
402 431 0
401 431 0
400 432 0
399 432 0
398 432 0
397 433 0
396 433 0
395 433 0
394 434 0
393 434 0
392 434 0
391 434 0
390 435 0
389 435 0
388 435 0
387 435 0
386 435 0
385 435 0
384 436 0
383 436 0
382 436 0
381 436 0
380 436 0
379 436 0
378 436 0
377 436 0
376 436 0
375 436 0
374 436 0
373 436 0
372 437 0
371 437 0
370 437 0
369 437 0
368 437 0
367 437 0
366 437 0
365 437 0
364 437 0
363 438 0
362 438 0
361 438 0
360 438 0
359 438 0
358 438 0
357 438 0
356 438 0
355 438 0
354 438 0
353 438 0
