495 207 0
495 206 0
496 205 0
496 204 0
497 203 0
497 202 0
497 201 0
497 200 0
497 199 0
497 198 0
496 197 0
496 196 0
496 195 0
497 194 0
497 193 0
497 192 0
497 191 0
497 190 0
497 189 0
498 188 0
498 187 0
499 186 0
499 185 0
499 184 0
500 183 0
500 182 0
501 181 0
502 180 0
503 179 0
504 178 0
505 177 0
505 176 0
506 175 0
507 174 0
507 173 0
508 172 0
509 171 0
510 171 0
511 171 0
512 170 0
512 169 0
513 168 0
514 167 0
515 166 0
515 165 0
515 164 0
516 163 0
516 162 0
516 161 0
517 160 0
517 159 0
517 158 0
517 157 0
518 156 0
518 155 0
519 154 0
520 153 0
521 152 0
521 151 0
522 150 0
523 149 0
523 148 0
524 147 0
524 146 0
525 145 0
526 144 0
526 143 0
527 142 0
528 141 0
528 140 0
529 139 0
530 138 0
530 137 0
530 136 0
531 135 0
531 134 0
532 133 0
533 132 0
533 131 0
534 130 0
535 129 0
536 128 0
537 127 0
537 126 0
537 125 0
538 124 0
539 123 0
539 122 0
540 121 0
540 120 0
541 119 0
541 118 0
541 117 0
542 116 0
542 115 0
543 114 0
544 113 0
544 112 0
544 113 0
543 114 0
543 115 0
542 116 0
542 117 0
541 118 0
541 119 0
541 120 0
540 121 0
539 122 0
539 123 0
539 124 0
538 125 0
537 126 0
537 127 0
536 128 0
535 129 0
535 130 0
534 131 0
533 132 0
533 133 0
532 134 0
531 135 0
530 136 0
530 137 0
530 138 0
529 139 0
529 140 0
528 141 0
528 142 0
527 143 0
526 144 0
526 145 0
525 146 0
524 147 0
524 148 0
523 149 0
523 150 0
522 151 0
521 152 0
521 153 0
520 154 0
519 155 0
518 156 0
518 157 0
517 158 0
517 159 0
517 160 0
516 161 0
516 162 0
516 163 0
515 164 0
515 165 0
515 166 0
514 167 0
514 168 0
513 169 0
512 170 0
511 171 0
510 171 0
509 172 0
508 173 0
507 174 0
507 175 0
506 176 0
505 177 0
505 178 0
504 179 0
503 180 0
502 181 0
501 182 0
500 183 0
500 184 0
499 185 0
499 186 0
498 187 0
498 188 0
498 189 0
497 190 0
497 191 0
497 192 0
497 193 0
497 194 0
496 195 0
496 196 0
497 197 0
497 198 0
497 199 0
497 200 0
497 201 0
497 202 0
497 203 0
496 204 0
496 205 0
495 206 0
496 207 0
498 208 0
498 207 0
498 206 0
499 205 0
499 204 0
500 203 0
500 202 0
500 201 0
500 200 0
500 199 0
500 198 0
499 197 0
499 196 0
500 195 0
500 194 0
500 193 0
500 192 0
500 191 0
500 190 0
501 189 0
501 188 0
502 187 0
502 186 0
503 185 0
504 184 0
505 183 0
506 182 0
506 181 0
507 180 0
507 179 0
508 178 0
508 177 0
509 176 0
510 175 0
510 174 0
511 174 0
512 173 0
513 173 0
514 172 0
515 171 0
516 170 0
516 169 0
517 168 0
517 167 0
518 166 0
518 165 0
518 164 0
519 163 0
519 162 0
520 161 0
520 160 0
520 159 0
520 158 0
521 157 0
521 156 0
522 155 0
523 154 0
524 153 0
524 152 0
525 151 0
526 150 0
526 149 0
527 148 0
528 147 0
528 146 0
529 145 0
529 144 0
530 143 0
531 142 0
531 141 0
532 140 0
532 139 0
532 138 0
533 137 0
534 136 0
534 135 0
535 134 0
536 133 0
537 132 0
537 131 0
538 130 0
539 129 0
539 128 0
540 127 0
541 126 0
541 125 0
542 124 0
542 123 0
543 122 0
543 121 0
544 120 0
545 119 0
545 118 0
545 117 0
545 118 0
545 119 0
544 120 0
543 121 0
543 122 0
543 123 0
542 124 0
542 125 0
541 126 0
541 127 0
540 128 0
539 129 0
539 130 0
538 131 0
537 132 0
537 133 0
536 134 0
535 135 0
534 136 0
533 137 0
533 138 0
532 139 0
532 140 0
532 141 0
531 142 0
531 143 0
530 144 0
529 145 0
529 146 0
528 147 0
528 148 0
527 149 0
526 150 0
526 151 0
525 152 0
524 153 0
524 154 0
523 155 0
522 156 0
521 157 0
520 158 0
520 159 0
520 160 0
520 161 0
520 162 0
519 163 0
519 164 0
518 165 0
518 166 0
518 167 0
517 168 0
517 169 0
516 170 0
516 171 0
515 172 0
514 173 0
513 173 0
512 174 0
511 174 0
510 175 0
510 176 0
509 177 0
508 178 0
508 179 0
507 180 0
507 181 0
506 182 0
506 183 0
505 184 0
504 185 0
503 186 0
502 187 0
501 188 0
501 189 0
500 190 0
500 191 0
500 192 0
500 193 0
500 194 0
500 195 0
499 196 0
499 197 0
500 198 0
500 199 0
500 200 0
500 201 0
500 202 0
500 203 0
499 204 0
499 205 0
498 206 0
498 207 0
369 436 0
370 436 0
371 436 0
372 436 0
373 435 0
374 435 0
375 435 0
376 435 0
377 435 0
378 435 0
379 435 0
380 435 0
381 435 0
382 435 0
383 435 0
384 435 0
385 435 0
386 435 0
387 434 0
388 434 0
389 435 0
390 434 0
391 433 0
390 432 0
389 432 0
388 432 0
389 432 0
390 432 0
391 433 0
392 433 0
393 433 0
394 432 0
395 432 0
396 432 0
397 431 0
398 431 0
399 430 0
400 430 0
401 429 0
402 429 0
403 428 0
404 427 0
405 427 0
406 426 0
407 425 0
408 425 0
409 424 0
410 423 0
411 422 0
412 421 0
413 420 0
414 419 0
415 418 0
416 417 0
417 416 0
417 415 0
418 414 0
419 413 0
419 412 0
420 411 0
421 410 0
421 409 0
422 408 0
422 407 0
423 406 0
424 405 0
424 404 0
424 403 0
425 402 0
425 401 0
425 400 0
426 399 0
426 398 0
427 397 0
427 396 0
428 395 0
428 394 0
429 393 0
430 392 0
430 391 0
430 390 0
431 389 0
431 388 0
432 387 0
432 386 0
433 385 0
433 384 0
434 383 0
434 382 0
435 381 0
435 380 0
436 379 0
436 378 0
437 377 0
437 376 0
437 375 0
438 374 0
438 373 0
438 372 0
439 371 0
439 370 0
440 369 0
440 368 0
441 367 0
441 366 0
442 365 0
442 364 0
443 363 0
443 362 0
443 361 0
444 360 0
444 359 0
445 358 0
445 357 0
445 356 0
446 355 0
446 354 0
446 353 0
446 352 0
447 351 0
447 350 0
448 349 0
448 348 0
448 347 0
449 346 0
449 345 0
450 344 0
450 343 0
450 342 0
451 341 0
451 340 0
452 339 0
452 338 0
452 337 0
453 336 0
453 335 0
454 334 0
454 333 0
454 332 0
455 331 0
455 330 0
455 329 0
456 328 0
456 327 0
456 326 0
457 325 0
457 324 0
457 323 0
458 322 0
458 321 0
458 320 0
458 319 0
459 318 0
459 317 0
460 316 0
460 315 0
460 314 0
460 313 0
461 312 0
461 311 0
462 310 0
462 309 0
462 308 0
462 307 0
462 306 0
462 305 0
463 304 0
463 303 0
463 302 0
463 301 0
464 300 0
464 299 0
464 298 0
464 297 0
464 296 0
464 295 0
465 294 0
465 293 0
465 292 0
466 291 0
466 290 0
466 289 0
467 288 0
467 287 0
467 286 0
468 285 0
468 284 0
468 283 0
468 282 0
468 281 0
469 280 0
469 279 0
469 278 0
470 277 0
470 276 0
470 275 0
470 274 0
471 273 0
471 272 0
471 271 0
471 270 0
472 269 0
472 268 0
472 267 0
473 266 0
473 265 0
474 264 0
474 263 0
474 262 0
474 261 0
475 260 0
475 259 0
475 258 0
475 257 0
475 256 0
475 255 0
475 254 0
474 253 0
473 253 0
472 253 0
471 254 0
471 255 0
471 256 0
471 257 0
470 258 0
470 259 0
470 260 0
470 261 0
470 262 0
469 263 0
469 264 0
469 265 0
469 266 0
468 267 0
468 268 0
468 269 0
468 270 0
468 271 0
467 272 0
467 273 0
467 274 0
467 275 0
466 276 0
466 277 0
466 278 0
466 279 0
465 280 0
465 281 0
465 282 0
465 283 0
465 284 0
464 285 0
464 286 0
464 287 0
463 288 0
463 289 0
463 290 0
463 291 0
462 292 0
462 293 0
461 294 0
461 295 0
461 296 0
461 297 0
461 298 0
461 299 0
461 300 0
460 301 0
460 302 0
460 303 0
460 304 0
459 305 0
459 306 0
459 307 0
459 308 0
459 309 0
458 310 0
458 311 0
458 312 0
457 313 0
457 314 0
457 315 0
456 316 0
456 317 0
456 318 0
455 319 0
455 320 0
455 321 0
454 322 0
454 323 0
454 324 0
454 325 0
453 326 0
453 327 0
453 328 0
453 329 0
452 330 0
452 331 0
451 332 0
451 333 0
451 334 0
450 335 0
450 336 0
449 337 0
449 338 0
449 339 0
448 340 0
448 341 0
447 342 0
447 343 0
447 344 0
446 345 0
446 346 0
445 347 0
445 348 0
444 349 0
444 350 0
444 351 0
444 352 0
443 353 0
443 354 0
443 355 0
443 356 0
442 357 0
442 358 0
441 359 0
441 360 0
441 361 0
440 362 0
440 363 0
439 364 0
439 365 0
438 366 0
438 367 0
437 368 0
437 369 0
436 370 0
436 371 0
436 372 0
435 373 0
435 374 0
435 375 0
434 376 0
434 377 0
433 378 0
433 379 0
432 380 0
432 381 0
432 382 0
431 383 0
431 384 0
430 385 0
430 386 0
429 387 0
429 388 0
428 389 0
428 390 0
427 391 0
427 392 0
426 393 0
425 394 0
425 395 0
425 396 0
424 397 0
424 398 0
423 399 0
423 400 0
422 401 0
422 402 0
422 403 0
421 404 0
421 405 0
420 406 0
420 407 0
419 408 0
419 409 0
418 410 0
417 411 0
417 412 0
416 413 0
415 414 0
415 415 0
414 416 0
413 417 0
412 418 0
411 419 0
410 420 0
409 421 0
408 422 0
407 422 0
406 423 0
405 424 0
404 424 0
403 425 0
404 424 0
405 424 0
406 423 0
407 422 0
408 421 0
409 420 0
410 420 0
411 419 0
411 418 0
412 417 0
413 416 0
414 415 0
415 414 0
416 413 0
416 412 0
417 411 0
417 410 0
418 409 0
419 408 0
419 407 0
420 406 0
420 405 0
421 404 0
421 403 0
422 402 0
422 401 0
423 400 0
423 399 0
424 398 0
424 397 0
424 396 0
425 395 0
425 394 0
426 393 0
426 392 0
427 391 0
427 390 0
428 389 0
428 388 0
429 387 0
430 386 0
430 385 0
430 384 0
431 383 0
431 382 0
432 381 0
432 380 0
432 379 0
433 378 0
433 377 0
434 376 0
434 375 0
435 374 0
435 373 0
436 372 0
436 371 0
436 370 0
437 369 0
437 368 0
438 367 0
438 366 0
439 365 0
439 364 0
439 363 0
440 362 0
441 361 0
441 360 0
441 359 0
442 358 0
442 357 0
442 356 0
443 355 0
443 354 0
443 353 0
444 352 0
444 351 0
444 350 0
444 349 0
445 348 0
445 347 0
446 346 0
446 345 0
446 344 0
447 343 0
447 342 0
448 341 0
448 340 0
448 339 0
449 338 0
449 337 0
450 336 0
450 335 0
450 334 0
451 333 0
451 332 0
452 331 0
452 330 0
452 329 0
453 328 0
453 327 0
453 326 0
453 325 0
454 324 0
454 323 0
454 322 0
455 321 0
455 320 0
455 319 0
456 318 0
456 317 0
456 316 0
457 315 0
457 314 0
457 313 0
458 312 0
458 311 0
458 310 0
459 309 0
459 308 0
459 307 0
459 306 0
459 305 0
460 304 0
460 303 0
460 302 0
460 301 0
461 300 0
461 299 0
461 298 0
461 297 0
461 296 0
461 295 0
461 294 0
462 293 0
462 292 0
462 291 0
463 290 0
463 289 0
463 288 0
464 287 0
464 286 0
464 285 0
465 284 0
465 283 0
465 282 0
465 281 0
465 280 0
466 279 0
466 278 0
466 277 0
466 276 0
467 275 0
467 274 0
467 273 0
467 272 0
468 271 0
468 270 0
468 269 0
468 268 0
468 267 0
469 266 0
469 265 0
469 264 0
469 263 0
470 262 0
470 261 0
470 260 0
470 259 0
470 258 0
471 257 0
471 256 0
471 255 0
471 254 0
472 253 0
472 252 0
472 251 0
472 250 0
472 249 0
473 248 0
473 247 0
473 246 0
473 245 0
473 244 0
474 243 0
474 242 0
474 241 0
474 240 0
474 239 0
475 238 0
475 237 0
475 236 0
475 235 0
475 234 0
475 233 0
476 232 0
476 231 0
477 230 0
477 229 0
478 228 0
478 227 0
478 226 0
479 225 0
479 224 0
480 223 0
480 222 0
480 221 0
480 220 0
481 219 0
482 218 0
482 217 0
482 216 0
483 215 0
483 214 0
484 213 0
484 212 0
485 211 0
486 211 0
487 211 0
487 212 0
487 213 0
487 214 0
487 215 0
486 216 0
486 217 0
485 218 0
485 219 0
485 220 0
484 221 0
483 222 0
483 223 0
483 224 0
482 225 0
482 226 0
481 227 0
481 228 0
481 229 0
480 230 0
480 231 0
480 232 0
479 233 0
479 234 0
479 235 0
478 236 0
478 237 0
478 238 0
478 239 0
478 240 0
477 241 0
477 242 0
477 243 0
477 244 0
477 245 0
477 246 0
477 247 0
477 248 0
477 249 0
477 250 0
477 251 0
477 252 0
477 253 0
477 252 0
477 251 0
477 250 0
477 249 0
477 248 0
477 247 0
477 246 0
477 245 0
477 244 0
477 243 0
477 242 0
477 241 0
478 240 0
478 239 0
478 238 0
478 237 0
478 236 0
479 235 0
479 234 0
479 233 0
480 232 0
480 231 0
480 230 0
480 229 0
481 228 0
481 227 0
482 226 0
482 225 0
482 224 0
483 223 0
483 222 0
484 221 0
484 220 0
485 219 0
485 218 0
486 217 0
486 216 0
486 215 0
487 214 0
487 213 0
487 212 0
486 211 0
485 212 0
484 213 0
483 214 0
483 215 0
483 216 0
482 217 0
482 218 0
481 219 0
481 220 0
480 221 0
480 222 0
480 223 0
479 224 0
479 225 0
479 226 0
478 227 0
478 228 0
477 229 0
477 230 0
476 231 0
476 232 0
476 233 0
475 234 0
475 235 0
475 236 0
475 237 0
475 238 0
475 239 0
474 240 0
474 241 0
474 242 0
474 243 0
473 244 0
473 245 0
473 246 0
473 247 0
473 248 0
473 249 0
472 250 0
472 251 0
472 252 0
473 253 0
474 253 0
475 252 0
475 251 0
475 250 0
475 251 0
475 252 0
474 253 0
475 254 0
475 255 0
475 256 0
475 257 0
475 258 0
475 259 0
475 260 0
474 261 0
474 262 0
474 263 0
474 264 0
473 265 0
473 266 0
472 267 0
472 268 0
472 269 0
471 270 0
471 271 0
471 272 0
471 273 0
470 274 0
470 275 0
470 276 0
470 277 0
469 278 0
469 279 0
469 280 0
468 281 0
468 282 0
468 283 0
468 284 0
468 285 0
467 286 0
467 287 0
467 288 0
466 289 0
466 290 0
466 291 0
465 292 0
465 293 0
465 294 0
464 295 0
464 296 0
464 297 0
464 298 0
464 299 0
464 300 0
463 301 0
463 302 0
463 303 0
463 304 0
462 305 0
462 306 0
462 307 0
462 308 0
462 309 0
462 310 0
461 311 0
461 312 0
460 313 0
460 314 0
460 315 0
460 316 0
459 317 0
459 318 0
459 319 0
458 320 0
458 321 0
458 322 0
457 323 0
457 324 0
457 325 0
456 326 0
456 327 0
456 328 0
455 329 0
455 330 0
455 331 0
455 332 0
454 333 0
454 334 0
453 335 0
453 336 0
453 337 0
452 338 0
452 339 0
451 340 0
451 341 0
451 342 0
450 343 0
450 344 0
449 345 0
449 346 0
449 347 0
448 348 0
448 349 0
447 350 0
447 351 0
447 352 0
446 353 0
446 354 0
446 355 0
445 356 0
445 357 0
445 358 0
444 359 0
444 360 0
444 361 0
443 362 0
443 363 0
443 364 0
442 365 0
442 366 0
441 367 0
441 368 0
440 369 0
440 370 0
439 371 0
439 372 0
438 373 0
438 374 0
437 375 0
437 376 0
437 377 0
436 378 0
436 379 0
435 380 0
435 381 0
435 382 0
434 383 0
434 384 0
433 385 0
433 386 0
432 387 0
431 388 0
431 389 0
430 390 0
430 391 0
430 392 0
429 393 0
429 394 0
428 395 0
428 396 0
427 397 0
427 398 0
426 399 0
426 400 0
425 401 0
425 402 0
424 403 0
424 404 0
424 405 0
423 406 0
423 407 0
422 408 0
422 409 0
421 410 0
421 411 0
420 412 0
419 413 0
419 414 0
418 415 0
417 416 0
417 417 0
416 418 0
415 419 0
414 420 0
413 421 0
412 422 0
411 423 0
410 424 0
409 425 0
408 425 0
407 426 0
406 427 0
405 427 0
404 428 0
403 429 0
402 429 0
401 430 0
400 430 0
399 431 0
398 431 0
397 431 0
396 432 0
395 432 0
394 432 0
393 433 0
392 433 0
391 434 0
390 435 0
389 435 0
388 435 0
387 435 0
386 435 0
385 435 0
384 435 0
383 435 0
382 435 0
381 435 0
380 435 0
379 435 0
378 435 0
377 435 0
376 435 0
375 435 0
374 435 0
373 435 0
372 436 0
371 436 0
370 436 0
