473 286 0
434 404 0
435 405 0
436 404 0
437 403 0
437 402 0
438 401 0
439 400 0
440 399 0
441 398 0
442 397 0
443 396 0
443 395 0
444 394 0
444 393 0
445 392 0
445 391 0
446 390 0
446 389 0
447 388 0
448 387 0
448 386 0
449 385 0
449 384 0
449 383 0
450 382 0
450 381 0
451 380 0
451 379 0
452 378 0
452 377 0
453 376 0
453 375 0
453 374 0
454 373 0
454 372 0
454 371 0
455 370 0
455 369 0
455 368 0
455 367 0
456 366 0
456 365 0
456 364 0
456 363 0
457 362 0
457 361 0
457 360 0
458 359 0
458 358 0
458 357 0
458 356 0
459 355 0
459 354 0
459 353 0
459 352 0
460 351 0
460 350 0
460 349 0
460 348 0
460 347 0
460 346 0
461 345 0
461 344 0
461 343 0
461 342 0
462 341 0
462 340 0
462 339 0
462 338 0
462 337 0
462 336 0
462 335 0
463 334 0
463 333 0
463 332 0
464 331 0
464 330 0
464 329 0
464 328 0
464 327 0
464 326 0
464 325 0
465 324 0
465 323 0
465 322 0
465 321 0
465 320 0
465 319 0
465 318 0
465 317 0
465 316 0
466 315 0
466 314 0
466 313 0
466 312 0
466 311 0
466 310 0
467 309 0
467 308 0
467 307 0
467 306 0
467 305 0
467 304 0
467 303 0
467 302 0
468 301 0
468 300 0
468 299 0
468 298 0
468 297 0
469 296 0
469 295 0
469 294 0
469 293 0
470 292 0
470 291 0
470 290 0
470 289 0
470 288 0
470 287 0
471 286 0
471 285 0
470 284 0
471 283 0
472 282 0
472 281 0
472 280 0
472 279 0
472 278 0
473 277 0
473 276 0
473 275 0
473 274 0
474 273 0
474 272 0
474 271 0
474 270 0
474 269 0
475 268 0
475 267 0
475 266 0
476 265 0
476 264 0
476 263 0
477 262 0
477 261 0
477 260 0
477 259 0
478 258 0
478 257 0
478 256 0
478 255 0
478 254 0
479 253 0
479 252 0
479 251 0
479 250 0
478 249 0
478 248 0
478 247 0
478 246 0
479 245 0
479 244 0
479 243 0
479 242 0
480 241 0
480 240 0
480 239 0
481 238 0
481 237 0
481 236 0
482 235 0
482 234 0
482 233 0
483 232 0
483 231 0
483 230 0
484 229 0
484 228 0
485 227 0
485 226 0
486 225 0
486 224 0
487 223 0
487 222 0
487 221 0
488 220 0
489 219 0
489 218 0
490 217 0
490 216 0
490 215 0
491 214 0
491 213 0
492 212 0
492 211 0
492 210 0
493 209 0
493 208 0
492 207 0
491 207 0
490 208 0
489 209 0
489 210 0
489 211 0
488 212 0
487 213 0
486 214 0
486 215 0
487 216 0
486 217 0
486 218 0
485 219 0
485 220 0
484 221 0
484 222 0
483 223 0
483 224 0
482 225 0
482 226 0
482 227 0
481 228 0
481 229 0
480 230 0
480 231 0
479 232 0
479 233 0
479 234 0
478 235 0
478 236 0
478 237 0
477 238 0
477 239 0
477 240 0
477 241 0
476 242 0
476 243 0
475 244 0
475 245 0
475 246 0
475 247 0
475 248 0
474 249 0
474 250 0
474 251 0
474 252 0
473 253 0
473 254 0
472 255 0
472 256 0
472 257 0
472 258 0
472 259 0
472 260 0
472 261 0
472 262 0
471 263 0
471 264 0
471 265 0
471 266 0
471 267 0
471 268 0
471 269 0
471 270 0
470 271 0
470 272 0
470 273 0
470 274 0
470 275 0
470 276 0
469 277 0
470 278 0
470 279 0
469 280 0
469 281 0
469 282 0
468 283 0
468 284 0
468 285 0
468 286 0
467 287 0
467 288 0
467 289 0
467 290 0
467 291 0
466 292 0
466 293 0
466 294 0
466 295 0
466 296 0
465 297 0
465 298 0
465 299 0
465 300 0
464 301 0
464 302 0
464 303 0
464 304 0
464 305 0
464 306 0
464 307 0
464 308 0
463 309 0
463 310 0
463 311 0
463 312 0
463 313 0
463 314 0
462 315 0
462 316 0
462 317 0
462 318 0
462 319 0
462 320 0
462 321 0
462 322 0
461 323 0
461 324 0
461 325 0
461 326 0
461 327 0
461 328 0
461 329 0
460 330 0
460 331 0
460 332 0
460 333 0
460 334 0
459 335 0
459 336 0
459 337 0
459 338 0
459 339 0
459 340 0
459 341 0
458 342 0
458 343 0
458 344 0
458 345 0
457 346 0
457 347 0
457 348 0
457 349 0
457 350 0
456 351 0
456 352 0
456 353 0
456 354 0
456 355 0
455 356 0
455 357 0
455 358 0
455 359 0
454 360 0
454 361 0
453 362 0
453 363 0
453 364 0
453 365 0
453 366 0
452 367 0
452 368 0
451 369 0
451 370 0
451 371 0
451 372 0
450 373 0
450 374 0
450 375 0
449 376 0
449 377 0
448 378 0
448 379 0
448 380 0
447 381 0
446 382 0
446 383 0
445 384 0
445 385 0
444 386 0
444 387 0
443 388 0
442 389 0
441 390 0
440 391 0
440 392 0
440 393 0
440 394 0
439 395 0
439 396 0
438 397 0
438 398 0
437 399 0
436 400 0
435 401 0
434 402 0
433 403 0
399 431 0
400 432 0
401 432 0
402 431 0
403 431 0
404 430 0
405 430 0
406 429 0
407 429 0
408 428 0
409 427 0
410 427 0
411 426 0
412 425 0
413 425 0
414 424 0
415 423 0
416 423 0
417 422 0
418 421 0
419 421 0
420 420 0
421 419 0
422 418 0
423 418 0
424 417 0
425 416 0
426 415 0
427 414 0
428 413 0
429 412 0
430 411 0
431 410 0
431 409 0
432 408 0
433 407 0
434 406 0
435 405 0
434 404 0
433 403 0
432 404 0
432 405 0
431 406 0
430 407 0
429 408 0
429 409 0
428 410 0
427 411 0
426 412 0
425 413 0
424 414 0
423 415 0
422 416 0
421 416 0
420 417 0
419 418 0
418 418 0
417 419 0
416 420 0
415 420 0
414 421 0
413 422 0
412 422 0
411 423 0
410 424 0
409 424 0
408 425 0
407 426 0
406 426 0
405 427 0
404 428 0
403 428 0
402 429 0
401 429 0
400 430 0
398 432 0
399 433 0
400 432 0
399 431 0
387 434 0
388 434 0
389 434 0
390 434 0
391 433 0
392 433 0
393 433 0
394 433 0
395 433 0
396 433 0
397 433 0
398 432 0
399 431 0
399 430 0
400 429 0
401 429 0
402 429 0
403 428 0
404 428 0
405 427 0
405 426 0
406 426 0
407 425 0
408 425 0
409 424 0
410 423 0
411 423 0
412 422 0
413 421 0
414 421 0
415 420 0
416 419 0
417 418 0
418 418 0
419 417 0
420 416 0
421 416 0
422 415 0
423 414 0
424 413 0
425 412 0
426 411 0
427 410 0
428 409 0
429 408 0
429 407 0
430 406 0
431 405 0
432 404 0
432 403 0
433 402 0
434 401 0
435 400 0
436 399 0
437 398 0
438 397 0
438 396 0
439 395 0
440 394 0
440 393 0
440 392 0
440 391 0
440 390 0
441 389 0
442 388 0
443 387 0
444 386 0
444 385 0
445 384 0
446 383 0
446 382 0
447 381 0
448 380 0
448 379 0
448 378 0
449 377 0
449 376 0
450 375 0
450 374 0
450 373 0
451 372 0
451 371 0
451 370 0
451 369 0
452 368 0
452 367 0
453 366 0
453 365 0
453 364 0
453 363 0
453 362 0
454 361 0
454 360 0
455 359 0
455 358 0
455 357 0
455 356 0
456 355 0
456 354 0
456 353 0
456 352 0
456 351 0
457 350 0
457 349 0
457 348 0
457 347 0
457 346 0
458 345 0
458 344 0
458 343 0
458 342 0
459 341 0
459 340 0
459 339 0
459 338 0
459 337 0
459 336 0
459 335 0
459 334 0
460 333 0
460 332 0
460 331 0
460 330 0
461 329 0
461 328 0
461 327 0
461 326 0
461 325 0
461 324 0
461 323 0
462 322 0
462 321 0
462 320 0
462 319 0
462 318 0
462 317 0
462 316 0
462 315 0
463 314 0
463 313 0
463 312 0
463 311 0
463 310 0
463 309 0
464 308 0
464 307 0
464 306 0
464 305 0
464 304 0
464 303 0
464 302 0
464 301 0
464 300 0
465 299 0
465 298 0
465 297 0
466 296 0
466 295 0
466 294 0
466 293 0
466 292 0
467 291 0
467 290 0
467 289 0
467 288 0
467 287 0
468 286 0
468 285 0
468 284 0
468 283 0
469 282 0
469 281 0
469 280 0
469 279 0
469 278 0
469 277 0
470 276 0
470 275 0
470 274 0
470 273 0
470 272 0
470 271 0
471 270 0
471 269 0
471 268 0
471 267 0
471 266 0
471 265 0
471 264 0
471 263 0
472 262 0
472 261 0
472 260 0
472 259 0
472 258 0
472 257 0
472 256 0
472 255 0
473 254 0
473 253 0
474 252 0
474 251 0
474 250 0
474 249 0
475 248 0
475 247 0
475 246 0
475 245 0
475 244 0
476 243 0
476 242 0
476 241 0
477 240 0
477 239 0
477 238 0
478 237 0
478 236 0
478 235 0
479 234 0
479 233 0
479 232 0
479 231 0
480 230 0
481 229 0
481 228 0
481 227 0
482 226 0
482 225 0
482 224 0
483 223 0
484 222 0
484 221 0
484 220 0
485 219 0
486 218 0
486 217 0
486 216 0
486 215 0
486 214 0
487 213 0
487 212 0
488 211 0
489 210 0
489 209 0
490 208 0
490 207 0
491 207 0
492 207 0
493 206 0
494 205 0
495 204 0
496 203 0
496 202 0
496 201 0
496 200 0
496 199 0
496 198 0
496 197 0
496 196 0
496 195 0
496 194 0
497 193 0
497 192 0
497 191 0
498 190 0
498 189 0
499 188 0
499 187 0
499 186 0
500 185 0
500 184 0
501 183 0
501 182 0
502 181 0
502 180 0
502 179 0
503 178 0
503 177 0
504 176 0
504 175 0
504 174 0
504 173 0
505 172 0
505 171 0
506 170 0
506 169 0
507 168 0
507 167 0
508 166 0
509 165 0
509 164 0
510 163 0
510 162 0
511 162 0
510 163 0
510 164 0
509 165 0
509 166 0
508 167 0
507 168 0
507 169 0
506 170 0
506 171 0
505 172 0
505 173 0
504 174 0
504 175 0
504 176 0
503 177 0
503 178 0
502 179 0
502 180 0
502 181 0
501 182 0
501 183 0
500 184 0
500 185 0
500 186 0
499 187 0
499 188 0
499 189 0
498 190 0
498 191 0
497 192 0
497 193 0
496 194 0
496 195 0
496 196 0
496 197 0
496 198 0
496 199 0
496 200 0
496 201 0
496 202 0
496 203 0
496 204 0
495 205 0
494 206 0
493 207 0
494 208 0
495 208 0
496 207 0
497 207 0
498 206 0
498 205 0
499 204 0
499 203 0
499 202 0
499 201 0
499 200 0
499 199 0
499 198 0
499 197 0
499 196 0
499 195 0
500 194 0
500 193 0
500 192 0
501 191 0
501 190 0
502 189 0
502 188 0
502 187 0
503 186 0
503 185 0
504 184 0
504 183 0
504 182 0
505 181 0
505 180 0
506 179 0
506 178 0
506 177 0
507 176 0
507 175 0
507 174 0
508 173 0
508 172 0
509 171 0
509 170 0
510 169 0
510 168 0
511 167 0
512 166 0
512 165 0
512 164 0
513 163 0
513 164 0
512 165 0
512 166 0
512 167 0
511 168 0
510 169 0
510 170 0
509 171 0
509 172 0
508 173 0
508 174 0
507 175 0
507 176 0
506 177 0
506 178 0
506 179 0
505 180 0
505 181 0
504 182 0
504 183 0
504 184 0
503 185 0
503 186 0
502 187 0
502 188 0
502 189 0
501 190 0
501 191 0
501 192 0
500 193 0
500 194 0
499 195 0
499 196 0
499 197 0
499 198 0
499 199 0
499 200 0
499 201 0
499 202 0
499 203 0
499 204 0
499 205 0
498 206 0
498 207 0
497 207 0
496 207 0
495 208 0
494 209 0
493 209 0
492 210 0
492 211 0
492 212 0
491 213 0
491 214 0
491 215 0
490 216 0
490 217 0
489 218 0
489 219 0
488 220 0
488 221 0
487 222 0
487 223 0
487 224 0
486 225 0
486 226 0
485 227 0
484 228 0
484 229 0
484 230 0
483 231 0
483 232 0
482 233 0
482 234 0
482 235 0
481 236 0
481 237 0
481 238 0
480 239 0
480 240 0
480 241 0
479 242 0
479 243 0
479 244 0
479 245 0
478 246 0
478 247 0
478 248 0
478 249 0
479 250 0
479 251 0
479 252 0
479 253 0
478 254 0
478 255 0
478 256 0
478 257 0
478 258 0
477 259 0
477 260 0
477 261 0
477 262 0
476 263 0
476 264 0
476 265 0
475 266 0
475 267 0
475 268 0
474 269 0
474 270 0
474 271 0
474 272 0
474 273 0
473 274 0
473 275 0
473 276 0
473 277 0
472 278 0
472 279 0
472 280 0
472 281 0
472 282 0
472 283 0
472 284 0
471 285 0
471 286 0
471 287 0
470 288 0
470 289 0
470 290 0
470 291 0
470 292 0
469 293 0
469 294 0
469 295 0
469 296 0
468 297 0
468 298 0
468 299 0
468 300 0
468 301 0
467 302 0
467 303 0
467 304 0
467 305 0
467 306 0
467 307 0
467 308 0
467 309 0
466 310 0
466 311 0
466 312 0
466 313 0
466 314 0
466 315 0
465 316 0
465 317 0
465 318 0
465 319 0
465 320 0
465 321 0
465 322 0
465 323 0
465 324 0
464 325 0
464 326 0
464 327 0
464 328 0
464 329 0
464 330 0
464 331 0
463 332 0
463 333 0
463 334 0
462 335 0
462 336 0
462 337 0
462 338 0
462 339 0
462 340 0
462 341 0
461 342 0
461 343 0
461 344 0
461 345 0
460 346 0
460 347 0
460 348 0
460 349 0
460 350 0
460 351 0
459 352 0
459 353 0
459 354 0
459 355 0
458 356 0
458 357 0
458 358 0
458 359 0
457 360 0
457 361 0
457 362 0
456 363 0
456 364 0
456 365 0
456 366 0
455 367 0
455 368 0
455 369 0
455 370 0
454 371 0
454 372 0
454 373 0
454 374 0
453 375 0
453 376 0
453 377 0
452 378 0
452 379 0
451 380 0
451 381 0
450 382 0
450 383 0
449 384 0
449 385 0
448 386 0
448 387 0
447 388 0
447 389 0
446 390 0
446 391 0
445 392 0
445 393 0
444 394 0
444 395 0
443 396 0
443 397 0
442 398 0
441 399 0
440 400 0
439 401 0
438 402 0
437 403 0
437 404 0
436 405 0
435 406 0
434 407 0
433 408 0
432 409 0
431 410 0
431 411 0
430 412 0
429 413 0
428 414 0
427 415 0
426 416 0
425 417 0
424 418 0
423 418 0
422 419 0
421 420 0
420 421 0
419 421 0
418 422 0
417 423 0
416 423 0
415 424 0
414 425 0
413 425 0
412 426 0
411 427 0
410 427 0
409 428 0
408 429 0
407 429 0
406 430 0
405 430 0
404 431 0
403 431 0
402 432 0
401 432 0
400 432 0
399 433 0
398 433 0
397 433 0
396 433 0
395 433 0
394 433 0
393 433 0
392 433 0
391 433 0
390 434 0
389 434 0
388 434 0
