492 201 0
493 202 0
494 201 0
495 200 0
496 199 0
496 198 0
496 197 0
497 196 0
497 195 0
497 194 0
497 193 0
497 192 0
497 191 0
497 190 0
497 189 0
497 188 0
498 187 0
498 186 0
498 185 0
499 184 0
499 183 0
499 182 0
500 181 0
500 180 0
501 179 0
502 178 0
502 177 0
503 176 0
503 175 0
504 174 0
504 173 0
505 172 0
505 171 0
506 170 0
507 169 0
507 168 0
508 167 0
508 166 0
509 165 0
510 164 0
510 163 0
511 162 0
511 161 0
510 160 0
509 160 0
508 161 0
508 162 0
507 163 0
507 164 0
506 165 0
505 166 0
505 167 0
504 168 0
504 169 0
503 170 0
502 171 0
502 172 0
501 173 0
501 174 0
500 175 0
500 176 0
499 177 0
499 178 0
498 179 0
497 180 0
497 181 0
496 182 0
496 183 0
496 184 0
495 185 0
495 186 0
494 187 0
494 188 0
494 189 0
494 190 0
494 191 0
494 192 0
494 193 0
494 194 0
494 195 0
493 196 0
494 197 0
493 198 0
493 199 0
492 200 0
403 430 0
404 431 0
405 431 0
406 430 0
405 429 0
404 429 0
400 432 0
401 432 0
402 431 0
403 430 0
403 429 0
404 429 0
405 428 0
405 429 0
406 430 0
407 430 0
408 429 0
409 428 0
410 428 0
411 427 0
412 426 0
413 426 0
414 425 0
415 425 0
416 424 0
417 423 0
418 423 0
419 422 0
420 421 0
421 421 0
422 420 0
423 419 0
424 418 0
425 417 0
426 416 0
427 415 0
428 415 0
429 414 0
430 413 0
431 412 0
432 411 0
433 410 0
434 409 0
435 408 0
435 407 0
436 406 0
437 405 0
438 404 0
439 403 0
440 402 0
440 401 0
441 400 0
442 399 0
442 398 0
443 397 0
444 396 0
444 395 0
445 394 0
445 393 0
446 392 0
446 391 0
447 390 0
447 389 0
448 388 0
449 387 0
449 386 0
450 385 0
450 384 0
451 383 0
452 382 0
452 381 0
452 380 0
452 379 0
452 378 0
453 377 0
453 376 0
453 375 0
454 374 0
454 373 0
455 372 0
455 371 0
456 370 0
456 369 0
456 368 0
457 367 0
457 366 0
457 365 0
457 364 0
458 363 0
458 362 0
458 361 0
458 360 0
459 359 0
459 358 0
459 357 0
459 356 0
460 355 0
460 354 0
460 353 0
460 352 0
460 351 0
460 350 0
461 349 0
461 348 0
461 347 0
461 346 0
461 345 0
461 344 0
462 343 0
462 342 0
462 341 0
462 340 0
462 339 0
462 338 0
463 337 0
463 336 0
463 335 0
463 334 0
463 333 0
463 332 0
463 331 0
464 330 0
464 329 0
464 328 0
464 327 0
464 326 0
464 325 0
464 324 0
464 323 0
465 322 0
465 321 0
465 320 0
465 319 0
465 318 0
465 317 0
465 316 0
466 315 0
466 314 0
466 313 0
466 312 0
466 311 0
466 310 0
466 309 0
466 308 0
466 307 0
466 306 0
466 305 0
467 304 0
467 303 0
467 302 0
467 301 0
467 300 0
467 299 0
468 298 0
468 297 0
468 296 0
468 295 0
468 294 0
468 293 0
469 292 0
469 291 0
469 290 0
469 289 0
469 288 0
470 287 0
470 286 0
470 285 0
470 284 0
470 283 0
470 282 0
471 281 0
471 280 0
471 279 0
471 278 0
471 277 0
471 276 0
472 275 0
472 274 0
472 273 0
473 272 0
473 271 0
473 270 0
473 269 0
473 268 0
473 267 0
473 266 0
474 265 0
475 264 0
475 263 0
475 262 0
475 261 0
476 260 0
476 259 0
476 258 0
477 257 0
477 256 0
477 255 0
477 254 0
477 253 0
476 252 0
476 251 0
476 250 0
476 249 0
476 248 0
476 247 0
477 246 0
477 245 0
477 244 0
477 243 0
477 242 0
477 241 0
477 240 0
477 239 0
478 238 0
478 237 0
478 236 0
478 235 0
479 234 0
478 233 0
479 232 0
479 231 0
479 230 0
479 229 0
480 228 0
480 227 0
480 226 0
480 225 0
481 224 0
481 223 0
481 222 0
481 221 0
482 220 0
482 219 0
483 218 0
483 217 0
484 216 0
484 215 0
485 214 0
485 213 0
485 212 0
486 211 0
486 210 0
487 209 0
487 208 0
488 207 0
487 206 0
486 205 0
485 206 0
485 207 0
484 208 0
484 209 0
483 210 0
483 211 0
482 212 0
482 213 0
482 214 0
481 215 0
481 216 0
480 217 0
480 218 0
479 219 0
479 220 0
478 221 0
478 222 0
478 223 0
477 224 0
477 225 0
477 226 0
477 227 0
476 228 0
476 229 0
476 230 0
475 231 0
475 232 0
475 233 0
475 234 0
475 235 0
476 236 0
475 237 0
474 238 0
474 239 0
474 240 0
474 241 0
474 242 0
474 243 0
473 244 0
473 245 0
473 246 0
473 247 0
473 248 0
473 249 0
472 250 0
472 251 0
472 252 0
472 253 0
471 254 0
470 255 0
471 256 0
472 257 0
473 257 0
474 258 0
473 257 0
472 257 0
471 258 0
471 259 0
471 260 0
471 261 0
470 262 0
470 263 0
470 264 0
470 265 0
470 266 0
470 267 0
470 268 0
469 269 0
469 270 0
469 271 0
469 272 0
469 273 0
469 274 0
469 275 0
468 276 0
468 277 0
468 278 0
468 279 0
468 280 0
467 281 0
467 282 0
467 283 0
467 284 0
467 285 0
466 286 0
466 287 0
466 288 0
466 289 0
466 290 0
466 291 0
466 292 0
465 293 0
465 294 0
465 295 0
465 296 0
465 297 0
465 298 0
464 299 0
464 300 0
464 301 0
464 302 0
464 303 0
463 304 0
463 305 0
463 306 0
463 307 0
463 308 0
463 309 0
463 310 0
463 311 0
463 312 0
463 313 0
462 314 0
462 315 0
462 316 0
462 317 0
462 318 0
462 319 0
462 320 0
462 321 0
461 322 0
461 323 0
461 324 0
461 325 0
461 326 0
461 327 0
461 328 0
461 329 0
460 330 0
460 331 0
460 332 0
460 333 0
460 334 0
460 335 0
460 336 0
459 337 0
459 338 0
459 339 0
459 340 0
459 341 0
459 342 0
458 343 0
458 344 0
458 345 0
458 346 0
458 347 0
458 348 0
457 349 0
457 350 0
457 351 0
457 352 0
457 353 0
457 354 0
456 355 0
456 356 0
456 357 0
456 358 0
456 359 0
455 360 0
455 361 0
455 362 0
454 363 0
454 364 0
454 365 0
454 366 0
453 367 0
453 368 0
453 369 0
452 370 0
452 371 0
451 372 0
451 373 0
450 374 0
450 375 0
450 376 0
449 377 0
449 378 0
449 379 0
448 380 0
448 381 0
447 382 0
447 383 0
446 384 0
446 385 0
446 386 0
445 387 0
445 388 0
444 389 0
443 390 0
443 391 0
443 392 0
442 393 0
441 394 0
441 395 0
440 396 0
440 397 0
439 398 0
438 399 0
437 400 0
437 401 0
436 402 0
435 403 0
434 404 0
434 405 0
433 406 0
432 407 0
431 408 0
430 409 0
429 410 0
428 411 0
427 412 0
426 413 0
425 414 0
424 415 0
423 416 0
422 417 0
421 418 0
420 418 0
419 419 0
418 420 0
417 420 0
416 421 0
415 422 0
414 422 0
413 423 0
412 423 0
411 424 0
410 425 0
409 425 0
410 425 0
411 424 0
412 423 0
413 423 0
414 422 0
415 421 0
416 421 0
417 420 0
418 419 0
419 418 0
420 418 0
421 417 0
422 416 0
423 415 0
424 414 0
425 413 0
426 412 0
427 411 0
428 410 0
429 409 0
430 408 0
431 407 0
432 406 0
433 405 0
434 404 0
434 403 0
435 402 0
436 401 0
437 400 0
437 399 0
438 398 0
439 397 0
440 396 0
440 395 0
441 394 0
441 393 0
442 392 0
443 391 0
443 390 0
443 389 0
444 388 0
445 387 0
445 386 0
446 385 0
446 384 0
447 383 0
447 382 0
447 381 0
448 380 0
448 379 0
449 378 0
449 377 0
450 376 0
450 375 0
450 374 0
451 373 0
451 372 0
452 371 0
452 370 0
453 369 0
453 368 0
453 367 0
453 366 0
454 365 0
454 364 0
454 363 0
455 362 0
455 361 0
455 360 0
456 359 0
456 358 0
456 357 0
456 356 0
456 355 0
457 354 0
457 353 0
457 352 0
457 351 0
457 350 0
457 349 0
458 348 0
458 347 0
458 346 0
458 345 0
458 344 0
458 343 0
459 342 0
459 341 0
459 340 0
459 339 0
459 338 0
459 337 0
460 336 0
460 335 0
460 334 0
460 333 0
460 332 0
460 331 0
460 330 0
461 329 0
461 328 0
461 327 0
461 326 0
461 325 0
461 324 0
461 323 0
461 322 0
462 321 0
462 320 0
462 319 0
462 318 0
462 317 0
462 316 0
462 315 0
462 314 0
463 313 0
463 312 0
463 311 0
463 310 0
463 309 0
463 308 0
463 307 0
463 306 0
463 305 0
463 304 0
464 303 0
464 302 0
464 301 0
464 300 0
464 299 0
465 298 0
465 297 0
465 296 0
465 295 0
465 294 0
465 293 0
466 292 0
466 291 0
466 290 0
466 289 0
466 288 0
466 287 0
466 286 0
467 285 0
467 284 0
467 283 0
467 282 0
467 281 0
468 280 0
468 279 0
468 278 0
468 277 0
468 276 0
469 275 0
469 274 0
469 273 0
469 272 0
469 271 0
469 270 0
469 269 0
470 268 0
470 267 0
470 266 0
470 265 0
470 264 0
470 263 0
470 262 0
471 261 0
471 260 0
471 259 0
471 258 0
471 257 0
471 256 0
470 255 0
471 254 0
471 253 0
472 252 0
472 251 0
472 250 0
473 249 0
473 248 0
473 247 0
473 246 0
473 245 0
473 244 0
474 243 0
474 242 0
474 241 0
474 240 0
474 239 0
474 238 0
475 237 0
475 236 0
475 235 0
475 234 0
475 233 0
475 232 0
475 231 0
476 230 0
476 229 0
476 228 0
477 227 0
477 226 0
477 225 0
477 224 0
478 223 0
478 222 0
478 221 0
478 220 0
479 219 0
479 218 0
480 217 0
480 216 0
481 215 0
481 214 0
482 213 0
482 212 0
483 211 0
483 210 0
483 209 0
484 208 0
484 207 0
485 206 0
485 205 0
486 205 0
487 205 0
488 204 0
489 204 0
490 203 0
490 202 0
491 202 0
492 201 0
492 200 0
492 199 0
493 198 0
493 197 0
493 196 0
494 195 0
494 194 0
494 193 0
494 192 0
494 191 0
494 190 0
494 189 0
494 188 0
494 187 0
494 186 0
495 185 0
496 184 0
496 183 0
496 182 0
496 181 0
497 180 0
497 179 0
498 178 0
499 177 0
499 176 0
500 175 0
500 174 0
501 173 0
501 172 0
502 171 0
502 170 0
503 169 0
504 168 0
504 167 0
505 166 0
505 165 0
506 164 0
507 163 0
507 162 0
508 161 0
508 160 0
509 160 0
510 160 0
511 159 0
512 159 0
511 160 0
511 161 0
512 162 0
513 161 0
514 161 0
515 160 0
516 160 0
517 159 0
518 158 0
519 157 0
520 156 0
521 155 0
521 154 0
521 153 0
521 152 0
522 151 0
522 150 0
522 149 0
522 148 0
522 147 0
522 146 0
523 145 0
523 144 0
523 143 0
523 142 0
523 141 0
524 140 0
524 139 0
525 138 0
526 137 0
526 136 0
527 135 0
527 134 0
528 133 0
528 132 0
529 131 0
530 130 0
530 129 0
531 128 0
531 127 0
532 126 0
533 125 0
533 124 0
533 123 0
534 122 0
535 121 0
536 120 0
535 121 0
535 122 0
534 123 0
533 124 0
533 125 0
532 126 0
532 127 0
531 128 0
531 129 0
530 130 0
530 131 0
529 132 0
528 133 0
528 134 0
527 135 0
527 136 0
526 137 0
526 138 0
525 139 0
524 140 0
524 141 0
523 142 0
523 143 0
523 144 0
523 145 0
522 146 0
522 147 0
522 148 0
522 149 0
522 150 0
522 151 0
521 152 0
521 153 0
521 154 0
521 155 0
520 156 0
520 157 0
519 158 0
518 159 0
517 160 0
516 160 0
515 160 0
514 161 0
513 161 0
512 162 0
511 163 0
510 164 0
510 165 0
509 166 0
508 167 0
508 168 0
507 169 0
507 170 0
506 171 0
505 172 0
505 173 0
504 174 0
504 175 0
503 176 0
503 177 0
502 178 0
502 179 0
501 180 0
500 181 0
499 182 0
499 183 0
499 184 0
498 185 0
498 186 0
498 187 0
497 188 0
497 189 0
497 190 0
497 191 0
497 192 0
497 193 0
497 194 0
497 195 0
497 196 0
496 197 0
496 198 0
496 199 0
495 200 0
495 201 0
494 202 0
493 203 0
493 202 0
492 201 0
491 202 0
490 203 0
489 204 0
488 204 0
487 205 0
487 206 0
488 207 0
489 207 0
490 206 0
491 205 0
492 205 0
491 206 0
490 206 0
489 207 0
488 208 0
487 209 0
487 210 0
486 211 0
486 212 0
485 213 0
485 214 0
485 215 0
484 216 0
483 217 0
483 218 0
483 219 0
482 220 0
481 221 0
481 222 0
481 223 0
481 224 0
480 225 0
480 226 0
480 227 0
480 228 0
479 229 0
479 230 0
479 231 0
479 232 0
479 233 0
479 234 0
478 235 0
478 236 0
478 237 0
478 238 0
477 239 0
477 240 0
477 241 0
477 242 0
477 243 0
477 244 0
477 245 0
477 246 0
476 247 0
476 248 0
476 249 0
476 250 0
476 251 0
476 252 0
477 253 0
477 254 0
477 255 0
477 256 0
477 257 0
476 258 0
476 259 0
476 260 0
476 261 0
475 262 0
475 263 0
475 264 0
474 265 0
473 266 0
473 267 0
473 268 0
473 269 0
473 270 0
473 271 0
473 272 0
472 273 0
472 274 0
472 275 0
471 276 0
471 277 0
471 278 0
471 279 0
471 280 0
471 281 0
470 282 0
470 283 0
470 284 0
470 285 0
470 286 0
470 287 0
469 288 0
469 289 0
469 290 0
469 291 0
469 292 0
468 293 0
468 294 0
468 295 0
468 296 0
468 297 0
468 298 0
467 299 0
467 300 0
467 301 0
467 302 0
467 303 0
467 304 0
466 305 0
466 306 0
466 307 0
466 308 0
466 309 0
466 310 0
466 311 0
466 312 0
466 313 0
466 314 0
466 315 0
465 316 0
465 317 0
465 318 0
465 319 0
465 320 0
465 321 0
465 322 0
464 323 0
464 324 0
464 325 0
464 326 0
464 327 0
464 328 0
464 329 0
464 330 0
463 331 0
463 332 0
463 333 0
463 334 0
463 335 0
463 336 0
463 337 0
462 338 0
462 339 0
462 340 0
462 341 0
462 342 0
462 343 0
461 344 0
461 345 0
461 346 0
461 347 0
461 348 0
461 349 0
460 350 0
460 351 0
460 352 0
460 353 0
460 354 0
460 355 0
459 356 0
459 357 0
459 358 0
459 359 0
458 360 0
458 361 0
458 362 0
458 363 0
457 364 0
457 365 0
457 366 0
457 367 0
456 368 0
456 369 0
456 370 0
455 371 0
455 372 0
455 373 0
454 374 0
454 375 0
453 376 0
453 377 0
453 378 0
452 379 0
452 380 0
452 381 0
452 382 0
452 383 0
451 384 0
450 385 0
450 386 0
449 387 0
449 388 0
448 389 0
447 390 0
447 391 0
446 392 0
446 393 0
445 394 0
445 395 0
444 396 0
444 397 0
443 398 0
442 399 0
442 400 0
441 401 0
440 402 0
440 403 0
439 404 0
438 405 0
437 406 0
436 407 0
435 408 0
435 409 0
434 410 0
433 411 0
432 412 0
431 413 0
430 414 0
429 415 0
428 415 0
427 416 0
426 417 0
425 418 0
424 419 0
423 420 0
422 421 0
421 421 0
420 422 0
419 423 0
418 423 0
417 424 0
416 425 0
415 425 0
414 425 0
413 426 0
412 427 0
411 427 0
410 428 0
409 429 0
408 429 0
407 430 0
406 431 0
405 431 0
404 431 0
403 431 0
402 431 0
401 432 0
