521 168 0
521 167 0
520 166 0
519 166 0
519 165 0
520 164 0
520 163 0
521 162 0
521 161 0
521 160 0
521 159 0
521 158 0
522 157 0
522 156 0
522 155 0
522 154 0
523 153 0
524 152 0
525 151 0
525 150 0
525 149 0
526 148 0
527 147 0
527 146 0
528 145 0
529 144 0
529 143 0
530 142 0
530 141 0
531 140 0
532 139 0
533 138 0
533 137 0
534 136 0
534 135 0
535 134 0
536 133 0
536 132 0
537 131 0
537 130 0
537 131 0
536 132 0
536 133 0
536 134 0
535 135 0
534 136 0
534 137 0
533 138 0
533 139 0
532 140 0
531 141 0
530 142 0
530 143 0
529 144 0
528 145 0
528 146 0
527 147 0
527 148 0
526 149 0
525 150 0
525 151 0
525 152 0
524 153 0
523 154 0
522 155 0
522 156 0
522 157 0
521 158 0
521 159 0
521 160 0
521 161 0
521 162 0
521 163 0
520 164 0
519 165 0
520 166 0
521 167 0
522 166 0
523 165 0
523 164 0
523 163 0
524 162 0
524 161 0
524 160 0
524 159 0
525 158 0
525 157 0
525 156 0
525 155 0
526 154 0
527 153 0
528 152 0
528 151 0
529 150 0
529 149 0
530 148 0
530 147 0
531 146 0
532 145 0
532 144 0
533 143 0
534 142 0
534 141 0
535 140 0
536 139 0
536 138 0
537 137 0
538 136 0
538 135 0
539 134 0
539 133 0
540 132 0
541 131 0
541 130 0
542 129 0
542 128 0
543 127 0
544 126 0
544 125 0
545 124 0
545 123 0
546 122 0
547 121 0
547 120 0
548 119 0
548 118 0
549 117 0
549 116 0
550 115 0
550 114 0
551 113 0
551 112 0
552 111 0
552 110 0
553 109 0
553 108 0
553 107 0
554 106 0
553 107 0
553 108 0
553 109 0
552 110 0
552 111 0
551 112 0
551 113 0
550 114 0
550 115 0
550 116 0
549 117 0
549 118 0
548 119 0
548 120 0
547 121 0
547 122 0
546 123 0
545 124 0
544 125 0
544 126 0
543 127 0
543 128 0
542 129 0
542 130 0
541 131 0
541 132 0
540 133 0
539 134 0
539 135 0
538 136 0
538 137 0
537 138 0
536 139 0
536 140 0
535 141 0
534 142 0
534 143 0
533 144 0
532 145 0
532 146 0
531 147 0
530 148 0
530 149 0
529 150 0
529 151 0
528 152 0
528 153 0
527 154 0
526 155 0
525 156 0
525 157 0
525 158 0
524 159 0
524 160 0
524 161 0
524 162 0
523 163 0
523 164 0
523 165 0
523 166 0
522 167 0
476 248 0
477 249 0
478 249 0
479 248 0
479 247 0
479 246 0
479 245 0
480 244 0
480 243 0
481 242 0
481 241 0
482 240 0
482 239 0
482 238 0
482 237 0
483 236 0
483 235 0
484 234 0
484 233 0
485 232 0
485 231 0
486 230 0
486 229 0
486 228 0
487 227 0
487 226 0
488 225 0
488 224 0
489 223 0
489 222 0
489 221 0
490 220 0
490 219 0
491 218 0
491 217 0
492 216 0
492 215 0
493 214 0
492 213 0
491 212 0
490 213 0
490 214 0
489 215 0
488 216 0
488 217 0
488 218 0
487 219 0
487 220 0
486 221 0
486 222 0
485 223 0
485 224 0
485 225 0
484 226 0
483 227 0
483 228 0
483 229 0
482 230 0
482 231 0
481 232 0
481 233 0
480 234 0
480 235 0
479 236 0
479 237 0
479 238 0
478 239 0
478 240 0
478 241 0
478 242 0
477 243 0
476 244 0
476 245 0
476 246 0
476 247 0
453 378 0
454 377 0
454 376 0
454 377 0
390 434 0
391 435 0
392 435 0
393 434 0
392 433 0
391 433 0
328 438 0
329 438 0
330 438 0
331 438 0
332 438 0
333 438 0
334 438 0
335 438 0
336 438 0
337 438 0
338 437 0
339 437 0
340 437 0
341 437 0
342 437 0
343 437 0
344 438 0
345 438 0
346 438 0
347 438 0
348 437 0
349 438 0
350 438 0
351 438 0
352 438 0
353 438 0
354 438 0
355 438 0
356 438 0
357 438 0
358 438 0
359 438 0
360 438 0
361 438 0
362 438 0
363 438 0
364 438 0
365 438 0
366 438 0
367 438 0
368 438 0
369 438 0
370 438 0
371 438 0
372 437 0
373 437 0
374 437 0
375 437 0
376 437 0
377 437 0
378 437 0
379 437 0
380 437 0
381 437 0
382 437 0
383 436 0
384 436 0
385 436 0
386 436 0
387 436 0
388 436 0
389 435 0
390 434 0
390 433 0
391 433 0
392 433 0
393 434 0
394 434 0
395 433 0
396 433 0
397 433 0
398 433 0
399 432 0
400 432 0
401 432 0
402 431 0
403 430 0
404 430 0
405 429 0
406 429 0
407 428 0
408 427 0
409 427 0
410 426 0
411 426 0
412 425 0
413 425 0
414 424 0
415 423 0
416 423 0
417 422 0
418 421 0
419 420 0
420 420 0
421 419 0
422 418 0
423 417 0
424 416 0
425 416 0
426 415 0
427 414 0
428 413 0
429 412 0
430 411 0
431 410 0
432 409 0
432 408 0
433 407 0
434 406 0
435 405 0
436 404 0
437 403 0
437 402 0
438 401 0
439 400 0
439 399 0
440 398 0
441 397 0
441 396 0
442 395 0
443 394 0
443 393 0
444 392 0
444 391 0
445 390 0
445 389 0
446 388 0
446 387 0
447 386 0
447 385 0
448 384 0
449 383 0
449 382 0
449 381 0
450 380 0
450 379 0
451 378 0
451 377 0
451 376 0
451 375 0
452 374 0
452 373 0
453 372 0
453 371 0
453 370 0
453 369 0
454 368 0
454 367 0
455 366 0
455 365 0
455 364 0
455 363 0
456 362 0
456 361 0
456 360 0
457 359 0
457 358 0
457 357 0
457 356 0
458 355 0
458 354 0
458 353 0
458 352 0
458 351 0
459 350 0
459 349 0
459 348 0
459 347 0
459 346 0
460 345 0
460 344 0
460 343 0
460 342 0
460 341 0
461 340 0
461 339 0
461 338 0
461 337 0
461 336 0
461 335 0
462 334 0
462 333 0
462 332 0
463 331 0
463 330 0
463 329 0
463 328 0
463 327 0
464 326 0
464 325 0
464 324 0
464 323 0
464 322 0
464 321 0
464 320 0
464 319 0
465 318 0
465 317 0
465 316 0
465 315 0
465 314 0
465 313 0
466 312 0
466 311 0
466 310 0
466 309 0
466 308 0
466 307 0
467 306 0
467 305 0
467 304 0
467 303 0
467 302 0
468 301 0
468 300 0
468 299 0
468 298 0
468 297 0
468 296 0
469 295 0
469 294 0
469 293 0
470 292 0
470 291 0
470 290 0
470 289 0
471 288 0
471 287 0
471 286 0
472 285 0
472 284 0
472 283 0
472 282 0
472 281 0
472 280 0
472 279 0
473 278 0
473 277 0
473 276 0
474 275 0
474 274 0
475 273 0
475 272 0
475 271 0
476 270 0
476 269 0
475 268 0
475 267 0
476 266 0
477 265 0
478 264 0
478 263 0
478 262 0
478 261 0
478 260 0
479 259 0
479 258 0
479 257 0
479 256 0
479 255 0
478 254 0
478 253 0
478 252 0
479 251 0
478 250 0
477 249 0
476 249 0
475 250 0
475 251 0
475 252 0
475 253 0
475 254 0
474 255 0
474 256 0
474 257 0
474 258 0
474 259 0
473 260 0
473 261 0
473 262 0
473 263 0
473 264 0
473 265 0
472 266 0
472 267 0
472 268 0
471 269 0
471 270 0
471 271 0
471 272 0
471 273 0
470 274 0
470 275 0
470 276 0
470 277 0
470 278 0
469 279 0
469 280 0
469 281 0
469 282 0
469 283 0
468 284 0
468 285 0
468 286 0
468 287 0
467 288 0
467 289 0
467 290 0
467 291 0
466 292 0
466 293 0
466 294 0
466 295 0
465 296 0
465 297 0
465 298 0
465 299 0
465 300 0
464 301 0
464 302 0
464 303 0
464 304 0
464 305 0
463 306 0
463 307 0
463 308 0
463 309 0
463 310 0
463 311 0
462 312 0
462 313 0
462 314 0
462 315 0
462 316 0
461 317 0
461 318 0
461 319 0
461 320 0
461 321 0
461 322 0
461 323 0
461 324 0
460 325 0
460 326 0
460 327 0
460 328 0
460 329 0
460 330 0
459 331 0
459 332 0
459 333 0
459 334 0
459 335 0
458 336 0
458 337 0
458 338 0
458 339 0
458 340 0
457 341 0
457 342 0
457 343 0
457 344 0
457 345 0
456 346 0
456 347 0
456 348 0
456 349 0
455 350 0
455 351 0
455 352 0
455 353 0
455 354 0
454 355 0
454 356 0
454 357 0
454 358 0
453 359 0
453 360 0
453 361 0
452 362 0
452 363 0
452 364 0
452 365 0
451 366 0
451 367 0
451 368 0
450 369 0
450 370 0
449 371 0
449 372 0
449 373 0
449 374 0
448 375 0
448 376 0
448 377 0
447 378 0
447 379 0
446 380 0
446 381 0
445 382 0
445 383 0
445 384 0
444 385 0
443 386 0
443 387 0
443 388 0
442 389 0
442 390 0
441 391 0
441 392 0
440 393 0
439 394 0
439 395 0
438 396 0
437 397 0
437 398 0
436 399 0
435 400 0
435 401 0
434 402 0
433 403 0
432 404 0
431 405 0
431 406 0
430 407 0
429 408 0
428 409 0
427 410 0
426 411 0
425 412 0
424 413 0
423 414 0
422 415 0
421 416 0
420 417 0
419 417 0
418 418 0
417 419 0
416 420 0
415 420 0
414 421 0
413 422 0
412 422 0
411 423 0
410 423 0
409 424 0
408 425 0
407 425 0
406 426 0
405 426 0
404 427 0
405 426 0
406 426 0
407 425 0
408 424 0
409 424 0
410 423 0
411 423 0
412 422 0
413 421 0
414 421 0
415 420 0
416 419 0
417 418 0
418 418 0
419 417 0
420 416 0
421 415 0
422 414 0
423 413 0
424 412 0
425 411 0
426 410 0
427 409 0
428 408 0
429 407 0
430 406 0
431 405 0
431 404 0
432 403 0
433 402 0
434 401 0
435 400 0
435 399 0
436 398 0
437 397 0
437 396 0
438 395 0
439 394 0
439 393 0
440 392 0
441 391 0
441 390 0
442 389 0
442 388 0
443 387 0
443 386 0
444 385 0
444 384 0
445 383 0
445 382 0
446 381 0
446 380 0
447 379 0
447 378 0
448 377 0
448 376 0
448 375 0
449 374 0
449 373 0
449 372 0
449 371 0
450 370 0
450 369 0
451 368 0
451 367 0
451 366 0
452 365 0
452 364 0
452 363 0
452 362 0
453 361 0
453 360 0
453 359 0
454 358 0
454 357 0
454 356 0
454 355 0
455 354 0
455 353 0
455 352 0
455 351 0
455 350 0
456 349 0
456 348 0
456 347 0
456 346 0
457 345 0
457 344 0
457 343 0
457 342 0
457 341 0
458 340 0
458 339 0
458 338 0
458 337 0
458 336 0
459 335 0
459 334 0
459 333 0
459 332 0
459 331 0
460 330 0
460 329 0
460 328 0
460 327 0
460 326 0
460 325 0
461 324 0
461 323 0
461 322 0
461 321 0
461 320 0
461 319 0
461 318 0
461 317 0
462 316 0
462 315 0
462 314 0
462 313 0
462 312 0
463 311 0
463 310 0
463 309 0
463 308 0
463 307 0
463 306 0
464 305 0
464 304 0
464 303 0
464 302 0
464 301 0
465 300 0
465 299 0
465 298 0
465 297 0
465 296 0
466 295 0
466 294 0
466 293 0
466 292 0
467 291 0
467 290 0
467 289 0
467 288 0
468 287 0
468 286 0
468 285 0
468 284 0
469 283 0
469 282 0
469 281 0
469 280 0
469 279 0
470 278 0
470 277 0
470 276 0
470 275 0
470 274 0
471 273 0
471 272 0
471 271 0
471 270 0
471 269 0
472 268 0
472 267 0
472 266 0
473 265 0
473 264 0
473 263 0
473 262 0
473 261 0
473 260 0
474 259 0
474 258 0
474 257 0
474 256 0
474 255 0
475 254 0
475 253 0
475 252 0
475 251 0
475 250 0
476 249 0
476 248 0
476 247 0
476 246 0
476 245 0
476 244 0
476 243 0
477 242 0
478 241 0
478 240 0
478 239 0
479 238 0
479 237 0
479 236 0
480 235 0
480 234 0
480 233 0
481 232 0
481 231 0
482 230 0
482 229 0
483 228 0
483 227 0
484 226 0
484 225 0
485 224 0
485 223 0
485 222 0
486 221 0
487 220 0
487 219 0
487 218 0
488 217 0
488 216 0
489 215 0
489 214 0
490 213 0
490 212 0
491 211 0
492 211 0
493 210 0
494 210 0
495 209 0
496 208 0
497 207 0
498 206 0
499 205 0
499 204 0
499 203 0
499 202 0
499 201 0
499 200 0
499 199 0
499 198 0
500 197 0
500 196 0
500 195 0
500 194 0
500 193 0
500 192 0
500 191 0
500 190 0
501 189 0
501 188 0
501 187 0
502 186 0
503 185 0
502 186 0
502 187 0
501 188 0
501 189 0
501 190 0
501 191 0
500 192 0
500 193 0
500 194 0
500 195 0
500 196 0
500 197 0
499 198 0
499 199 0
499 200 0
499 201 0
499 202 0
499 203 0
499 204 0
499 205 0
499 206 0
498 207 0
497 208 0
496 209 0
495 210 0
494 210 0
493 211 0
492 211 0
491 212 0
492 213 0
493 214 0
494 213 0
495 212 0
496 212 0
497 211 0
498 211 0
499 210 0
500 209 0
500 208 0
501 207 0
501 206 0
502 205 0
502 204 0
502 203 0
502 202 0
502 201 0
502 200 0
503 199 0
503 198 0
503 197 0
503 196 0
503 195 0
503 194 0
503 193 0
503 192 0
503 191 0
504 190 0
504 189 0
505 188 0
505 187 0
506 186 0
506 185 0
507 184 0
507 183 0
508 182 0
509 181 0
509 180 0
510 179 0
510 178 0
511 177 0
512 176 0
512 175 0
513 174 0
514 173 0
514 172 0
515 171 0
516 170 0
516 171 0
515 172 0
514 173 0
514 174 0
513 175 0
512 176 0
512 177 0
511 178 0
510 179 0
510 180 0
509 181 0
509 182 0
508 183 0
507 184 0
507 185 0
506 186 0
506 187 0
505 188 0
504 189 0
504 190 0
503 191 0
503 192 0
503 193 0
503 194 0
503 195 0
503 196 0
503 197 0
503 198 0
503 199 0
502 200 0
502 201 0
502 202 0
502 203 0
502 204 0
502 205 0
501 206 0
501 207 0
500 208 0
500 209 0
500 210 0
499 211 0
498 211 0
497 211 0
496 212 0
495 213 0
494 214 0
493 215 0
492 216 0
492 217 0
491 218 0
491 219 0
490 220 0
490 221 0
489 222 0
489 223 0
488 224 0
488 225 0
487 226 0
487 227 0
487 228 0
486 229 0
486 230 0
486 231 0
485 232 0
485 233 0
484 234 0
483 235 0
483 236 0
483 237 0
482 238 0
482 239 0
482 240 0
481 241 0
481 242 0
480 243 0
480 244 0
479 245 0
479 246 0
479 247 0
479 248 0
479 249 0
479 250 0
479 251 0
478 252 0
478 253 0
478 254 0
479 255 0
479 256 0
479 257 0
479 258 0
479 259 0
478 260 0
478 261 0
478 262 0
478 263 0
478 264 0
477 265 0
476 266 0
476 267 0
475 268 0
476 269 0
476 270 0
475 271 0
475 272 0
475 273 0
474 274 0
474 275 0
473 276 0
473 277 0
473 278 0
472 279 0
472 280 0
472 281 0
472 282 0
472 283 0
472 284 0
472 285 0
471 286 0
471 287 0
471 288 0
470 289 0
470 290 0
470 291 0
470 292 0
469 293 0
469 294 0
469 295 0
468 296 0
468 297 0
468 298 0
468 299 0
468 300 0
468 301 0
467 302 0
467 303 0
467 304 0
467 305 0
467 306 0
466 307 0
466 308 0
466 309 0
466 310 0
466 311 0
466 312 0
465 313 0
465 314 0
465 315 0
465 316 0
465 317 0
465 318 0
464 319 0
464 320 0
464 321 0
464 322 0
464 323 0
464 324 0
464 325 0
464 326 0
463 327 0
463 328 0
463 329 0
463 330 0
463 331 0
462 332 0
462 333 0
462 334 0
461 335 0
461 336 0
461 337 0
461 338 0
461 339 0
461 340 0
460 341 0
460 342 0
460 343 0
460 344 0
460 345 0
459 346 0
459 347 0
459 348 0
459 349 0
459 350 0
458 351 0
458 352 0
458 353 0
458 354 0
458 355 0
457 356 0
457 357 0
457 358 0
457 359 0
456 360 0
456 361 0
456 362 0
455 363 0
455 364 0
455 365 0
455 366 0
454 367 0
454 368 0
454 369 0
453 370 0
453 371 0
453 372 0
452 373 0
452 374 0
452 375 0
451 376 0
451 377 0
451 378 0
451 379 0
450 380 0
450 381 0
449 382 0
449 383 0
448 384 0
447 385 0
447 386 0
447 387 0
446 388 0
446 389 0
445 390 0
445 391 0
444 392 0
444 393 0
443 394 0
443 395 0
442 396 0
441 397 0
441 398 0
440 399 0
439 400 0
439 401 0
438 402 0
437 403 0
437 404 0
436 405 0
435 406 0
434 407 0
433 408 0
432 409 0
432 410 0
431 411 0
430 412 0
429 413 0
428 414 0
427 415 0
426 416 0
425 416 0
424 417 0
423 418 0
422 419 0
421 420 0
420 420 0
419 421 0
418 422 0
417 423 0
416 423 0
415 424 0
414 424 0
413 425 0
412 426 0
411 426 0
410 427 0
409 427 0
408 428 0
407 429 0
406 429 0
405 430 0
404 430 0
403 431 0
402 431 0
401 432 0
400 432 0
399 432 0
398 433 0
397 433 0
396 433 0
395 434 0
394 434 0
393 435 0
392 435 0
391 435 0
390 435 0
389 435 0
388 436 0
387 436 0
386 436 0
385 436 0
384 436 0
383 436 0
382 437 0
381 437 0
380 437 0
379 437 0
378 437 0
377 437 0
376 437 0
375 437 0
374 437 0
373 437 0
372 437 0
371 438 0
370 438 0
369 438 0
368 438 0
367 438 0
366 438 0
365 438 0
364 438 0
363 438 0
362 438 0
361 438 0
360 438 0
359 438 0
358 438 0
357 438 0
356 438 0
355 438 0
354 438 0
353 438 0
352 438 0
351 438 0
350 438 0
349 438 0
348 437 0
347 438 0
346 438 0
345 438 0
344 438 0
343 437 0
342 437 0
341 437 0
340 437 0
339 437 0
338 437 0
337 438 0
336 438 0
335 438 0
334 438 0
333 438 0
332 438 0
331 438 0
330 438 0
329 438 0
