521 148 0
521 147 0
521 146 0
521 145 0
521 144 0
522 143 0
522 142 0
522 141 0
523 140 0
524 139 0
524 138 0
525 137 0
525 136 0
526 135 0
526 134 0
527 133 0
527 132 0
528 132 0
529 131 0
529 130 0
530 129 0
530 128 0
530 127 0
531 126 0
531 125 0
532 124 0
533 123 0
533 122 0
534 121 0
535 120 0
536 119 0
536 118 0
536 117 0
537 116 0
538 115 0
538 114 0
539 113 0
539 112 0
539 111 0
540 110 0
540 109 0
541 108 0
541 107 0
542 106 0
542 105 0
543 104 0
543 103 0
543 102 0
544 101 0
544 100 0
545 99 0
545 98 0
546 97 0
546 96 0
547 95 0
547 96 0
546 97 0
546 98 0
545 99 0
544 100 0
544 101 0
544 102 0
543 103 0
543 104 0
543 105 0
542 106 0
542 107 0
541 108 0
541 109 0
540 110 0
539 111 0
539 112 0
539 113 0
538 114 0
538 115 0
538 116 0
537 117 0
536 118 0
536 119 0
536 120 0
535 121 0
534 122 0
533 123 0
532 124 0
532 125 0
531 126 0
531 127 0
530 128 0
530 129 0
529 130 0
529 131 0
528 132 0
527 133 0
527 134 0
526 135 0
526 136 0
525 137 0
525 138 0
524 139 0
524 140 0
523 141 0
522 142 0
522 143 0
521 144 0
521 145 0
521 146 0
521 147 0
494 197 0
495 198 0
496 198 0
497 197 0
498 196 0
498 195 0
498 194 0
498 193 0
498 192 0
498 191 0
498 190 0
499 189 0
499 188 0
500 187 0
500 186 0
501 185 0
501 184 0
501 183 0
502 182 0
502 181 0
503 180 0
503 179 0
504 178 0
504 177 0
504 176 0
505 175 0
506 174 0
506 173 0
507 172 0
507 171 0
508 170 0
508 169 0
509 168 0
510 167 0
510 166 0
511 165 0
512 164 0
512 163 0
511 162 0
510 162 0
509 163 0
509 164 0
508 165 0
507 166 0
507 167 0
506 168 0
505 169 0
505 170 0
504 171 0
504 172 0
503 173 0
503 174 0
502 175 0
501 176 0
501 177 0
501 178 0
500 179 0
500 180 0
499 181 0
499 182 0
498 183 0
498 184 0
497 185 0
497 186 0
497 187 0
496 188 0
495 189 0
495 190 0
495 191 0
495 192 0
495 193 0
495 194 0
495 195 0
495 196 0
494 200 0
494 199 0
494 198 0
494 197 0
495 196 0
495 195 0
495 194 0
495 193 0
495 192 0
495 191 0
495 190 0
495 189 0
496 188 0
496 187 0
497 186 0
497 185 0
498 184 0
498 183 0
498 182 0
499 181 0
500 180 0
500 179 0
500 178 0
501 177 0
501 176 0
501 175 0
502 174 0
503 173 0
503 172 0
504 171 0
504 170 0
505 169 0
505 168 0
506 167 0
507 166 0
507 165 0
508 164 0
509 163 0
509 162 0
510 162 0
511 162 0
512 161 0
513 161 0
514 160 0
515 159 0
516 158 0
517 157 0
518 156 0
518 155 0
519 154 0
519 153 0
520 152 0
520 151 0
520 150 0
520 151 0
520 152 0
520 153 0
519 154 0
519 155 0
518 156 0
518 157 0
517 158 0
516 159 0
515 160 0
514 160 0
513 161 0
512 161 0
511 162 0
512 163 0
513 163 0
514 163 0
515 162 0
516 162 0
517 161 0
518 160 0
519 159 0
520 158 0
521 157 0
521 156 0
522 155 0
522 154 0
522 153 0
522 152 0
523 151 0
523 150 0
524 149 0
524 148 0
524 147 0
524 146 0
524 145 0
524 144 0
525 143 0
525 142 0
526 141 0
527 140 0
527 139 0
528 138 0
528 137 0
529 136 0
530 135 0
530 134 0
531 133 0
531 132 0
532 131 0
532 130 0
533 129 0
533 128 0
534 127 0
535 126 0
536 125 0
536 124 0
537 123 0
538 122 0
538 121 0
539 120 0
540 119 0
540 118 0
540 117 0
541 116 0
541 115 0
541 114 0
542 113 0
542 112 0
543 111 0
543 110 0
544 109 0
544 108 0
545 107 0
545 106 0
546 105 0
546 104 0
547 103 0
547 102 0
547 101 0
548 100 0
548 99 0
549 98 0
549 97 0
550 96 0
550 95 0
551 94 0
551 93 0
552 92 0
552 91 0
552 90 0
553 89 0
553 88 0
554 87 0
553 88 0
553 89 0
553 90 0
552 91 0
552 92 0
551 93 0
551 94 0
550 95 0
550 96 0
549 97 0
549 98 0
549 99 0
548 100 0
547 101 0
547 102 0
547 103 0
547 104 0
546 105 0
545 106 0
545 107 0
545 108 0
544 109 0
543 110 0
543 111 0
543 112 0
542 113 0
542 114 0
541 115 0
541 116 0
540 117 0
540 118 0
540 119 0
540 120 0
539 121 0
538 122 0
537 123 0
537 124 0
536 125 0
536 126 0
535 127 0
534 128 0
533 129 0
533 130 0
532 131 0
532 132 0
531 133 0
531 134 0
530 135 0
530 136 0
529 137 0
528 138 0
528 139 0
527 140 0
527 141 0
526 142 0
525 143 0
525 144 0
524 145 0
524 146 0
524 147 0
524 148 0
524 149 0
523 150 0
523 151 0
523 152 0
522 153 0
522 154 0
522 155 0
521 156 0
521 157 0
521 158 0
520 159 0
519 160 0
518 161 0
517 162 0
516 162 0
515 162 0
514 163 0
513 164 0
512 165 0
511 166 0
510 167 0
510 168 0
509 169 0
508 170 0
508 171 0
507 172 0
507 173 0
506 174 0
506 175 0
505 176 0
504 177 0
504 178 0
503 179 0
503 180 0
503 181 0
502 182 0
502 183 0
501 184 0
501 185 0
501 186 0
500 187 0
500 188 0
499 189 0
498 190 0
498 191 0
498 192 0
498 193 0
498 194 0
498 195 0
498 196 0
497 197 0
497 198 0
496 198 0
495 198 0
494 199 0
445 391 0
445 390 0
405 429 0
406 430 0
407 429 0
408 428 0
409 428 0
410 427 0
411 427 0
412 426 0
413 426 0
414 425 0
415 424 0
416 424 0
417 423 0
418 422 0
419 421 0
420 421 0
421 420 0
422 419 0
423 418 0
422 417 0
421 417 0
420 417 0
419 418 0
418 419 0
417 420 0
416 421 0
415 421 0
414 422 0
413 423 0
412 423 0
411 424 0
410 424 0
409 425 0
408 426 0
407 426 0
406 427 0
405 427 0
404 428 0
400 431 0
401 432 0
402 432 0
403 432 0
404 431 0
405 430 0
405 429 0
404 428 0
403 429 0
402 429 0
401 430 0
389 434 0
390 434 0
391 434 0
392 433 0
393 433 0
394 433 0
395 433 0
396 433 0
397 433 0
398 433 0
399 432 0
400 431 0
400 430 0
401 430 0
402 429 0
403 429 0
404 428 0
405 427 0
406 426 0
407 426 0
408 426 0
409 425 0
410 424 0
411 423 0
412 423 0
413 422 0
414 421 0
415 421 0
416 420 0
417 419 0
418 418 0
419 417 0
420 417 0
421 416 0
422 415 0
422 414 0
423 413 0
424 412 0
425 411 0
426 410 0
427 409 0
428 408 0
429 407 0
430 406 0
430 405 0
431 404 0
431 403 0
432 402 0
433 401 0
433 400 0
434 399 0
435 398 0
435 397 0
436 396 0
436 395 0
437 394 0
437 393 0
438 392 0
438 391 0
439 390 0
439 389 0
439 388 0
440 387 0
440 386 0
441 385 0
441 384 0
442 383 0
442 382 0
443 381 0
443 380 0
444 379 0
444 378 0
445 377 0
445 376 0
446 375 0
446 374 0
447 373 0
447 372 0
447 371 0
448 370 0
448 369 0
449 368 0
449 367 0
450 366 0
450 365 0
450 364 0
451 363 0
451 362 0
452 361 0
452 360 0
452 359 0
453 358 0
454 357 0
454 356 0
454 355 0
454 354 0
455 353 0
455 352 0
455 351 0
455 350 0
456 349 0
456 348 0
457 347 0
457 346 0
457 345 0
457 344 0
458 343 0
458 342 0
458 341 0
459 340 0
459 339 0
459 338 0
459 337 0
459 336 0
459 335 0
460 334 0
460 333 0
460 332 0
460 331 0
460 330 0
460 329 0
460 328 0
460 327 0
461 326 0
461 325 0
461 324 0
461 323 0
461 322 0
462 321 0
462 320 0
462 319 0
462 318 0
462 317 0
462 316 0
462 315 0
462 314 0
463 313 0
463 312 0
463 311 0
463 310 0
463 309 0
463 308 0
464 307 0
464 306 0
464 305 0
464 304 0
464 303 0
464 302 0
465 301 0
465 300 0
465 299 0
465 298 0
465 297 0
465 296 0
465 295 0
466 294 0
466 293 0
466 292 0
466 291 0
466 290 0
467 289 0
467 288 0
467 287 0
467 286 0
467 285 0
468 284 0
468 283 0
468 282 0
468 281 0
468 280 0
468 279 0
469 278 0
469 277 0
469 276 0
469 275 0
469 274 0
470 273 0
470 272 0
470 271 0
470 270 0
470 269 0
470 268 0
471 267 0
471 266 0
471 265 0
471 264 0
471 263 0
472 262 0
472 261 0
472 260 0
472 259 0
472 258 0
472 257 0
473 256 0
473 255 0
473 254 0
473 253 0
473 252 0
473 251 0
473 250 0
474 249 0
474 248 0
474 247 0
474 246 0
474 245 0
474 244 0
475 243 0
475 242 0
475 241 0
475 240 0
476 239 0
476 238 0
476 237 0
477 236 0
477 235 0
477 234 0
478 233 0
478 232 0
478 231 0
479 230 0
479 229 0
479 228 0
479 227 0
480 226 0
481 225 0
481 224 0
482 223 0
482 222 0
482 221 0
483 220 0
483 219 0
484 218 0
484 217 0
484 216 0
485 215 0
485 214 0
486 213 0
486 212 0
487 211 0
487 210 0
487 209 0
487 208 0
488 207 0
488 206 0
489 205 0
490 205 0
491 205 0
492 204 0
491 205 0
490 205 0
489 206 0
488 207 0
488 208 0
487 209 0
487 210 0
487 211 0
486 212 0
486 213 0
486 214 0
485 215 0
485 216 0
484 217 0
484 218 0
484 219 0
483 220 0
483 221 0
482 222 0
482 223 0
481 224 0
481 225 0
481 226 0
480 227 0
479 228 0
479 229 0
479 230 0
478 231 0
478 232 0
478 233 0
477 234 0
477 235 0
477 236 0
477 237 0
476 238 0
476 239 0
475 240 0
475 241 0
475 242 0
475 243 0
474 244 0
474 245 0
474 246 0
474 247 0
474 248 0
474 249 0
473 250 0
473 251 0
473 252 0
473 253 0
473 254 0
473 255 0
473 256 0
472 257 0
472 258 0
472 259 0
472 260 0
472 261 0
472 262 0
471 263 0
471 264 0
471 265 0
471 266 0
471 267 0
470 268 0
470 269 0
470 270 0
470 271 0
470 272 0
470 273 0
469 274 0
469 275 0
469 276 0
469 277 0
469 278 0
468 279 0
468 280 0
468 281 0
468 282 0
468 283 0
468 284 0
467 285 0
467 286 0
467 287 0
467 288 0
467 289 0
466 290 0
466 291 0
466 292 0
466 293 0
466 294 0
465 295 0
465 296 0
465 297 0
465 298 0
465 299 0
465 300 0
465 301 0
464 302 0
464 303 0
464 304 0
464 305 0
464 306 0
464 307 0
463 308 0
463 309 0
464 310 0
464 311 0
463 312 0
463 313 0
462 314 0
462 315 0
462 316 0
462 317 0
462 318 0
462 319 0
462 320 0
462 321 0
461 322 0
461 323 0
461 324 0
461 325 0
461 326 0
460 327 0
460 328 0
460 329 0
460 330 0
460 331 0
460 332 0
460 333 0
460 334 0
459 335 0
459 336 0
459 337 0
459 338 0
459 339 0
459 340 0
458 341 0
458 342 0
458 343 0
457 344 0
457 345 0
457 346 0
457 347 0
457 348 0
456 349 0
456 350 0
455 351 0
455 352 0
455 353 0
454 354 0
454 355 0
454 356 0
454 357 0
453 358 0
453 359 0
452 360 0
452 361 0
452 362 0
451 363 0
451 364 0
450 365 0
450 366 0
449 367 0
449 368 0
448 369 0
448 370 0
448 371 0
447 372 0
447 373 0
447 374 0
446 375 0
446 376 0
445 377 0
445 378 0
444 379 0
444 380 0
443 381 0
443 382 0
442 383 0
442 384 0
441 385 0
440 386 0
440 387 0
440 388 0
439 389 0
439 390 0
439 391 0
438 392 0
437 393 0
437 394 0
437 395 0
436 396 0
436 397 0
435 398 0
435 399 0
434 400 0
433 401 0
433 402 0
432 403 0
431 404 0
431 405 0
430 406 0
430 407 0
429 408 0
428 409 0
427 410 0
426 411 0
425 412 0
424 413 0
423 414 0
422 415 0
422 416 0
422 417 0
423 418 0
424 417 0
425 416 0
426 415 0
427 414 0
427 413 0
428 412 0
429 411 0
430 410 0
431 409 0
432 408 0
433 407 0
434 406 0
434 405 0
435 404 0
436 403 0
437 402 0
437 401 0
438 400 0
439 399 0
439 398 0
440 397 0
440 396 0
440 395 0
441 394 0
441 393 0
441 392 0
442 391 0
442 390 0
442 389 0
443 388 0
443 387 0
444 386 0
445 385 0
446 384 0
446 383 0
446 382 0
447 381 0
447 380 0
447 379 0
448 378 0
448 377 0
449 376 0
449 375 0
450 374 0
450 373 0
450 372 0
451 371 0
451 370 0
451 369 0
452 368 0
452 367 0
453 366 0
453 365 0
454 364 0
454 363 0
455 362 0
455 361 0
455 360 0
456 359 0
456 358 0
457 357 0
457 356 0
457 355 0
458 354 0
458 353 0
458 352 0
458 351 0
459 350 0
459 349 0
460 348 0
460 347 0
460 346 0
460 345 0
461 344 0
461 343 0
461 342 0
461 341 0
462 340 0
462 339 0
462 338 0
462 337 0
462 336 0
462 335 0
463 334 0
463 333 0
463 332 0
463 331 0
463 330 0
463 329 0
464 328 0
464 327 0
464 326 0
464 325 0
464 324 0
465 323 0
465 322 0
465 321 0
465 320 0
465 319 0
465 318 0
466 317 0
466 316 0
466 315 0
466 314 0
466 313 0
466 312 0
466 311 0
466 310 0
467 309 0
466 308 0
467 307 0
467 306 0
467 305 0
467 304 0
467 303 0
468 302 0
468 301 0
468 300 0
468 299 0
468 298 0
468 297 0
469 296 0
469 295 0
469 294 0
469 293 0
469 292 0
470 291 0
470 290 0
470 289 0
470 288 0
471 287 0
471 286 0
471 285 0
471 284 0
471 283 0
471 282 0
471 281 0
472 280 0
472 279 0
472 278 0
472 277 0
472 276 0
473 275 0
473 274 0
473 273 0
473 272 0
473 271 0
473 270 0
473 269 0
474 268 0
474 267 0
475 266 0
475 265 0
475 264 0
476 263 0
476 262 0
476 261 0
477 260 0
477 259 0
476 258 0
476 257 0
477 256 0
477 255 0
477 254 0
477 253 0
477 252 0
477 251 0
477 250 0
477 249 0
477 248 0
477 247 0
477 246 0
478 245 0
478 244 0
478 243 0
478 242 0
478 241 0
479 240 0
479 239 0
479 238 0
480 237 0
480 236 0
480 235 0
481 234 0
481 233 0
481 232 0
482 231 0
482 230 0
482 229 0
483 228 0
483 227 0
484 226 0
484 225 0
484 224 0
485 223 0
485 222 0
486 221 0
486 220 0
487 219 0
487 218 0
487 217 0
488 216 0
488 215 0
489 214 0
489 213 0
490 212 0
490 211 0
490 210 0
491 209 0
491 208 0
492 207 0
493 206 0
493 207 0
492 208 0
491 209 0
490 210 0
490 211 0
490 212 0
489 213 0
489 214 0
488 215 0
488 216 0
488 217 0
487 218 0
487 219 0
486 220 0
486 221 0
485 222 0
485 223 0
485 224 0
484 225 0
484 226 0
483 227 0
483 228 0
482 229 0
482 230 0
482 231 0
481 232 0
481 233 0
481 234 0
480 235 0
480 236 0
480 237 0
479 238 0
479 239 0
479 240 0
478 241 0
478 242 0
478 243 0
478 244 0
478 245 0
477 246 0
477 247 0
477 248 0
477 249 0
477 250 0
477 251 0
477 252 0
477 253 0
477 254 0
477 255 0
477 256 0
476 257 0
476 258 0
477 259 0
477 260 0
476 261 0
476 262 0
476 263 0
475 264 0
475 265 0
475 266 0
474 267 0
474 268 0
473 269 0
473 270 0
473 271 0
473 272 0
473 273 0
473 274 0
473 275 0
472 276 0
472 277 0
472 278 0
472 279 0
472 280 0
471 281 0
471 282 0
471 283 0
471 284 0
471 285 0
471 286 0
471 287 0
470 288 0
470 289 0
470 290 0
470 291 0
469 292 0
469 293 0
469 294 0
469 295 0
469 296 0
468 297 0
468 298 0
468 299 0
468 300 0
468 301 0
468 302 0
467 303 0
467 304 0
467 305 0
467 306 0
467 307 0
466 308 0
467 309 0
466 310 0
466 311 0
466 312 0
466 313 0
466 314 0
466 315 0
466 316 0
466 317 0
465 318 0
465 319 0
465 320 0
465 321 0
465 322 0
465 323 0
464 324 0
464 325 0
464 326 0
464 327 0
464 328 0
463 329 0
463 330 0
463 331 0
463 332 0
463 333 0
463 334 0
462 335 0
462 336 0
462 337 0
462 338 0
462 339 0
462 340 0
461 341 0
461 342 0
461 343 0
461 344 0
460 345 0
460 346 0
460 347 0
460 348 0
459 349 0
459 350 0
458 351 0
458 352 0
458 353 0
458 354 0
457 355 0
457 356 0
457 357 0
457 358 0
456 359 0
456 360 0
455 361 0
455 362 0
455 363 0
454 364 0
453 365 0
453 366 0
453 367 0
452 368 0
452 369 0
451 370 0
451 371 0
450 372 0
450 373 0
450 374 0
449 375 0
449 376 0
448 377 0
448 378 0
448 379 0
447 380 0
447 381 0
446 382 0
446 383 0
446 384 0
445 385 0
445 386 0
444 387 0
443 388 0
443 389 0
442 390 0
442 391 0
441 392 0
441 393 0
441 394 0
441 395 0
440 396 0
440 397 0
440 398 0
439 399 0
439 400 0
438 401 0
437 402 0
437 403 0
436 404 0
435 405 0
434 406 0
434 407 0
433 408 0
432 409 0
431 410 0
430 411 0
429 412 0
428 413 0
427 414 0
427 415 0
426 416 0
425 417 0
424 418 0
423 419 0
422 420 0
421 421 0
420 421 0
419 422 0
418 423 0
417 424 0
416 424 0
415 425 0
414 426 0
413 426 0
412 427 0
411 427 0
410 428 0
409 428 0
408 429 0
407 430 0
406 430 0
405 430 0
404 431 0
404 432 0
403 432 0
402 432 0
401 432 0
400 432 0
399 432 0
398 433 0
397 433 0
396 433 0
395 433 0
394 433 0
393 433 0
392 433 0
391 434 0
390 434 0
