493 209 0
493 208 0
494 207 0
495 206 0
496 205 0
496 204 0
496 203 0
496 202 0
496 201 0
496 200 0
496 199 0
496 198 0
496 197 0
496 196 0
496 195 0
496 194 0
496 193 0
496 192 0
496 191 0
497 190 0
497 189 0
497 188 0
497 187 0
498 186 0
499 185 0
500 184 0
500 183 0
501 182 0
502 181 0
502 180 0
503 179 0
504 178 0
504 177 0
505 176 0
506 175 0
506 174 0
507 173 0
507 172 0
508 171 0
509 171 0
510 170 0
511 170 0
512 169 0
513 168 0
514 167 0
515 166 0
515 165 0
516 164 0
516 163 0
516 162 0
517 161 0
517 160 0
517 159 0
518 158 0
518 157 0
518 156 0
518 155 0
519 154 0
519 153 0
520 152 0
521 151 0
521 152 0
520 153 0
519 154 0
518 155 0
518 156 0
518 157 0
518 158 0
517 159 0
518 160 0
517 161 0
517 162 0
516 163 0
516 164 0
515 165 0
515 166 0
515 167 0
514 168 0
513 169 0
512 170 0
511 170 0
510 170 0
509 171 0
508 172 0
507 173 0
507 174 0
506 175 0
505 176 0
505 177 0
504 178 0
504 179 0
503 180 0
502 181 0
502 182 0
501 183 0
500 184 0
500 185 0
499 186 0
498 187 0
497 188 0
497 189 0
497 190 0
496 191 0
496 192 0
496 193 0
496 194 0
496 195 0
496 196 0
497 197 0
496 198 0
496 199 0
496 200 0
496 201 0
496 202 0
496 203 0
496 204 0
496 205 0
495 206 0
495 207 0
494 208 0
492 212 0
493 211 0
494 211 0
495 211 0
496 210 0
497 209 0
497 208 0
498 207 0
499 206 0
499 205 0
499 204 0
499 203 0
499 202 0
500 201 0
500 200 0
500 199 0
499 198 0
499 197 0
499 196 0
499 195 0
499 194 0
499 193 0
500 192 0
500 191 0
499 190 0
500 189 0
500 188 0
501 187 0
502 186 0
503 185 0
503 184 0
504 183 0
505 182 0
505 181 0
506 180 0
507 179 0
507 178 0
508 177 0
509 176 0
509 175 0
510 174 0
510 173 0
511 173 0
512 172 0
513 172 0
514 171 0
515 170 0
516 169 0
517 168 0
517 167 0
518 166 0
518 165 0
518 164 0
519 163 0
520 162 0
520 161 0
520 160 0
520 159 0
521 158 0
521 157 0
521 156 0
522 155 0
522 154 0
523 153 0
524 152 0
524 151 0
525 150 0
525 149 0
526 148 0
527 147 0
527 146 0
528 145 0
529 144 0
530 143 0
530 142 0
530 141 0
531 140 0
532 139 0
533 138 0
533 137 0
534 136 0
535 135 0
535 134 0
536 133 0
536 132 0
537 131 0
538 130 0
538 129 0
539 128 0
540 127 0
540 126 0
541 125 0
541 124 0
542 123 0
543 122 0
543 121 0
543 120 0
544 119 0
544 118 0
545 117 0
546 116 0
546 115 0
546 114 0
547 113 0
547 112 0
547 111 0
548 110 0
549 109 0
548 110 0
548 111 0
547 112 0
547 113 0
546 114 0
546 115 0
546 116 0
546 117 0
545 118 0
544 119 0
544 120 0
543 121 0
543 122 0
542 123 0
542 124 0
541 125 0
541 126 0
540 127 0
540 128 0
539 129 0
538 130 0
538 131 0
537 132 0
536 133 0
536 134 0
535 135 0
535 136 0
534 137 0
533 138 0
533 139 0
532 140 0
531 141 0
530 142 0
530 143 0
529 144 0
529 145 0
528 146 0
527 147 0
527 148 0
526 149 0
525 150 0
525 151 0
524 152 0
524 153 0
523 154 0
522 155 0
522 156 0
521 157 0
521 158 0
520 159 0
520 160 0
520 161 0
520 162 0
520 163 0
519 164 0
518 165 0
518 166 0
517 167 0
517 168 0
516 169 0
516 170 0
515 171 0
514 171 0
513 172 0
512 173 0
511 173 0
510 174 0
510 175 0
509 176 0
509 177 0
508 178 0
507 179 0
507 180 0
506 181 0
505 182 0
505 183 0
504 184 0
503 185 0
503 186 0
502 187 0
501 188 0
500 189 0
500 190 0
500 191 0
500 192 0
499 193 0
499 194 0
499 195 0
499 196 0
499 197 0
499 198 0
500 199 0
500 200 0
500 201 0
499 202 0
499 203 0
499 204 0
499 205 0
499 206 0
499 207 0
498 208 0
497 209 0
497 210 0
496 211 0
495 211 0
494 211 0
493 211 0
439 375 0
439 374 0
440 373 0
440 372 0
440 371 0
441 370 0
441 369 0
442 368 0
442 367 0
443 366 0
443 365 0
443 364 0
444 363 0
444 362 0
444 361 0
445 360 0
445 359 0
446 358 0
446 357 0
447 356 0
447 355 0
447 354 0
448 353 0
448 352 0
448 351 0
449 350 0
449 349 0
449 348 0
449 347 0
449 346 0
450 345 0
450 344 0
450 343 0
451 342 0
451 341 0
451 340 0
452 339 0
452 338 0
452 337 0
453 336 0
453 335 0
454 334 0
454 333 0
454 332 0
455 331 0
455 330 0
455 329 0
456 328 0
456 327 0
456 326 0
456 325 0
456 324 0
456 323 0
456 322 0
457 321 0
457 320 0
457 319 0
457 318 0
458 317 0
458 316 0
458 315 0
458 314 0
459 313 0
459 312 0
459 311 0
459 310 0
459 309 0
460 308 0
460 307 0
460 306 0
460 305 0
460 304 0
461 303 0
461 302 0
461 301 0
461 300 0
461 299 0
461 298 0
462 297 0
462 296 0
462 295 0
462 294 0
463 293 0
463 292 0
463 291 0
463 290 0
463 289 0
464 288 0
464 287 0
464 286 0
464 285 0
465 284 0
465 283 0
465 282 0
465 281 0
466 280 0
466 279 0
466 278 0
466 277 0
466 276 0
466 275 0
467 274 0
467 273 0
467 272 0
467 271 0
467 270 0
467 269 0
468 268 0
469 267 0
469 266 0
469 265 0
469 264 0
469 263 0
469 262 0
469 261 0
470 260 0
470 259 0
470 258 0
470 257 0
470 256 0
470 255 0
471 254 0
472 253 0
472 252 0
472 251 0
472 250 0
472 249 0
472 248 0
472 247 0
473 246 0
473 245 0
473 244 0
473 243 0
474 242 0
474 241 0
474 240 0
474 239 0
475 238 0
475 237 0
475 236 0
475 235 0
475 234 0
475 233 0
475 232 0
476 231 0
477 230 0
477 229 0
477 228 0
478 227 0
478 226 0
479 225 0
479 224 0
479 223 0
480 222 0
480 221 0
480 220 0
481 219 0
481 218 0
482 217 0
482 216 0
483 215 0
483 214 0
483 213 0
484 212 0
484 211 0
485 210 0
486 210 0
487 210 0
487 211 0
487 212 0
487 213 0
487 214 0
486 215 0
486 216 0
485 217 0
485 218 0
485 219 0
484 220 0
483 221 0
483 222 0
483 223 0
482 224 0
482 225 0
482 226 0
482 227 0
482 228 0
481 229 0
480 230 0
480 231 0
479 232 0
479 233 0
479 234 0
479 235 0
478 236 0
478 237 0
478 238 0
478 239 0
478 240 0
477 241 0
477 242 0
477 243 0
476 244 0
476 245 0
476 246 0
476 247 0
476 248 0
476 249 0
476 250 0
476 251 0
476 252 0
476 253 0
476 254 0
476 255 0
476 256 0
476 257 0
475 258 0
475 259 0
475 260 0
475 261 0
475 262 0
475 261 0
475 260 0
475 259 0
475 258 0
476 257 0
476 256 0
476 255 0
476 254 0
476 253 0
476 252 0
476 251 0
476 250 0
476 249 0
476 248 0
476 247 0
476 246 0
476 245 0
476 244 0
477 243 0
477 242 0
477 241 0
478 240 0
478 239 0
478 238 0
478 237 0
478 236 0
479 235 0
479 234 0
479 233 0
479 232 0
480 231 0
480 230 0
481 229 0
481 228 0
482 227 0
482 226 0
482 225 0
482 224 0
483 223 0
483 222 0
483 221 0
484 220 0
484 219 0
485 218 0
485 217 0
485 216 0
486 215 0
486 214 0
487 213 0
487 212 0
487 211 0
486 210 0
485 211 0
484 212 0
483 213 0
483 214 0
483 215 0
482 216 0
482 217 0
481 218 0
481 219 0
481 220 0
480 221 0
480 222 0
479 223 0
479 224 0
479 225 0
478 226 0
478 227 0
478 228 0
477 229 0
477 230 0
477 231 0
476 232 0
475 233 0
475 234 0
475 235 0
475 236 0
475 237 0
475 238 0
474 239 0
474 240 0
474 241 0
474 242 0
473 243 0
473 244 0
473 245 0
473 246 0
472 247 0
472 248 0
472 249 0
472 250 0
472 251 0
472 252 0
472 253 0
471 254 0
471 255 0
471 256 0
470 257 0
470 258 0
470 259 0
470 260 0
470 261 0
469 262 0
469 263 0
469 264 0
469 265 0
469 266 0
469 267 0
468 268 0
467 269 0
467 270 0
467 271 0
467 272 0
467 273 0
467 274 0
466 275 0
466 276 0
466 277 0
466 278 0
466 279 0
466 280 0
466 281 0
465 282 0
465 283 0
465 284 0
464 285 0
464 286 0
464 287 0
464 288 0
463 289 0
463 290 0
463 291 0
463 292 0
463 293 0
462 294 0
462 295 0
462 296 0
462 297 0
461 298 0
461 299 0
461 300 0
461 301 0
461 302 0
461 303 0
460 304 0
460 305 0
460 306 0
460 307 0
460 308 0
459 309 0
459 310 0
459 311 0
459 312 0
459 313 0
458 314 0
458 315 0
458 316 0
458 317 0
457 318 0
457 319 0
457 320 0
457 321 0
456 322 0
456 323 0
456 324 0
456 325 0
456 326 0
456 327 0
456 328 0
455 329 0
455 330 0
455 331 0
454 332 0
454 333 0
454 334 0
453 335 0
453 336 0
452 337 0
452 338 0
452 339 0
451 340 0
451 341 0
451 342 0
450 343 0
450 344 0
450 345 0
449 346 0
449 347 0
449 348 0
449 349 0
449 350 0
448 351 0
448 352 0
448 353 0
447 354 0
447 355 0
447 356 0
446 357 0
446 358 0
445 359 0
445 360 0
445 361 0
444 362 0
444 363 0
443 364 0
443 365 0
443 366 0
442 367 0
442 368 0
441 369 0
441 370 0
441 371 0
440 372 0
440 373 0
439 374 0
440 378 0
440 377 0
441 376 0
441 375 0
442 374 0
442 373 0
443 372 0
443 371 0
444 370 0
444 369 0
444 368 0
445 367 0
445 366 0
445 365 0
446 364 0
446 363 0
447 362 0
447 361 0
448 360 0
448 359 0
449 358 0
449 357 0
449 356 0
450 355 0
450 354 0
450 353 0
451 352 0
451 351 0
451 350 0
451 349 0
452 348 0
452 347 0
452 346 0
453 345 0
453 344 0
453 343 0
454 342 0
454 341 0
454 340 0
455 339 0
455 338 0
455 337 0
456 336 0
456 335 0
457 334 0
457 333 0
457 332 0
458 331 0
458 330 0
458 329 0
459 328 0
459 327 0
459 326 0
459 325 0
459 324 0
460 323 0
460 322 0
460 321 0
460 320 0
460 319 0
460 318 0
461 317 0
461 316 0
461 315 0
462 314 0
462 313 0
462 312 0
462 311 0
462 310 0
462 309 0
463 308 0
463 307 0
463 306 0
463 305 0
463 304 0
463 303 0
464 302 0
464 301 0
464 300 0
464 299 0
464 298 0
465 297 0
465 296 0
465 295 0
465 294 0
466 293 0
466 292 0
466 291 0
466 290 0
467 289 0
467 288 0
467 287 0
467 286 0
468 285 0
468 284 0
468 283 0
468 282 0
469 281 0
469 280 0
469 279 0
469 278 0
470 277 0
470 276 0
470 275 0
471 274 0
471 273 0
471 272 0
472 271 0
472 270 0
472 269 0
472 268 0
472 267 0
472 266 0
472 265 0
472 264 0
472 263 0
472 262 0
472 261 0
472 260 0
473 259 0
473 258 0
473 257 0
473 258 0
473 259 0
472 260 0
472 261 0
472 262 0
472 263 0
472 264 0
472 265 0
472 266 0
472 267 0
472 268 0
472 269 0
472 270 0
472 271 0
471 272 0
471 273 0
471 274 0
470 275 0
470 276 0
470 277 0
469 278 0
469 279 0
469 280 0
469 281 0
468 282 0
468 283 0
468 284 0
468 285 0
467 286 0
467 287 0
467 288 0
467 289 0
466 290 0
466 291 0
466 292 0
466 293 0
465 294 0
465 295 0
465 296 0
465 297 0
464 298 0
464 299 0
464 300 0
464 301 0
464 302 0
463 303 0
463 304 0
463 305 0
463 306 0
463 307 0
463 308 0
462 309 0
462 310 0
462 311 0
462 312 0
462 313 0
462 314 0
461 315 0
461 316 0
461 317 0
461 318 0
460 319 0
460 320 0
460 321 0
460 322 0
460 323 0
459 324 0
459 325 0
459 326 0
459 327 0
459 328 0
458 329 0
458 330 0
458 331 0
457 332 0
457 333 0
457 334 0
456 335 0
456 336 0
455 337 0
455 338 0
455 339 0
454 340 0
454 341 0
454 342 0
454 343 0
453 344 0
453 345 0
452 346 0
452 347 0
452 348 0
451 349 0
451 350 0
451 351 0
451 352 0
450 353 0
450 354 0
450 355 0
449 356 0
449 357 0
449 358 0
448 359 0
448 360 0
447 361 0
447 362 0
447 363 0
446 364 0
446 365 0
445 366 0
445 367 0
445 368 0
444 369 0
444 370 0
443 371 0
443 372 0
443 373 0
442 374 0
442 375 0
441 376 0
441 377 0
377 435 0
378 435 0
379 435 0
380 435 0
381 434 0
382 434 0
383 434 0
384 434 0
385 434 0
386 434 0
387 434 0
388 434 0
389 434 0
390 434 0
391 434 0
392 434 0
393 433 0
394 433 0
395 432 0
396 431 0
395 430 0
394 430 0
393 430 0
392 431 0
391 431 0
390 432 0
391 431 0
392 431 0
393 430 0
394 430 0
395 430 0
396 429 0
396 430 0
397 431 0
398 431 0
399 430 0
400 430 0
401 429 0
402 429 0
403 429 0
404 428 0
405 427 0
406 427 0
407 426 0
408 425 0
407 424 0
406 424 0
405 424 0
404 425 0
403 425 0
402 426 0
401 427 0
400 427 0
399 428 0
398 428 0
399 428 0
400 427 0
401 427 0
402 426 0
403 425 0
404 425 0
405 424 0
406 424 0
407 423 0
408 422 0
409 422 0
410 421 0
411 420 0
412 419 0
413 418 0
414 418 0
415 417 0
416 416 0
417 415 0
418 414 0
418 413 0
419 412 0
420 411 0
419 412 0
419 413 0
418 414 0
417 415 0
417 416 0
416 417 0
415 417 0
414 418 0
413 419 0
412 420 0
411 420 0
410 421 0
409 422 0
408 423 0
407 424 0
408 425 0
409 425 0
410 424 0
411 423 0
412 423 0
413 422 0
414 421 0
415 420 0
416 420 0
417 419 0
418 418 0
419 417 0
420 416 0
421 415 0
421 414 0
422 413 0
423 412 0
423 411 0
424 410 0
425 409 0
425 408 0
426 407 0
427 406 0
427 405 0
428 404 0
428 403 0
428 402 0
429 401 0
428 402 0
428 403 0
428 404 0
427 405 0
427 406 0
426 407 0
426 408 0
425 409 0
425 410 0
424 411 0
423 412 0
423 413 0
422 414 0
421 415 0
420 416 0
420 417 0
419 418 0
418 419 0
417 420 0
416 420 0
415 421 0
414 422 0
413 423 0
412 423 0
411 424 0
410 425 0
409 425 0
408 426 0
407 427 0
406 427 0
405 427 0
404 428 0
403 429 0
402 429 0
401 430 0
400 430 0
399 430 0
398 431 0
397 431 0
396 432 0
395 432 0
394 433 0
393 433 0
392 434 0
391 434 0
390 434 0
389 434 0
388 434 0
387 434 0
386 434 0
385 434 0
384 434 0
383 434 0
382 434 0
381 434 0
380 435 0
379 435 0
378 435 0
