402 430 0
403 431 0
404 431 0
405 430 0
405 429 0
404 428 0
403 429 0
399 432 0
400 432 0
401 432 0
402 431 0
402 430 0
402 429 0
403 429 0
404 428 0
405 428 0
405 429 0
406 430 0
407 429 0
408 429 0
409 428 0
410 428 0
411 427 0
412 426 0
413 425 0
414 425 0
415 424 0
416 424 0
417 423 0
418 422 0
419 421 0
420 420 0
421 420 0
422 419 0
423 418 0
424 417 0
425 416 0
426 415 0
427 414 0
428 413 0
429 412 0
430 412 0
431 411 0
432 410 0
432 409 0
433 408 0
434 407 0
435 406 0
436 405 0
437 404 0
438 403 0
439 402 0
440 401 0
440 400 0
441 399 0
442 398 0
443 397 0
444 396 0
444 395 0
445 394 0
445 393 0
446 392 0
446 391 0
447 390 0
447 389 0
448 388 0
448 387 0
449 386 0
449 385 0
450 384 0
450 383 0
451 382 0
451 381 0
451 380 0
452 379 0
452 378 0
453 377 0
453 376 0
453 375 0
454 374 0
454 373 0
454 372 0
454 371 0
455 370 0
455 369 0
456 368 0
456 367 0
456 366 0
456 365 0
457 364 0
457 363 0
457 362 0
458 361 0
458 360 0
458 359 0
458 358 0
458 357 0
459 356 0
459 355 0
459 354 0
459 353 0
459 352 0
459 351 0
459 350 0
459 349 0
459 348 0
460 347 0
460 346 0
460 345 0
460 344 0
461 343 0
461 342 0
461 341 0
461 340 0
462 339 0
462 338 0
462 337 0
462 336 0
462 335 0
462 334 0
462 333 0
463 332 0
463 331 0
463 330 0
463 329 0
463 328 0
463 327 0
463 326 0
464 325 0
464 324 0
464 323 0
464 322 0
464 321 0
464 320 0
464 319 0
464 318 0
465 317 0
465 316 0
465 315 0
465 314 0
465 313 0
465 312 0
465 311 0
465 310 0
465 309 0
466 308 0
466 307 0
466 306 0
466 305 0
466 304 0
466 303 0
467 302 0
467 301 0
467 300 0
467 299 0
467 298 0
467 297 0
468 296 0
468 295 0
468 294 0
468 293 0
468 292 0
469 291 0
469 290 0
469 289 0
469 288 0
469 287 0
469 286 0
470 285 0
470 284 0
470 283 0
470 282 0
471 281 0
472 280 0
472 279 0
472 278 0
473 277 0
473 276 0
473 275 0
473 274 0
472 273 0
472 272 0
473 271 0
473 270 0
473 269 0
473 268 0
473 267 0
474 266 0
474 265 0
474 264 0
475 263 0
475 262 0
475 261 0
476 260 0
476 259 0
476 258 0
476 257 0
476 256 0
476 255 0
477 254 0
477 253 0
477 252 0
477 251 0
477 250 0
477 249 0
476 248 0
476 247 0
476 246 0
476 245 0
476 244 0
477 243 0
477 242 0
477 241 0
477 240 0
477 239 0
477 238 0
478 237 0
478 236 0
478 235 0
478 234 0
479 233 0
479 232 0
479 231 0
479 230 0
479 229 0
480 228 0
480 227 0
480 226 0
481 225 0
481 224 0
481 223 0
481 222 0
482 221 0
482 220 0
482 219 0
483 218 0
483 217 0
483 216 0
484 215 0
484 214 0
485 213 0
485 212 0
485 211 0
486 210 0
486 209 0
487 208 0
486 207 0
485 206 0
484 207 0
483 208 0
482 209 0
482 210 0
482 211 0
481 212 0
481 213 0
481 214 0
480 215 0
480 216 0
480 217 0
479 218 0
479 219 0
478 220 0
478 221 0
478 222 0
478 223 0
477 224 0
477 225 0
477 226 0
477 227 0
477 228 0
476 229 0
476 230 0
476 231 0
475 232 0
475 233 0
475 234 0
475 235 0
475 236 0
474 237 0
474 238 0
474 239 0
474 240 0
474 241 0
474 242 0
473 243 0
473 244 0
473 245 0
473 246 0
473 247 0
473 248 0
473 249 0
472 250 0
472 251 0
472 252 0
472 253 0
472 254 0
472 255 0
471 256 0
471 257 0
471 258 0
471 259 0
471 260 0
471 261 0
471 262 0
470 263 0
470 264 0
470 265 0
470 266 0
469 267 0
469 268 0
469 269 0
469 270 0
469 271 0
469 272 0
469 273 0
470 274 0
470 275 0
470 276 0
469 277 0
469 278 0
469 279 0
468 280 0
467 281 0
467 282 0
467 283 0
466 284 0
466 285 0
466 286 0
466 287 0
466 288 0
466 289 0
466 290 0
465 291 0
465 292 0
465 293 0
465 294 0
465 295 0
464 296 0
464 297 0
464 298 0
464 299 0
464 300 0
464 301 0
463 302 0
463 303 0
463 304 0
463 305 0
463 306 0
463 307 0
463 308 0
462 309 0
462 310 0
462 311 0
462 312 0
462 313 0
462 314 0
462 315 0
462 316 0
462 317 0
461 318 0
461 319 0
461 320 0
461 321 0
461 322 0
461 323 0
460 324 0
460 325 0
460 326 0
460 327 0
460 328 0
460 329 0
460 330 0
460 331 0
460 332 0
459 333 0
459 334 0
459 335 0
459 336 0
459 337 0
459 338 0
458 339 0
458 340 0
458 341 0
458 342 0
458 343 0
457 344 0
457 345 0
457 346 0
457 347 0
456 348 0
456 349 0
456 350 0
456 351 0
456 352 0
456 353 0
456 354 0
456 355 0
456 356 0
455 357 0
455 358 0
455 359 0
455 360 0
454 361 0
454 362 0
454 363 0
454 364 0
454 365 0
453 366 0
453 367 0
452 368 0
452 369 0
452 370 0
451 371 0
451 372 0
451 373 0
450 374 0
450 375 0
450 376 0
449 377 0
449 378 0
448 379 0
448 380 0
448 381 0
447 382 0
447 383 0
446 384 0
446 385 0
445 386 0
445 387 0
444 388 0
444 389 0
443 390 0
443 391 0
442 392 0
442 393 0
441 394 0
440 395 0
440 396 0
439 397 0
438 398 0
438 399 0
437 400 0
436 401 0
435 402 0
434 403 0
433 404 0
433 405 0
432 406 0
431 407 0
430 408 0
429 409 0
428 410 0
427 411 0
426 412 0
425 413 0
424 414 0
423 415 0
422 415 0
421 416 0
420 417 0
419 418 0
418 419 0
417 420 0
416 420 0
415 421 0
414 422 0
413 423 0
412 423 0
411 424 0
410 425 0
409 425 0
408 426 0
409 425 0
410 424 0
411 424 0
412 423 0
413 422 0
414 422 0
415 421 0
416 420 0
417 419 0
418 418 0
419 418 0
420 417 0
421 416 0
422 415 0
423 414 0
424 413 0
425 412 0
426 411 0
427 410 0
428 409 0
429 408 0
430 407 0
431 406 0
432 405 0
433 404 0
433 403 0
434 402 0
435 401 0
436 400 0
437 399 0
438 398 0
438 397 0
439 396 0
440 395 0
440 394 0
441 393 0
442 392 0
442 391 0
443 390 0
443 389 0
444 388 0
444 387 0
445 386 0
445 385 0
446 384 0
447 383 0
447 382 0
447 381 0
448 380 0
448 379 0
449 378 0
449 377 0
450 376 0
450 375 0
450 374 0
451 373 0
451 372 0
451 371 0
452 370 0
452 369 0
452 368 0
452 367 0
453 366 0
453 365 0
454 364 0
454 363 0
454 362 0
454 361 0
455 360 0
455 359 0
455 358 0
455 357 0
456 356 0
456 355 0
456 354 0
456 353 0
456 352 0
456 351 0
456 350 0
456 349 0
456 348 0
457 347 0
457 346 0
457 345 0
457 344 0
458 343 0
458 342 0
458 341 0
458 340 0
458 339 0
459 338 0
459 337 0
459 336 0
459 335 0
459 334 0
459 333 0
460 332 0
460 331 0
460 330 0
460 329 0
460 328 0
460 327 0
460 326 0
460 325 0
460 324 0
461 323 0
461 322 0
461 321 0
461 320 0
461 319 0
461 318 0
462 317 0
462 316 0
462 315 0
462 314 0
462 313 0
462 312 0
462 311 0
462 310 0
462 309 0
463 308 0
463 307 0
463 306 0
463 305 0
463 304 0
463 303 0
463 302 0
464 301 0
464 300 0
464 299 0
464 298 0
464 297 0
464 296 0
465 295 0
465 294 0
465 293 0
465 292 0
465 291 0
466 290 0
466 289 0
466 288 0
466 287 0
466 286 0
466 285 0
466 284 0
467 283 0
467 282 0
467 281 0
467 280 0
468 279 0
469 278 0
469 277 0
470 276 0
470 275 0
470 274 0
469 273 0
469 272 0
469 271 0
469 270 0
469 269 0
469 268 0
469 267 0
469 266 0
470 265 0
470 264 0
470 263 0
471 262 0
471 261 0
471 260 0
471 259 0
471 258 0
471 257 0
471 256 0
472 255 0
472 254 0
472 253 0
472 252 0
472 251 0
472 250 0
473 249 0
473 248 0
473 247 0
473 246 0
473 245 0
473 244 0
473 243 0
474 242 0
474 241 0
474 240 0
474 239 0
474 238 0
474 237 0
475 236 0
475 235 0
475 234 0
475 233 0
475 232 0
476 231 0
476 230 0
476 229 0
476 228 0
477 227 0
477 226 0
477 225 0
477 224 0
478 223 0
478 222 0
478 221 0
478 220 0
479 219 0
479 218 0
480 217 0
480 216 0
480 215 0
480 214 0
481 213 0
481 212 0
482 211 0
482 210 0
482 209 0
482 208 0
483 207 0
484 206 0
485 206 0
486 206 0
487 205 0
488 204 0
489 203 0
490 203 0
491 202 0
492 201 0
492 200 0
492 199 0
493 198 0
493 197 0
493 196 0
493 195 0
494 194 0
494 193 0
494 192 0
494 191 0
494 190 0
494 189 0
494 188 0
494 187 0
494 186 0
495 185 0
495 184 0
496 183 0
496 182 0
496 181 0
497 180 0
497 179 0
498 178 0
499 177 0
499 176 0
500 175 0
500 174 0
501 173 0
501 172 0
502 171 0
503 170 0
503 169 0
504 168 0
504 167 0
505 166 0
506 165 0
506 164 0
507 163 0
507 162 0
508 161 0
509 160 0
510 160 0
511 159 0
512 158 0
513 158 0
514 157 0
514 156 0
515 155 0
516 154 0
516 153 0
517 152 0
517 151 0
517 150 0
517 151 0
517 152 0
517 153 0
516 154 0
515 155 0
515 156 0
514 157 0
513 158 0
512 159 0
511 160 0
510 160 0
509 161 0
508 162 0
507 163 0
506 164 0
506 165 0
506 166 0
505 167 0
504 168 0
504 169 0
503 170 0
503 171 0
502 172 0
501 173 0
501 174 0
500 175 0
500 176 0
499 177 0
499 178 0
498 179 0
497 180 0
497 181 0
496 182 0
496 183 0
495 184 0
495 185 0
495 186 0
494 187 0
494 188 0
494 189 0
494 190 0
494 191 0
494 192 0
494 193 0
494 194 0
493 195 0
493 196 0
493 197 0
493 198 0
493 199 0
492 200 0
492 201 0
491 202 0
491 203 0
490 203 0
489 204 0
488 205 0
487 205 0
486 206 0
486 207 0
487 208 0
488 207 0
489 207 0
490 207 0
491 206 0
492 205 0
493 204 0
493 203 0
494 202 0
495 201 0
496 200 0
496 199 0
496 198 0
496 197 0
496 196 0
497 195 0
497 194 0
497 193 0
497 192 0
497 191 0
497 190 0
497 189 0
497 188 0
498 187 0
498 186 0
498 185 0
499 184 0
499 183 0
499 182 0
500 181 0
501 180 0
501 179 0
502 178 0
502 177 0
503 176 0
503 175 0
504 174 0
505 173 0
505 172 0
506 171 0
506 170 0
507 169 0
507 168 0
508 167 0
508 166 0
509 165 0
510 164 0
510 163 0
511 162 0
512 162 0
513 161 0
514 160 0
515 159 0
516 158 0
517 157 0
518 156 0
518 155 0
519 154 0
519 153 0
520 152 0
520 151 0
520 150 0
520 151 0
520 152 0
519 153 0
519 154 0
519 155 0
518 156 0
518 157 0
517 158 0
516 159 0
515 160 0
514 161 0
513 162 0
512 162 0
511 163 0
510 164 0
510 165 0
509 166 0
508 167 0
508 168 0
507 169 0
507 170 0
506 171 0
506 172 0
505 173 0
505 174 0
504 175 0
503 176 0
503 177 0
502 178 0
502 179 0
501 180 0
501 181 0
500 182 0
499 183 0
499 184 0
498 185 0
498 186 0
498 187 0
497 188 0
497 189 0
497 190 0
497 191 0
497 192 0
497 193 0
497 194 0
497 195 0
496 196 0
496 197 0
496 198 0
496 199 0
496 200 0
495 201 0
495 202 0
494 203 0
493 204 0
493 205 0
492 206 0
491 206 0
490 207 0
489 207 0
488 208 0
487 208 0
486 209 0
486 210 0
485 211 0
485 212 0
485 213 0
485 214 0
484 215 0
483 216 0
483 217 0
483 218 0
483 219 0
482 220 0
482 221 0
481 222 0
481 223 0
481 224 0
481 225 0
480 226 0
480 227 0
480 228 0
479 229 0
479 230 0
479 231 0
479 232 0
479 233 0
478 234 0
478 235 0
478 236 0
478 237 0
477 238 0
477 239 0
477 240 0
477 241 0
477 242 0
477 243 0
476 244 0
476 245 0
476 246 0
476 247 0
476 248 0
477 249 0
477 250 0
477 251 0
477 252 0
477 253 0
477 254 0
476 255 0
476 256 0
476 257 0
476 258 0
476 259 0
476 260 0
475 261 0
475 262 0
475 263 0
474 264 0
474 265 0
474 266 0
473 267 0
473 268 0
473 269 0
473 270 0
473 271 0
473 272 0
473 273 0
473 274 0
473 275 0
473 276 0
473 277 0
472 278 0
472 279 0
472 280 0
472 281 0
471 282 0
470 283 0
470 284 0
470 285 0
469 286 0
469 287 0
469 288 0
469 289 0
469 290 0
469 291 0
468 292 0
468 293 0
468 294 0
468 295 0
468 296 0
467 297 0
467 298 0
467 299 0
467 300 0
467 301 0
467 302 0
466 303 0
466 304 0
466 305 0
466 306 0
466 307 0
466 308 0
465 309 0
465 310 0
465 311 0
465 312 0
465 313 0
465 314 0
465 315 0
465 316 0
465 317 0
464 318 0
464 319 0
464 320 0
464 321 0
464 322 0
464 323 0
464 324 0
464 325 0
463 326 0
463 327 0
463 328 0
463 329 0
463 330 0
463 331 0
463 332 0
462 333 0
462 334 0
462 335 0
462 336 0
462 337 0
462 338 0
462 339 0
461 340 0
461 341 0
461 342 0
461 343 0
460 344 0
460 345 0
460 346 0
460 347 0
459 348 0
459 349 0
459 350 0
459 351 0
459 352 0
459 353 0
459 354 0
459 355 0
459 356 0
458 357 0
458 358 0
458 359 0
458 360 0
458 361 0
457 362 0
457 363 0
457 364 0
456 365 0
456 366 0
456 367 0
456 368 0
455 369 0
455 370 0
455 371 0
454 372 0
454 373 0
454 374 0
453 375 0
453 376 0
453 377 0
452 378 0
452 379 0
451 380 0
451 381 0
451 382 0
451 383 0
450 384 0
450 385 0
449 386 0
449 387 0
448 388 0
448 389 0
447 390 0
447 391 0
446 392 0
446 393 0
445 394 0
445 395 0
444 396 0
444 397 0
443 398 0
442 399 0
441 400 0
440 401 0
440 402 0
439 403 0
438 404 0
437 405 0
436 406 0
435 407 0
434 408 0
433 409 0
432 410 0
432 411 0
431 412 0
430 412 0
429 413 0
428 414 0
427 415 0
426 416 0
425 417 0
424 418 0
423 419 0
422 420 0
421 420 0
420 421 0
419 422 0
418 423 0
417 424 0
416 424 0
415 425 0
414 425 0
413 426 0
412 427 0
411 427 0
410 428 0
409 429 0
408 429 0
407 430 0
406 430 0
405 431 0
404 431 0
403 431 0
402 432 0
401 432 0
400 432 0
