492 209 0
493 210 0
494 209 0
495 208 0
496 207 0
496 206 0
497 205 0
497 204 0
497 203 0
498 202 0
498 201 0
499 200 0
499 199 0
499 198 0
499 197 0
499 196 0
499 195 0
499 194 0
499 193 0
499 192 0
500 191 0
500 190 0
500 189 0
500 188 0
501 187 0
501 186 0
502 185 0
502 184 0
503 183 0
504 182 0
504 181 0
505 180 0
505 179 0
506 178 0
507 177 0
507 176 0
508 175 0
509 174 0
509 173 0
509 172 0
510 171 0
511 170 0
511 169 0
510 168 0
509 169 0
508 170 0
507 171 0
506 172 0
506 173 0
506 174 0
505 175 0
504 176 0
504 177 0
503 178 0
502 179 0
502 180 0
501 181 0
501 182 0
500 183 0
499 184 0
499 185 0
498 186 0
497 187 0
497 188 0
496 189 0
496 190 0
496 191 0
496 192 0
496 193 0
496 194 0
496 195 0
496 196 0
496 197 0
496 198 0
496 199 0
496 200 0
495 201 0
495 202 0
494 203 0
494 204 0
494 205 0
493 206 0
493 207 0
492 208 0
491 210 0
492 211 0
493 210 0
492 209 0
490 211 0
491 210 0
492 209 0
491 208 0
492 207 0
493 206 0
493 205 0
494 204 0
494 203 0
495 202 0
495 201 0
496 200 0
496 199 0
496 198 0
496 197 0
496 196 0
496 195 0
496 194 0
496 193 0
496 192 0
496 191 0
496 190 0
496 189 0
497 188 0
497 187 0
497 186 0
498 185 0
499 184 0
499 183 0
500 182 0
501 181 0
501 180 0
502 179 0
502 178 0
503 177 0
504 176 0
504 175 0
505 174 0
506 173 0
506 172 0
506 171 0
507 170 0
508 169 0
509 168 0
510 168 0
511 168 0
512 167 0
513 167 0
514 166 0
515 165 0
516 164 0
517 163 0
517 162 0
517 161 0
518 160 0
519 159 0
519 158 0
519 157 0
519 156 0
519 155 0
519 154 0
519 153 0
519 152 0
519 151 0
520 150 0
520 149 0
520 148 0
521 147 0
521 146 0
521 145 0
522 144 0
521 145 0
522 146 0
521 147 0
521 148 0
520 149 0
520 150 0
519 151 0
519 152 0
519 153 0
519 154 0
519 155 0
519 156 0
519 157 0
519 158 0
519 159 0
519 160 0
518 161 0
517 162 0
517 163 0
516 164 0
516 165 0
515 166 0
514 166 0
513 167 0
512 167 0
511 168 0
511 169 0
512 170 0
513 169 0
514 169 0
515 169 0
516 168 0
517 167 0
518 166 0
519 165 0
519 164 0
520 163 0
521 162 0
521 161 0
522 160 0
522 159 0
522 158 0
522 157 0
522 156 0
522 155 0
522 154 0
522 153 0
522 152 0
523 151 0
523 150 0
524 149 0
525 148 0
525 147 0
526 146 0
526 145 0
527 144 0
527 143 0
528 142 0
529 141 0
529 140 0
530 139 0
531 138 0
531 137 0
532 136 0
532 135 0
533 134 0
533 133 0
534 132 0
534 131 0
535 130 0
535 129 0
536 128 0
537 127 0
537 126 0
538 125 0
538 124 0
539 123 0
540 122 0
540 121 0
541 120 0
541 119 0
542 118 0
542 117 0
543 116 0
543 115 0
544 114 0
544 113 0
545 112 0
546 111 0
546 110 0
546 109 0
547 108 0
547 107 0
548 106 0
549 105 0
549 104 0
549 103 0
550 102 0
550 101 0
551 100 0
551 99 0
551 98 0
552 97 0
551 98 0
551 99 0
551 100 0
550 101 0
550 102 0
549 103 0
549 104 0
549 105 0
549 106 0
548 107 0
547 108 0
547 109 0
546 110 0
546 111 0
545 112 0
545 113 0
544 114 0
544 115 0
543 116 0
543 117 0
542 118 0
542 119 0
541 120 0
541 121 0
540 122 0
540 123 0
539 124 0
538 125 0
538 126 0
537 127 0
537 128 0
536 129 0
535 130 0
535 131 0
534 132 0
533 133 0
533 134 0
533 135 0
532 136 0
532 137 0
531 138 0
531 139 0
530 140 0
529 141 0
529 142 0
528 143 0
527 144 0
527 145 0
526 146 0
526 147 0
525 148 0
525 149 0
524 150 0
523 151 0
523 152 0
522 153 0
522 154 0
522 155 0
522 156 0
522 157 0
522 158 0
522 159 0
522 160 0
521 161 0
521 162 0
521 163 0
520 164 0
519 165 0
519 166 0
518 167 0
517 168 0
516 168 0
515 169 0
514 169 0
513 170 0
512 170 0
511 171 0
510 172 0
509 173 0
509 174 0
509 175 0
508 176 0
507 177 0
507 178 0
506 179 0
505 180 0
505 181 0
504 182 0
504 183 0
503 184 0
502 185 0
502 186 0
501 187 0
500 188 0
500 189 0
500 190 0
500 191 0
499 192 0
499 193 0
499 194 0
499 195 0
499 196 0
499 197 0
499 198 0
499 199 0
499 200 0
498 201 0
498 202 0
498 203 0
497 204 0
497 205 0
496 206 0
496 207 0
496 208 0
495 209 0
494 210 0
493 210 0
492 211 0
491 211 0
469 271 0
470 272 0
471 272 0
472 271 0
473 270 0
473 269 0
474 268 0
474 267 0
474 266 0
474 265 0
474 264 0
474 263 0
475 262 0
475 261 0
476 260 0
476 259 0
476 258 0
476 257 0
477 256 0
477 255 0
477 254 0
477 253 0
477 252 0
476 251 0
476 250 0
476 249 0
476 248 0
476 247 0
477 246 0
477 245 0
477 244 0
477 243 0
478 242 0
478 241 0
478 240 0
478 239 0
478 238 0
478 237 0
479 236 0
479 235 0
479 234 0
480 233 0
480 232 0
481 231 0
481 230 0
481 229 0
481 228 0
482 227 0
482 226 0
482 225 0
482 224 0
482 223 0
483 222 0
483 221 0
484 220 0
484 219 0
484 218 0
485 217 0
485 216 0
486 215 0
486 214 0
486 213 0
487 212 0
487 211 0
487 210 0
486 209 0
485 210 0
484 211 0
483 212 0
483 213 0
483 214 0
482 215 0
482 216 0
481 217 0
481 218 0
481 219 0
481 220 0
480 221 0
480 222 0
479 223 0
479 224 0
479 225 0
479 226 0
478 227 0
477 228 0
477 229 0
477 230 0
476 231 0
476 232 0
476 233 0
475 234 0
475 235 0
475 236 0
475 237 0
475 238 0
475 239 0
475 240 0
474 241 0
474 242 0
474 243 0
474 244 0
474 245 0
473 246 0
473 247 0
473 248 0
473 249 0
473 250 0
473 251 0
472 252 0
472 253 0
472 254 0
472 255 0
472 256 0
472 257 0
471 258 0
471 259 0
471 260 0
471 261 0
471 262 0
471 263 0
470 264 0
470 265 0
470 266 0
470 267 0
469 268 0
469 269 0
469 270 0
386 434 0
387 434 0
388 434 0
389 434 0
390 433 0
391 433 0
392 433 0
393 433 0
394 433 0
395 433 0
396 433 0
397 432 0
398 432 0
399 432 0
400 431 0
401 431 0
402 430 0
403 430 0
404 429 0
405 429 0
406 428 0
407 428 0
408 427 0
409 426 0
410 426 0
411 425 0
412 425 0
413 424 0
414 424 0
415 423 0
416 422 0
417 421 0
418 421 0
419 420 0
420 419 0
421 418 0
422 417 0
423 417 0
424 416 0
425 415 0
426 414 0
427 413 0
428 412 0
429 411 0
430 410 0
431 409 0
432 408 0
432 407 0
433 406 0
434 405 0
435 404 0
436 403 0
437 402 0
437 401 0
438 400 0
439 399 0
439 398 0
440 397 0
441 396 0
442 395 0
442 394 0
443 393 0
443 392 0
444 391 0
445 390 0
445 389 0
445 388 0
446 387 0
447 386 0
448 385 0
448 384 0
448 383 0
449 382 0
449 381 0
449 380 0
450 379 0
450 378 0
450 377 0
451 376 0
451 375 0
451 374 0
451 373 0
452 372 0
452 371 0
452 370 0
452 369 0
453 368 0
453 367 0
454 366 0
454 365 0
454 364 0
454 363 0
455 362 0
455 361 0
455 360 0
455 359 0
456 358 0
456 357 0
456 356 0
456 355 0
456 354 0
456 353 0
457 352 0
457 351 0
457 350 0
457 349 0
457 348 0
457 347 0
458 346 0
458 345 0
458 344 0
458 343 0
459 342 0
459 341 0
459 340 0
459 339 0
459 338 0
460 337 0
460 336 0
460 335 0
460 334 0
460 333 0
460 332 0
461 331 0
461 330 0
461 329 0
461 328 0
461 327 0
461 326 0
461 325 0
462 324 0
462 323 0
462 322 0
462 321 0
463 320 0
463 319 0
463 318 0
463 317 0
463 316 0
463 315 0
463 314 0
463 313 0
464 312 0
464 311 0
464 310 0
464 309 0
464 308 0
464 307 0
465 306 0
465 305 0
465 304 0
465 303 0
466 302 0
466 301 0
466 300 0
466 299 0
466 298 0
466 297 0
467 296 0
467 295 0
467 294 0
467 293 0
468 292 0
468 291 0
468 290 0
468 289 0
468 288 0
468 287 0
468 286 0
469 285 0
469 284 0
469 283 0
470 282 0
470 281 0
470 280 0
470 279 0
470 278 0
471 277 0
471 276 0
471 275 0
471 274 0
471 273 0
470 272 0
469 272 0
468 273 0
468 274 0
468 275 0
468 276 0
467 277 0
467 278 0
467 279 0
467 280 0
467 281 0
466 282 0
466 283 0
466 284 0
466 285 0
466 286 0
465 287 0
465 288 0
465 289 0
465 290 0
465 291 0
464 292 0
464 293 0
464 294 0
464 295 0
463 296 0
463 297 0
463 298 0
463 299 0
463 300 0
463 301 0
462 302 0
462 303 0
462 304 0
462 305 0
462 306 0
462 307 0
461 308 0
461 309 0
461 310 0
461 311 0
461 312 0
460 313 0
460 314 0
460 315 0
460 316 0
460 317 0
460 318 0
460 319 0
460 320 0
460 321 0
459 322 0
459 323 0
459 324 0
459 325 0
458 326 0
458 327 0
457 328 0
457 329 0
457 330 0
457 331 0
457 332 0
457 333 0
457 334 0
457 335 0
456 336 0
456 337 0
456 338 0
456 339 0
456 340 0
455 341 0
455 342 0
455 343 0
455 344 0
455 345 0
455 346 0
454 347 0
454 348 0
454 349 0
454 350 0
454 351 0
453 352 0
453 353 0
453 354 0
453 355 0
453 356 0
453 357 0
452 358 0
452 359 0
452 360 0
452 361 0
451 362 0
451 363 0
451 364 0
451 365 0
450 366 0
450 367 0
450 368 0
449 369 0
449 370 0
449 371 0
448 372 0
448 373 0
447 374 0
447 375 0
446 376 0
446 377 0
446 378 0
445 379 0
445 380 0
445 381 0
445 382 0
444 383 0
444 384 0
443 385 0
442 386 0
442 387 0
441 388 0
441 389 0
441 390 0
440 391 0
440 392 0
439 393 0
439 394 0
438 395 0
437 396 0
437 397 0
436 398 0
435 399 0
434 400 0
434 401 0
433 402 0
432 403 0
432 404 0
431 405 0
430 406 0
429 407 0
428 408 0
427 409 0
427 410 0
426 411 0
425 412 0
424 412 0
423 413 0
422 414 0
421 415 0
420 416 0
419 417 0
418 418 0
417 418 0
416 419 0
415 420 0
414 421 0
413 421 0
412 422 0
411 422 0
410 423 0
409 424 0
408 424 0
407 425 0
406 425 0
405 426 0
404 427 0
403 427 0
404 426 0
405 426 0
406 425 0
407 424 0
408 424 0
409 423 0
410 423 0
411 422 0
412 422 0
413 421 0
414 420 0
415 419 0
416 419 0
417 418 0
418 417 0
419 416 0
420 415 0
421 414 0
422 413 0
423 412 0
424 412 0
425 411 0
426 410 0
427 409 0
427 408 0
428 407 0
429 406 0
430 405 0
431 404 0
432 403 0
432 402 0
433 401 0
434 400 0
434 399 0
435 398 0
436 397 0
437 396 0
437 395 0
438 394 0
439 393 0
439 392 0
440 391 0
440 390 0
441 389 0
441 388 0
441 387 0
442 386 0
443 385 0
443 384 0
444 383 0
444 382 0
445 381 0
445 380 0
445 379 0
446 378 0
446 377 0
446 376 0
447 375 0
447 374 0
448 373 0
448 372 0
449 371 0
449 370 0
449 369 0
450 368 0
450 367 0
450 366 0
451 365 0
451 364 0
451 363 0
451 362 0
452 361 0
452 360 0
452 359 0
452 358 0
453 357 0
453 356 0
453 355 0
453 354 0
453 353 0
453 352 0
454 351 0
454 350 0
454 349 0
454 348 0
454 347 0
455 346 0
455 345 0
455 344 0
455 343 0
455 342 0
455 341 0
456 340 0
456 339 0
456 338 0
456 337 0
456 336 0
457 335 0
457 334 0
457 333 0
457 332 0
457 331 0
457 330 0
457 329 0
457 328 0
458 327 0
458 326 0
458 325 0
459 324 0
459 323 0
459 322 0
459 321 0
460 320 0
460 319 0
460 318 0
460 317 0
460 316 0
460 315 0
460 314 0
460 313 0
461 312 0
461 311 0
461 310 0
461 309 0
461 308 0
462 307 0
462 306 0
462 305 0
462 304 0
462 303 0
462 302 0
463 301 0
463 300 0
463 299 0
463 298 0
463 297 0
463 296 0
464 295 0
464 294 0
464 293 0
464 292 0
465 291 0
465 290 0
465 289 0
465 288 0
465 287 0
465 286 0
466 285 0
466 284 0
466 283 0
466 282 0
467 281 0
467 280 0
467 279 0
467 278 0
467 277 0
468 276 0
468 275 0
468 274 0
468 273 0
468 272 0
469 271 0
469 270 0
469 269 0
469 268 0
470 267 0
470 266 0
470 265 0
470 264 0
471 263 0
471 262 0
471 261 0
471 260 0
471 259 0
471 258 0
472 257 0
472 256 0
472 255 0
472 254 0
472 253 0
472 252 0
473 251 0
473 250 0
473 249 0
473 248 0
473 247 0
473 246 0
474 245 0
474 244 0
474 243 0
474 242 0
474 241 0
475 240 0
475 239 0
475 238 0
475 237 0
475 236 0
475 235 0
475 234 0
476 233 0
476 232 0
476 231 0
477 230 0
477 229 0
477 228 0
477 227 0
478 226 0
479 225 0
479 224 0
479 223 0
480 222 0
480 221 0
481 220 0
481 219 0
481 218 0
481 217 0
482 216 0
482 215 0
482 214 0
483 213 0
483 212 0
483 211 0
484 210 0
485 209 0
486 209 0
487 209 0
488 208 0
489 208 0
488 208 0
487 209 0
487 210 0
487 211 0
487 212 0
487 213 0
486 214 0
486 215 0
485 216 0
485 217 0
485 218 0
484 219 0
484 220 0
483 221 0
483 222 0
483 223 0
482 224 0
482 225 0
482 226 0
482 227 0
481 228 0
481 229 0
481 230 0
481 231 0
480 232 0
480 233 0
480 234 0
479 235 0
479 236 0
478 237 0
478 238 0
478 239 0
478 240 0
478 241 0
478 242 0
477 243 0
477 244 0
477 245 0
477 246 0
476 247 0
476 248 0
476 249 0
476 250 0
476 251 0
477 252 0
477 253 0
477 254 0
477 255 0
477 256 0
476 257 0
476 258 0
476 259 0
476 260 0
475 261 0
475 262 0
474 263 0
474 264 0
474 265 0
474 266 0
474 267 0
474 268 0
474 269 0
473 270 0
472 271 0
471 272 0
471 273 0
471 274 0
471 275 0
471 276 0
471 277 0
470 278 0
470 279 0
470 280 0
470 281 0
470 282 0
469 283 0
469 284 0
469 285 0
468 286 0
468 287 0
468 288 0
468 289 0
468 290 0
468 291 0
468 292 0
467 293 0
467 294 0
467 295 0
467 296 0
466 297 0
466 298 0
466 299 0
466 300 0
466 301 0
466 302 0
465 303 0
465 304 0
465 305 0
465 306 0
464 307 0
464 308 0
464 309 0
464 310 0
464 311 0
464 312 0
463 313 0
463 314 0
463 315 0
463 316 0
463 317 0
463 318 0
463 319 0
463 320 0
462 321 0
462 322 0
462 323 0
462 324 0
461 325 0
461 326 0
461 327 0
461 328 0
461 329 0
461 330 0
461 331 0
460 332 0
460 333 0
460 334 0
460 335 0
460 336 0
460 337 0
459 338 0
459 339 0
459 340 0
459 341 0
459 342 0
458 343 0
458 344 0
458 345 0
458 346 0
457 347 0
457 348 0
457 349 0
457 350 0
457 351 0
457 352 0
456 353 0
456 354 0
456 355 0
456 356 0
456 357 0
456 358 0
455 359 0
455 360 0
455 361 0
455 362 0
454 363 0
454 364 0
454 365 0
454 366 0
453 367 0
453 368 0
453 369 0
452 370 0
452 371 0
452 372 0
451 373 0
451 374 0
451 375 0
451 376 0
451 377 0
450 378 0
450 379 0
450 380 0
449 381 0
449 382 0
448 383 0
448 384 0
448 385 0
448 386 0
447 387 0
446 388 0
445 389 0
445 390 0
444 391 0
444 392 0
443 393 0
443 394 0
442 395 0
442 396 0
441 397 0
440 398 0
439 399 0
439 400 0
438 401 0
437 402 0
437 403 0
436 404 0
435 405 0
434 406 0
433 407 0
432 408 0
432 409 0
431 410 0
430 411 0
429 412 0
428 413 0
427 414 0
426 415 0
425 416 0
424 417 0
423 417 0
422 418 0
421 419 0
420 420 0
419 421 0
418 421 0
417 422 0
416 423 0
415 424 0
414 424 0
413 425 0
412 425 0
411 426 0
410 426 0
409 427 0
408 428 0
407 428 0
406 429 0
405 429 0
404 429 0
403 430 0
402 431 0
401 431 0
400 431 0
399 432 0
398 432 0
397 432 0
396 433 0
395 433 0
394 433 0
393 433 0
392 433 0
391 433 0
390 433 0
389 434 0
388 434 0
387 434 0
