515 160 0
516 159 0
517 159 0
518 158 0
519 157 0
519 156 0
520 155 0
520 154 0
520 153 0
520 152 0
521 151 0
521 150 0
521 149 0
521 148 0
521 147 0
521 146 0
521 145 0
521 144 0
521 143 0
522 142 0
522 141 0
522 140 0
523 139 0
523 138 0
524 137 0
524 136 0
525 135 0
526 134 0
527 133 0
527 132 0
528 131 0
528 130 0
529 129 0
530 128 0
530 127 0
531 126 0
531 125 0
532 124 0
533 123 0
533 122 0
534 121 0
534 120 0
535 119 0
535 118 0
536 117 0
537 116 0
537 115 0
538 114 0
538 113 0
539 112 0
539 111 0
540 110 0
541 109 0
541 108 0
541 107 0
542 106 0
542 105 0
543 104 0
544 103 0
544 102 0
544 101 0
545 100 0
545 99 0
545 98 0
546 97 0
546 96 0
547 95 0
547 94 0
548 94 0
547 95 0
547 96 0
546 97 0
545 98 0
545 99 0
545 100 0
544 101 0
544 102 0
544 103 0
544 104 0
543 105 0
542 106 0
542 107 0
541 108 0
541 109 0
540 110 0
540 111 0
539 112 0
539 113 0
538 114 0
538 115 0
537 116 0
536 117 0
536 118 0
535 119 0
535 120 0
534 121 0
534 122 0
533 123 0
533 124 0
532 125 0
531 126 0
531 127 0
530 128 0
529 129 0
529 130 0
528 131 0
527 132 0
527 133 0
527 134 0
526 135 0
525 136 0
524 137 0
524 138 0
523 139 0
523 140 0
522 141 0
522 142 0
521 143 0
521 144 0
521 145 0
521 146 0
521 147 0
521 148 0
521 149 0
521 150 0
521 151 0
520 152 0
520 153 0
520 154 0
520 155 0
520 156 0
519 157 0
519 158 0
518 159 0
517 159 0
516 160 0
514 163 0
515 163 0
516 162 0
517 162 0
518 161 0
519 161 0
520 160 0
521 159 0
522 158 0
522 157 0
523 156 0
523 155 0
523 154 0
523 153 0
524 152 0
524 151 0
524 150 0
524 149 0
524 148 0
524 147 0
524 146 0
524 145 0
525 144 0
525 143 0
525 142 0
525 141 0
526 140 0
526 139 0
527 138 0
528 137 0
528 136 0
529 135 0
530 134 0
530 133 0
531 132 0
532 131 0
532 130 0
533 129 0
533 128 0
534 127 0
535 126 0
535 125 0
536 124 0
536 123 0
537 122 0
538 121 0
538 120 0
539 119 0
539 118 0
540 117 0
540 116 0
541 115 0
541 114 0
542 113 0
542 112 0
543 111 0
543 110 0
544 109 0
545 108 0
545 107 0
546 106 0
546 105 0
547 104 0
547 103 0
547 102 0
548 101 0
547 102 0
547 103 0
547 104 0
546 105 0
546 106 0
545 107 0
545 108 0
544 109 0
544 110 0
543 111 0
543 112 0
542 113 0
542 114 0
541 115 0
541 116 0
540 117 0
540 118 0
539 119 0
539 120 0
538 121 0
538 122 0
537 123 0
536 124 0
536 125 0
535 126 0
535 127 0
534 128 0
533 129 0
533 130 0
532 131 0
531 132 0
531 133 0
530 134 0
529 135 0
529 136 0
528 137 0
528 138 0
527 139 0
526 140 0
526 141 0
525 142 0
525 143 0
525 144 0
524 145 0
524 146 0
524 147 0
524 148 0
524 149 0
524 150 0
524 151 0
524 152 0
523 153 0
523 154 0
523 155 0
523 156 0
522 157 0
522 158 0
522 159 0
521 160 0
520 161 0
519 161 0
518 162 0
517 162 0
516 162 0
515 163 0
443 397 0
444 396 0
445 395 0
445 394 0
446 393 0
447 392 0
447 391 0
448 390 0
448 389 0
449 388 0
449 387 0
450 386 0
450 385 0
451 384 0
451 383 0
452 382 0
452 381 0
453 380 0
453 379 0
454 378 0
454 377 0
454 376 0
455 375 0
455 374 0
455 373 0
456 372 0
456 371 0
456 370 0
456 371 0
456 372 0
455 373 0
455 374 0
455 375 0
454 376 0
454 377 0
454 378 0
454 379 0
453 380 0
453 381 0
452 382 0
452 383 0
451 384 0
451 385 0
450 386 0
450 387 0
449 388 0
449 389 0
448 390 0
448 391 0
447 392 0
446 393 0
446 394 0
445 395 0
444 396 0
402 431 0
403 432 0
404 432 0
405 431 0
406 431 0
407 430 0
406 429 0
405 429 0
404 429 0
403 430 0
393 433 0
394 433 0
395 433 0
396 433 0
397 433 0
398 433 0
399 433 0
400 432 0
401 432 0
402 431 0
402 430 0
403 430 0
404 429 0
405 429 0
406 428 0
407 427 0
408 426 0
409 425 0
410 425 0
411 424 0
412 423 0
413 423 0
414 422 0
415 421 0
416 421 0
417 420 0
418 419 0
419 418 0
420 418 0
421 417 0
422 416 0
423 415 0
423 414 0
424 413 0
425 412 0
426 411 0
427 410 0
428 409 0
429 408 0
429 407 0
430 406 0
431 405 0
432 404 0
432 403 0
433 402 0
433 401 0
434 400 0
435 399 0
436 398 0
436 397 0
437 396 0
438 395 0
438 394 0
439 393 0
440 392 0
440 391 0
440 390 0
441 389 0
441 388 0
442 387 0
443 386 0
443 385 0
443 384 0
444 383 0
444 382 0
444 381 0
445 380 0
445 379 0
445 378 0
446 377 0
446 376 0
446 375 0
447 374 0
448 373 0
448 372 0
448 371 0
449 370 0
450 369 0
450 368 0
450 367 0
451 366 0
451 365 0
452 364 0
452 363 0
452 362 0
453 361 0
453 360 0
454 359 0
454 358 0
454 357 0
455 356 0
455 355 0
455 354 0
456 353 0
456 352 0
456 351 0
457 350 0
457 349 0
457 348 0
457 347 0
458 346 0
458 345 0
458 344 0
458 343 0
459 342 0
459 341 0
459 340 0
459 339 0
460 338 0
460 337 0
460 336 0
460 335 0
460 334 0
460 333 0
460 332 0
460 331 0
461 330 0
461 329 0
461 328 0
461 327 0
461 326 0
462 325 0
462 324 0
462 323 0
462 322 0
462 321 0
462 320 0
463 319 0
463 318 0
463 317 0
463 316 0
463 315 0
463 314 0
463 313 0
463 312 0
464 311 0
464 310 0
464 309 0
464 308 0
463 307 0
463 306 0
463 305 0
463 304 0
464 303 0
464 302 0
465 301 0
465 300 0
465 299 0
465 298 0
465 297 0
465 296 0
466 295 0
466 294 0
466 293 0
467 292 0
467 291 0
467 290 0
467 289 0
467 288 0
467 287 0
468 286 0
468 285 0
468 284 0
468 283 0
468 282 0
468 281 0
468 280 0
469 279 0
469 278 0
469 277 0
469 276 0
469 275 0
470 274 0
470 273 0
470 272 0
470 271 0
470 270 0
470 269 0
470 268 0
471 267 0
471 266 0
471 265 0
471 264 0
471 263 0
472 262 0
472 261 0
472 260 0
472 259 0
472 258 0
472 257 0
472 256 0
472 255 0
473 254 0
473 253 0
473 252 0
473 251 0
473 250 0
473 249 0
474 248 0
474 247 0
474 246 0
474 245 0
474 244 0
474 243 0
475 242 0
475 241 0
475 240 0
475 239 0
475 238 0
475 237 0
476 236 0
476 235 0
477 234 0
477 233 0
477 232 0
478 231 0
478 230 0
479 229 0
479 228 0
479 227 0
480 226 0
480 225 0
480 224 0
481 223 0
481 222 0
481 221 0
482 220 0
482 219 0
483 218 0
484 217 0
484 216 0
484 215 0
485 214 0
485 213 0
486 212 0
486 211 0
486 210 0
487 209 0
487 208 0
487 207 0
488 206 0
489 206 0
490 205 0
490 204 0
491 204 0
492 203 0
493 202 0
494 201 0
494 200 0
494 199 0
494 198 0
495 197 0
495 196 0
495 195 0
495 194 0
495 193 0
495 192 0
495 191 0
495 190 0
495 189 0
495 188 0
496 187 0
496 186 0
496 185 0
497 184 0
497 183 0
497 182 0
498 181 0
498 180 0
499 179 0
499 178 0
500 177 0
501 176 0
501 175 0
502 174 0
502 173 0
503 172 0
503 171 0
504 170 0
505 169 0
506 168 0
506 167 0
507 166 0
507 165 0
508 164 0
508 163 0
509 162 0
510 161 0
511 161 0
512 161 0
512 162 0
512 163 0
512 164 0
511 165 0
511 166 0
510 167 0
510 168 0
509 169 0
508 170 0
508 171 0
507 172 0
506 173 0
506 174 0
505 175 0
505 176 0
504 177 0
504 178 0
503 179 0
502 180 0
502 181 0
502 182 0
501 183 0
500 184 0
500 185 0
499 186 0
499 187 0
499 188 0
498 189 0
498 190 0
498 191 0
498 192 0
498 193 0
498 194 0
498 195 0
498 196 0
498 197 0
497 198 0
497 199 0
497 200 0
497 201 0
496 202 0
496 203 0
495 204 0
495 205 0
494 206 0
493 206 0
492 207 0
491 207 0
490 208 0
490 209 0
490 210 0
490 211 0
489 212 0
488 213 0
488 214 0
488 215 0
487 216 0
487 217 0
487 218 0
486 219 0
486 220 0
485 221 0
485 222 0
484 223 0
484 224 0
484 225 0
483 226 0
483 227 0
482 228 0
482 229 0
482 230 0
481 231 0
481 232 0
481 233 0
480 234 0
480 235 0
479 236 0
479 237 0
479 238 0
478 239 0
478 240 0
478 241 0
478 242 0
478 243 0
478 244 0
478 245 0
478 246 0
478 247 0
478 248 0
478 249 0
478 250 0
478 251 0
478 252 0
478 253 0
478 254 0
478 255 0
478 256 0
477 257 0
477 258 0
477 259 0
477 260 0
477 261 0
477 262 0
476 263 0
476 264 0
476 265 0
475 266 0
475 267 0
475 268 0
474 269 0
474 270 0
474 271 0
473 272 0
473 273 0
473 274 0
473 275 0
473 276 0
472 277 0
472 278 0
472 279 0
472 280 0
471 281 0
471 282 0
471 283 0
471 284 0
471 285 0
471 286 0
471 287 0
470 288 0
470 289 0
470 290 0
470 291 0
470 292 0
469 293 0
469 294 0
469 295 0
469 296 0
469 297 0
469 298 0
468 299 0
468 300 0
468 301 0
468 302 0
467 303 0
467 304 0
467 305 0
467 306 0
467 307 0
467 308 0
467 309 0
467 310 0
467 311 0
466 312 0
466 313 0
466 314 0
466 315 0
466 316 0
466 317 0
466 318 0
466 319 0
466 320 0
465 321 0
465 322 0
465 323 0
465 324 0
465 325 0
465 326 0
464 327 0
464 328 0
464 329 0
464 330 0
463 331 0
463 332 0
463 333 0
463 334 0
463 335 0
463 336 0
463 337 0
463 338 0
462 339 0
462 340 0
462 341 0
462 342 0
462 343 0
461 344 0
461 345 0
461 346 0
460 347 0
460 348 0
460 349 0
460 350 0
460 351 0
459 352 0
459 353 0
459 354 0
458 355 0
458 356 0
458 357 0
457 358 0
457 359 0
457 360 0
456 361 0
456 362 0
455 363 0
455 364 0
455 365 0
454 366 0
454 367 0
453 368 0
453 369 0
452 370 0
452 371 0
451 372 0
451 373 0
451 374 0
450 375 0
450 376 0
449 377 0
449 378 0
449 379 0
448 380 0
448 381 0
448 382 0
447 383 0
447 384 0
447 385 0
446 386 0
446 387 0
445 388 0
445 389 0
445 390 0
444 391 0
443 392 0
443 393 0
442 394 0
442 395 0
441 396 0
441 397 0
441 398 0
440 399 0
439 400 0
439 401 0
438 401 0
439 400 0
439 399 0
440 398 0
441 397 0
441 396 0
442 395 0
442 394 0
443 393 0
443 392 0
444 391 0
444 390 0
445 389 0
445 388 0
445 387 0
446 386 0
446 385 0
447 384 0
447 383 0
448 382 0
448 381 0
448 380 0
448 379 0
449 378 0
449 377 0
450 376 0
450 375 0
450 374 0
451 373 0
451 372 0
452 371 0
452 370 0
453 369 0
453 368 0
453 367 0
454 366 0
454 365 0
455 364 0
455 363 0
456 362 0
456 361 0
457 360 0
457 359 0
457 358 0
458 357 0
458 356 0
458 355 0
459 354 0
459 353 0
459 352 0
460 351 0
460 350 0
460 349 0
460 348 0
460 347 0
461 346 0
461 345 0
461 344 0
462 343 0
462 342 0
462 341 0
462 340 0
462 339 0
463 338 0
463 337 0
463 336 0
463 335 0
463 334 0
463 333 0
463 332 0
463 331 0
464 330 0
464 329 0
464 328 0
464 327 0
465 326 0
465 325 0
465 324 0
465 323 0
465 322 0
465 321 0
466 320 0
466 319 0
466 318 0
466 317 0
466 316 0
466 315 0
466 314 0
466 313 0
466 312 0
467 311 0
467 310 0
467 309 0
467 308 0
467 307 0
467 306 0
467 305 0
467 304 0
467 303 0
468 302 0
468 301 0
468 300 0
468 299 0
469 298 0
469 297 0
469 296 0
469 295 0
469 294 0
469 293 0
470 292 0
470 291 0
470 290 0
470 289 0
470 288 0
471 287 0
471 286 0
471 285 0
471 284 0
471 283 0
471 282 0
471 281 0
472 280 0
472 279 0
472 278 0
472 277 0
473 276 0
473 275 0
473 274 0
473 273 0
473 272 0
474 271 0
474 270 0
474 269 0
475 268 0
475 267 0
475 266 0
476 265 0
476 264 0
476 263 0
477 262 0
477 261 0
477 260 0
477 259 0
477 258 0
477 257 0
478 256 0
478 255 0
478 254 0
478 253 0
478 252 0
478 251 0
478 250 0
478 249 0
478 248 0
478 247 0
478 246 0
478 245 0
478 244 0
478 243 0
478 242 0
478 241 0
478 240 0
478 239 0
479 238 0
479 237 0
479 236 0
480 235 0
480 234 0
480 233 0
481 232 0
481 231 0
482 230 0
482 229 0
482 228 0
483 227 0
483 226 0
484 225 0
484 224 0
484 223 0
484 222 0
485 221 0
486 220 0
486 219 0
486 218 0
487 217 0
487 216 0
488 215 0
488 214 0
488 213 0
489 212 0
489 211 0
490 210 0
490 209 0
490 208 0
491 207 0
492 206 0
493 206 0
494 205 0
495 204 0
495 203 0
496 202 0
496 201 0
497 200 0
497 199 0
497 198 0
498 197 0
498 196 0
498 195 0
498 194 0
498 193 0
498 192 0
498 191 0
498 190 0
498 189 0
499 188 0
499 187 0
499 186 0
500 185 0
500 184 0
501 183 0
501 182 0
502 181 0
502 180 0
502 179 0
503 178 0
504 177 0
504 176 0
505 175 0
505 174 0
506 173 0
506 172 0
507 171 0
508 170 0
508 169 0
509 168 0
510 167 0
510 166 0
511 165 0
511 164 0
512 163 0
512 162 0
511 161 0
510 162 0
509 163 0
508 164 0
508 165 0
507 166 0
507 167 0
506 168 0
506 169 0
505 170 0
504 171 0
503 172 0
503 173 0
502 174 0
502 175 0
501 176 0
500 177 0
500 178 0
499 179 0
499 180 0
498 181 0
498 182 0
497 183 0
497 184 0
496 185 0
496 186 0
496 187 0
495 188 0
495 189 0
495 190 0
495 191 0
495 192 0
495 193 0
495 194 0
495 195 0
495 196 0
495 197 0
494 198 0
494 199 0
494 200 0
494 201 0
493 202 0
493 203 0
492 204 0
491 204 0
490 205 0
489 206 0
488 207 0
487 208 0
487 209 0
486 210 0
486 211 0
486 212 0
485 213 0
485 214 0
484 215 0
484 216 0
484 217 0
483 218 0
483 219 0
482 220 0
482 221 0
481 222 0
481 223 0
481 224 0
480 225 0
480 226 0
480 227 0
479 228 0
479 229 0
478 230 0
478 231 0
477 232 0
477 233 0
477 234 0
477 235 0
476 236 0
476 237 0
475 238 0
475 239 0
475 240 0
475 241 0
475 242 0
474 243 0
474 244 0
474 245 0
474 246 0
474 247 0
474 248 0
473 249 0
473 250 0
473 251 0
473 252 0
473 253 0
473 254 0
472 255 0
472 256 0
472 257 0
472 258 0
472 259 0
472 260 0
472 261 0
472 262 0
471 263 0
471 264 0
471 265 0
471 266 0
471 267 0
470 268 0
470 269 0
470 270 0
470 271 0
470 272 0
470 273 0
470 274 0
469 275 0
469 276 0
469 277 0
469 278 0
469 279 0
468 280 0
468 281 0
468 282 0
468 283 0
468 284 0
468 285 0
468 286 0
467 287 0
467 288 0
467 289 0
467 290 0
467 291 0
467 292 0
466 293 0
466 294 0
466 295 0
465 296 0
465 297 0
465 298 0
465 299 0
465 300 0
465 301 0
465 302 0
464 303 0
464 304 0
463 305 0
463 306 0
463 307 0
464 308 0
464 309 0
464 310 0
464 311 0
463 312 0
463 313 0
463 314 0
463 315 0
463 316 0
463 317 0
463 318 0
463 319 0
462 320 0
462 321 0
462 322 0
462 323 0
462 324 0
462 325 0
461 326 0
461 327 0
461 328 0
461 329 0
461 330 0
461 331 0
460 332 0
460 333 0
460 334 0
460 335 0
460 336 0
460 337 0
460 338 0
459 339 0
459 340 0
459 341 0
459 342 0
459 343 0
458 344 0
458 345 0
458 346 0
457 347 0
457 348 0
457 349 0
457 350 0
457 351 0
456 352 0
456 353 0
455 354 0
455 355 0
455 356 0
455 357 0
454 358 0
454 359 0
454 360 0
453 361 0
453 362 0
452 363 0
452 364 0
451 365 0
451 366 0
450 367 0
450 368 0
450 369 0
449 370 0
449 371 0
448 372 0
448 373 0
447 374 0
447 375 0
446 376 0
446 377 0
445 378 0
445 379 0
445 380 0
444 381 0
444 382 0
444 383 0
444 384 0
443 385 0
443 386 0
442 387 0
442 388 0
441 389 0
441 390 0
440 391 0
440 392 0
440 393 0
439 394 0
438 395 0
438 396 0
437 397 0
436 398 0
436 399 0
435 400 0
434 401 0
433 402 0
433 403 0
432 404 0
432 405 0
431 406 0
430 407 0
429 408 0
429 409 0
428 410 0
427 411 0
426 412 0
425 413 0
424 414 0
423 415 0
422 416 0
422 417 0
421 418 0
420 418 0
419 419 0
418 420 0
417 421 0
416 421 0
415 422 0
414 423 0
413 423 0
412 424 0
411 424 0
410 425 0
409 426 0
408 426 0
407 427 0
406 428 0
406 429 0
407 430 0
408 429 0
409 429 0
410 428 0
411 428 0
412 427 0
413 426 0
414 426 0
415 425 0
416 424 0
417 424 0
418 423 0
419 422 0
420 421 0
421 421 0
422 420 0
423 419 0
424 418 0
425 417 0
426 416 0
427 415 0
428 414 0
429 413 0
430 412 0
430 411 0
431 410 0
432 409 0
433 408 0
434 407 0
434 406 0
435 405 0
436 404 0
437 404 0
438 403 0
439 403 0
438 404 0
437 404 0
436 405 0
435 406 0
434 407 0
434 408 0
433 409 0
432 410 0
431 411 0
430 412 0
430 413 0
429 414 0
428 415 0
427 416 0
426 417 0
425 418 0
424 419 0
423 420 0
422 421 0
421 421 0
420 422 0
419 423 0
418 424 0
417 424 0
416 425 0
415 426 0
414 426 0
413 427 0
412 427 0
411 428 0
410 429 0
409 429 0
408 430 0
407 431 0
406 431 0
405 432 0
404 432 0
403 432 0
402 432 0
401 432 0
400 433 0
399 433 0
398 433 0
397 433 0
396 433 0
395 433 0
394 433 0
