516 163 0
517 162 0
518 161 0
518 160 0
518 159 0
519 158 0
519 157 0
519 156 0
520 155 0
520 154 0
520 153 0
520 152 0
520 151 0
521 150 0
521 149 0
522 148 0
523 147 0
523 146 0
524 145 0
525 144 0
525 143 0
526 142 0
526 141 0
527 140 0
527 139 0
528 138 0
529 137 0
529 136 0
530 135 0
530 134 0
530 133 0
531 132 0
532 131 0
533 130 0
533 129 0
534 128 0
535 127 0
535 126 0
536 125 0
537 124 0
537 123 0
537 122 0
538 121 0
539 120 0
540 119 0
540 118 0
541 117 0
542 116 0
542 115 0
543 114 0
544 113 0
544 112 0
545 111 0
546 110 0
546 109 0
547 108 0
547 107 0
548 106 0
548 105 0
549 104 0
549 103 0
550 102 0
550 101 0
551 100 0
551 99 0
552 98 0
552 97 0
553 96 0
553 95 0
554 95 0
553 96 0
553 97 0
552 98 0
552 99 0
551 100 0
551 101 0
550 102 0
550 103 0
549 104 0
549 105 0
548 106 0
547 107 0
547 108 0
547 109 0
546 110 0
545 111 0
545 112 0
544 113 0
544 114 0
543 115 0
542 116 0
542 117 0
541 118 0
540 119 0
540 120 0
539 121 0
538 122 0
537 123 0
537 124 0
536 125 0
536 126 0
535 127 0
535 128 0
534 129 0
533 130 0
533 131 0
532 132 0
531 133 0
530 134 0
530 135 0
529 136 0
529 137 0
529 138 0
528 139 0
527 140 0
527 141 0
526 142 0
526 143 0
525 144 0
524 145 0
524 146 0
523 147 0
523 148 0
522 149 0
521 150 0
521 151 0
520 152 0
520 153 0
520 154 0
520 155 0
520 156 0
519 157 0
519 158 0
519 159 0
518 160 0
518 161 0
517 162 0
517 163 0
518 165 0
519 164 0
519 163 0
520 162 0
521 161 0
521 160 0
522 159 0
522 158 0
522 157 0
523 156 0
523 155 0
523 154 0
523 153 0
523 152 0
524 151 0
524 150 0
525 149 0
526 148 0
526 147 0
527 146 0
527 145 0
528 144 0
529 143 0
529 142 0
530 141 0
530 140 0
531 139 0
531 138 0
532 137 0
532 136 0
533 135 0
534 134 0
535 133 0
536 132 0
536 131 0
537 130 0
537 129 0
538 128 0
539 127 0
539 126 0
540 125 0
540 124 0
541 123 0
542 122 0
542 121 0
543 120 0
543 119 0
544 118 0
545 117 0
546 116 0
546 115 0
547 114 0
548 113 0
548 112 0
549 111 0
549 110 0
550 109 0
550 108 0
550 107 0
551 106 0
552 105 0
552 104 0
553 103 0
553 102 0
554 101 0
554 100 0
555 99 0
556 98 0
556 97 0
556 96 0
556 97 0
556 98 0
555 99 0
555 100 0
554 101 0
554 102 0
553 103 0
552 104 0
552 105 0
551 106 0
551 107 0
550 108 0
550 109 0
550 110 0
549 111 0
549 112 0
548 113 0
548 114 0
547 115 0
546 116 0
546 117 0
545 118 0
544 119 0
543 120 0
543 121 0
542 122 0
541 123 0
541 124 0
540 125 0
540 126 0
539 127 0
539 128 0
538 129 0
537 130 0
537 131 0
536 132 0
536 133 0
535 134 0
534 135 0
533 136 0
532 137 0
532 138 0
531 139 0
531 140 0
530 141 0
530 142 0
529 143 0
529 144 0
528 145 0
527 146 0
527 147 0
526 148 0
526 149 0
525 150 0
524 151 0
524 152 0
523 153 0
523 154 0
523 155 0
523 156 0
522 157 0
522 158 0
522 159 0
521 160 0
521 161 0
521 162 0
520 163 0
519 164 0
519 165 0
474 253 0
475 254 0
476 254 0
477 253 0
477 252 0
478 251 0
478 250 0
478 249 0
479 248 0
479 247 0
479 246 0
480 245 0
480 244 0
480 243 0
481 242 0
481 241 0
482 240 0
482 239 0
482 238 0
483 237 0
483 236 0
484 235 0
484 234 0
484 233 0
485 232 0
485 231 0
485 230 0
486 229 0
486 228 0
487 227 0
487 226 0
488 225 0
488 224 0
489 223 0
489 222 0
489 221 0
490 220 0
490 219 0
491 218 0
491 217 0
492 216 0
492 215 0
492 214 0
492 213 0
493 212 0
493 211 0
492 210 0
491 210 0
490 211 0
489 212 0
489 213 0
489 214 0
488 215 0
488 216 0
488 217 0
487 218 0
487 219 0
486 220 0
486 221 0
486 222 0
485 223 0
485 224 0
484 225 0
484 226 0
484 227 0
483 228 0
483 229 0
482 230 0
482 231 0
481 232 0
481 233 0
480 234 0
480 235 0
479 236 0
479 237 0
479 238 0
479 239 0
478 240 0
478 241 0
477 242 0
477 243 0
477 244 0
476 245 0
476 246 0
476 247 0
476 248 0
476 249 0
475 250 0
475 251 0
474 252 0
469 275 0
470 276 0
471 276 0
472 276 0
473 275 0
473 274 0
473 273 0
473 272 0
474 271 0
474 270 0
475 269 0
475 268 0
476 267 0
476 266 0
477 265 0
477 264 0
478 263 0
478 262 0
478 261 0
478 260 0
478 259 0
478 258 0
478 257 0
478 256 0
477 255 0
476 254 0
475 255 0
474 256 0
474 257 0
474 258 0
473 259 0
473 260 0
473 261 0
473 262 0
473 263 0
473 264 0
472 265 0
472 266 0
472 267 0
472 268 0
471 269 0
471 270 0
471 271 0
471 272 0
470 273 0
469 274 0
461 322 0
462 323 0
463 323 0
464 322 0
464 321 0
463 320 0
462 321 0
384 435 0
385 435 0
386 435 0
387 435 0
388 435 0
389 435 0
390 435 0
391 435 0
392 435 0
393 434 0
394 434 0
395 434 0
396 433 0
397 433 0
398 432 0
399 432 0
400 431 0
401 431 0
402 430 0
403 430 0
404 429 0
405 429 0
406 428 0
407 428 0
408 427 0
409 427 0
410 426 0
411 426 0
412 425 0
413 425 0
414 424 0
415 423 0
416 423 0
417 422 0
418 421 0
419 421 0
420 420 0
421 419 0
422 418 0
423 418 0
424 417 0
425 416 0
426 415 0
427 414 0
428 413 0
429 412 0
430 411 0
431 410 0
432 409 0
433 408 0
434 407 0
435 406 0
436 405 0
437 404 0
438 403 0
438 402 0
439 401 0
440 400 0
440 399 0
441 398 0
442 397 0
442 396 0
443 395 0
444 394 0
444 393 0
444 392 0
445 393 0
446 393 0
447 392 0
447 391 0
448 390 0
448 389 0
447 388 0
446 388 0
447 387 0
448 386 0
448 385 0
449 384 0
449 383 0
450 382 0
450 381 0
451 380 0
451 379 0
451 378 0
452 377 0
452 376 0
452 375 0
452 374 0
453 373 0
453 372 0
454 371 0
454 370 0
454 369 0
454 368 0
455 367 0
455 366 0
456 365 0
456 364 0
456 363 0
456 362 0
456 361 0
457 360 0
457 359 0
457 358 0
458 357 0
458 356 0
458 355 0
458 354 0
458 353 0
459 352 0
459 351 0
459 350 0
459 349 0
459 348 0
459 347 0
460 346 0
460 345 0
460 344 0
460 343 0
460 342 0
461 341 0
461 340 0
461 339 0
462 338 0
462 337 0
462 336 0
462 335 0
462 334 0
462 333 0
463 332 0
463 331 0
463 330 0
463 329 0
464 328 0
464 327 0
464 326 0
464 325 0
464 324 0
463 323 0
462 323 0
461 324 0
461 325 0
461 326 0
460 327 0
460 328 0
460 329 0
460 330 0
460 331 0
460 332 0
459 333 0
459 334 0
459 335 0
459 336 0
458 337 0
458 338 0
458 339 0
458 340 0
458 341 0
457 342 0
457 343 0
457 344 0
457 345 0
456 346 0
456 347 0
456 348 0
456 349 0
456 350 0
455 351 0
455 352 0
455 353 0
455 354 0
455 355 0
455 356 0
454 357 0
454 358 0
454 359 0
453 360 0
453 361 0
453 362 0
453 363 0
453 364 0
453 365 0
452 366 0
452 367 0
451 368 0
451 369 0
451 370 0
450 371 0
450 372 0
449 373 0
449 374 0
449 375 0
449 376 0
449 377 0
448 378 0
448 379 0
447 380 0
446 381 0
446 382 0
446 383 0
445 384 0
445 385 0
444 386 0
443 387 0
443 388 0
443 389 0
442 390 0
442 391 0
441 392 0
441 393 0
440 394 0
440 395 0
439 396 0
439 397 0
438 398 0
437 399 0
436 400 0
435 401 0
435 402 0
434 403 0
433 404 0
432 405 0
431 406 0
431 407 0
430 408 0
429 409 0
428 410 0
427 411 0
426 412 0
425 413 0
424 414 0
423 415 0
422 415 0
421 416 0
420 417 0
419 418 0
418 418 0
417 419 0
416 420 0
415 420 0
414 421 0
413 422 0
412 422 0
411 423 0
410 423 0
409 424 0
408 424 0
407 425 0
408 424 0
409 423 0
410 423 0
411 422 0
412 422 0
413 421 0
414 421 0
415 420 0
416 419 0
417 418 0
418 418 0
419 417 0
420 416 0
421 415 0
422 415 0
423 414 0
424 413 0
425 412 0
426 411 0
427 410 0
428 409 0
429 408 0
430 407 0
431 406 0
431 405 0
432 404 0
433 403 0
434 402 0
435 401 0
435 400 0
436 399 0
437 398 0
438 397 0
439 396 0
439 395 0
440 394 0
440 393 0
441 392 0
441 391 0
442 390 0
442 389 0
443 388 0
443 387 0
444 386 0
444 385 0
445 384 0
446 383 0
446 382 0
446 381 0
447 380 0
447 379 0
448 378 0
449 377 0
449 376 0
449 375 0
449 374 0
449 373 0
450 372 0
450 371 0
451 370 0
451 369 0
451 368 0
452 367 0
452 366 0
452 365 0
453 364 0
453 363 0
453 362 0
453 361 0
453 360 0
454 359 0
454 358 0
454 357 0
455 356 0
455 355 0
455 354 0
455 353 0
455 352 0
455 351 0
456 350 0
456 349 0
456 348 0
456 347 0
456 346 0
457 345 0
457 344 0
457 343 0
457 342 0
458 341 0
458 340 0
458 339 0
458 338 0
458 337 0
459 336 0
459 335 0
459 334 0
459 333 0
460 332 0
460 331 0
460 330 0
460 329 0
460 328 0
460 327 0
461 326 0
461 325 0
461 324 0
461 323 0
461 322 0
462 321 0
462 320 0
462 319 0
462 318 0
462 317 0
462 316 0
463 315 0
463 314 0
463 313 0
463 312 0
463 311 0
463 310 0
464 309 0
464 308 0
464 307 0
464 306 0
464 305 0
464 304 0
465 303 0
465 302 0
465 301 0
465 300 0
465 299 0
465 298 0
466 297 0
466 296 0
466 295 0
466 294 0
467 293 0
467 292 0
467 291 0
467 290 0
467 289 0
468 288 0
468 287 0
468 286 0
468 285 0
468 284 0
469 283 0
469 282 0
469 281 0
468 280 0
468 279 0
468 278 0
469 277 0
469 276 0
469 275 0
469 274 0
469 273 0
470 272 0
471 271 0
471 270 0
471 269 0
472 268 0
472 267 0
472 266 0
472 265 0
473 264 0
473 263 0
473 262 0
473 261 0
473 260 0
473 259 0
474 258 0
474 257 0
474 256 0
474 255 0
474 254 0
474 253 0
474 252 0
474 251 0
475 250 0
475 249 0
476 248 0
476 247 0
476 246 0
476 245 0
477 244 0
477 243 0
477 242 0
478 241 0
478 240 0
479 239 0
479 238 0
479 237 0
479 236 0
480 235 0
480 234 0
481 233 0
481 232 0
481 231 0
482 230 0
482 229 0
483 228 0
483 227 0
484 226 0
484 225 0
484 224 0
485 223 0
485 222 0
486 221 0
486 220 0
487 219 0
487 218 0
487 217 0
488 216 0
488 215 0
489 214 0
489 213 0
489 212 0
490 211 0
490 210 0
491 210 0
492 210 0
493 209 0
494 208 0
495 207 0
496 206 0
497 205 0
497 204 0
497 203 0
497 202 0
498 201 0
498 200 0
498 199 0
498 198 0
498 197 0
498 196 0
498 195 0
498 194 0
499 193 0
499 192 0
499 191 0
499 190 0
500 189 0
500 188 0
500 187 0
501 186 0
501 185 0
501 184 0
501 183 0
502 182 0
502 181 0
503 180 0
503 179 0
504 178 0
505 177 0
506 176 0
506 175 0
507 174 0
507 173 0
508 172 0
509 171 0
509 170 0
510 169 0
510 168 0
511 167 0
512 166 0
513 166 0
514 165 0
513 166 0
512 167 0
511 168 0
510 169 0
510 170 0
509 171 0
509 172 0
508 173 0
507 174 0
507 175 0
506 176 0
505 177 0
505 178 0
504 179 0
503 180 0
503 181 0
502 182 0
501 183 0
501 184 0
501 185 0
501 186 0
500 187 0
500 188 0
500 189 0
499 190 0
499 191 0
499 192 0
499 193 0
498 194 0
498 195 0
498 196 0
498 197 0
498 198 0
498 199 0
498 200 0
498 201 0
497 202 0
497 203 0
497 204 0
497 205 0
497 206 0
496 207 0
495 208 0
494 209 0
493 209 0
492 210 0
493 211 0
494 212 0
495 211 0
496 210 0
497 210 0
498 209 0
499 208 0
499 207 0
500 206 0
500 205 0
500 204 0
500 203 0
501 202 0
501 201 0
501 200 0
501 199 0
501 198 0
501 197 0
501 196 0
501 195 0
501 194 0
502 193 0
502 192 0
502 191 0
503 190 0
503 189 0
503 188 0
504 187 0
504 186 0
504 185 0
505 184 0
505 183 0
506 182 0
506 181 0
507 180 0
507 179 0
508 178 0
508 177 0
509 176 0
509 175 0
510 174 0
511 173 0
511 172 0
512 171 0
512 170 0
513 169 0
514 168 0
515 167 0
515 168 0
514 169 0
513 170 0
512 171 0
512 172 0
511 173 0
511 174 0
510 175 0
509 176 0
509 177 0
508 178 0
507 179 0
507 180 0
507 181 0
506 182 0
506 183 0
505 184 0
505 185 0
504 186 0
504 187 0
503 188 0
503 189 0
503 190 0
502 191 0
502 192 0
502 193 0
501 194 0
501 195 0
501 196 0
501 197 0
501 198 0
501 199 0
501 200 0
501 201 0
501 202 0
500 203 0
500 204 0
500 205 0
500 206 0
499 207 0
499 208 0
499 209 0
498 210 0
497 210 0
496 210 0
495 211 0
494 212 0
493 213 0
492 214 0
492 215 0
492 216 0
491 217 0
491 218 0
490 219 0
490 220 0
490 221 0
489 222 0
489 223 0
488 224 0
488 225 0
488 226 0
487 227 0
486 228 0
486 229 0
486 230 0
485 231 0
485 232 0
484 233 0
484 234 0
484 235 0
484 236 0
483 237 0
482 238 0
482 239 0
482 240 0
481 241 0
481 242 0
480 243 0
480 244 0
480 245 0
479 246 0
479 247 0
479 248 0
478 249 0
478 250 0
478 251 0
477 252 0
477 253 0
477 254 0
477 255 0
478 256 0
478 257 0
478 258 0
478 259 0
478 260 0
478 261 0
478 262 0
478 263 0
477 264 0
477 265 0
476 266 0
476 267 0
475 268 0
475 269 0
474 270 0
474 271 0
473 272 0
473 273 0
473 274 0
473 275 0
472 276 0
472 277 0
471 276 0
470 276 0
469 277 0
468 278 0
468 279 0
468 280 0
469 281 0
469 282 0
469 283 0
468 284 0
468 285 0
468 286 0
468 287 0
468 288 0
467 289 0
467 290 0
467 291 0
467 292 0
467 293 0
466 294 0
466 295 0
466 296 0
466 297 0
465 298 0
465 299 0
465 300 0
465 301 0
465 302 0
465 303 0
464 304 0
464 305 0
464 306 0
464 307 0
464 308 0
464 309 0
463 310 0
463 311 0
463 312 0
463 313 0
463 314 0
463 315 0
462 316 0
462 317 0
462 318 0
462 319 0
463 320 0
464 321 0
465 320 0
465 319 0
465 318 0
465 317 0
465 316 0
466 315 0
466 314 0
466 313 0
466 312 0
466 311 0
466 310 0
467 309 0
467 308 0
467 307 0
467 306 0
467 305 0
468 304 0
468 303 0
468 302 0
468 301 0
468 300 0
468 299 0
468 298 0
469 297 0
469 296 0
469 295 0
469 294 0
470 293 0
470 292 0
470 291 0
470 290 0
471 289 0
471 288 0
471 287 0
471 286 0
471 285 0
472 284 0
472 283 0
472 282 0
472 281 0
472 280 0
472 279 0
472 280 0
472 281 0
472 282 0
472 283 0
472 284 0
471 285 0
471 286 0
471 287 0
471 288 0
471 289 0
470 290 0
470 291 0
470 292 0
470 293 0
469 294 0
469 295 0
469 296 0
469 297 0
468 298 0
468 299 0
468 300 0
468 301 0
468 302 0
468 303 0
468 304 0
467 305 0
467 306 0
467 307 0
467 308 0
467 309 0
466 310 0
466 311 0
466 312 0
466 313 0
466 314 0
466 315 0
465 316 0
465 317 0
465 318 0
465 319 0
465 320 0
464 321 0
464 322 0
464 323 0
464 324 0
464 325 0
464 326 0
464 327 0
464 328 0
463 329 0
463 330 0
463 331 0
463 332 0
462 333 0
462 334 0
462 335 0
462 336 0
462 337 0
462 338 0
461 339 0
461 340 0
461 341 0
461 342 0
460 343 0
460 344 0
460 345 0
460 346 0
459 347 0
459 348 0
459 349 0
459 350 0
459 351 0
459 352 0
458 353 0
458 354 0
458 355 0
458 356 0
458 357 0
457 358 0
457 359 0
457 360 0
456 361 0
456 362 0
456 363 0
456 364 0
456 365 0
455 366 0
455 367 0
455 368 0
454 369 0
454 370 0
454 371 0
453 372 0
453 373 0
453 374 0
452 375 0
452 376 0
452 377 0
452 378 0
451 379 0
451 380 0
451 381 0
450 382 0
450 383 0
449 384 0
449 385 0
448 386 0
448 387 0
447 388 0
448 389 0
448 390 0
447 391 0
447 392 0
447 393 0
446 393 0
445 393 0
444 394 0
444 395 0
443 396 0
442 397 0
442 398 0
441 399 0
440 400 0
440 401 0
439 402 0
438 403 0
438 404 0
437 405 0
436 406 0
435 407 0
434 408 0
433 409 0
432 410 0
431 411 0
430 412 0
429 413 0
428 414 0
427 415 0
426 416 0
425 417 0
424 418 0
423 418 0
422 419 0
421 420 0
420 421 0
419 421 0
418 422 0
417 423 0
416 423 0
415 424 0
414 424 0
413 425 0
412 426 0
411 426 0
410 427 0
409 427 0
408 428 0
407 428 0
406 429 0
405 429 0
404 430 0
403 430 0
402 431 0
401 431 0
400 432 0
399 432 0
398 432 0
397 433 0
396 434 0
395 434 0
394 434 0
393 434 0
392 435 0
391 435 0
390 435 0
389 435 0
388 435 0
387 435 0
386 435 0
385 435 0
