461 317 0
461 316 0
461 315 0
461 314 0
461 315 0
461 316 0
437 375 0
437 374 0
438 373 0
438 372 0
438 371 0
439 370 0
440 369 0
440 368 0
440 367 0
441 366 0
441 365 0
441 364 0
442 363 0
441 364 0
441 365 0
441 366 0
440 367 0
440 368 0
440 369 0
440 370 0
439 371 0
438 372 0
438 373 0
437 374 0
429 390 0
430 389 0
430 388 0
431 387 0
431 386 0
432 385 0
432 386 0
431 387 0
431 388 0
430 389 0
397 428 0
398 427 0
399 427 0
400 426 0
401 425 0
402 424 0
403 423 0
404 422 0
405 421 0
406 420 0
407 419 0
408 418 0
408 417 0
409 416 0
410 415 0
411 414 0
411 413 0
411 412 0
412 411 0
413 410 0
413 409 0
414 408 0
414 407 0
415 406 0
415 405 0
416 404 0
416 403 0
417 402 0
417 401 0
418 400 0
419 399 0
419 398 0
420 397 0
420 396 0
420 395 0
421 394 0
421 393 0
421 392 0
422 391 0
423 390 0
423 389 0
424 388 0
424 387 0
425 386 0
425 385 0
426 384 0
427 383 0
427 382 0
427 381 0
428 380 0
428 379 0
429 378 0
429 377 0
430 376 0
430 375 0
430 374 0
431 373 0
431 372 0
432 371 0
432 370 0
433 369 0
433 368 0
434 367 0
434 366 0
434 365 0
435 364 0
435 363 0
436 362 0
436 361 0
436 360 0
437 359 0
437 358 0
438 357 0
438 356 0
439 355 0
439 354 0
440 353 0
440 352 0
441 351 0
441 350 0
442 349 0
442 348 0
443 347 0
444 346 0
444 345 0
444 344 0
445 343 0
445 342 0
446 341 0
446 340 0
446 339 0
447 338 0
447 337 0
447 336 0
447 335 0
448 334 0
448 333 0
449 332 0
449 331 0
449 330 0
450 329 0
450 328 0
451 327 0
451 326 0
452 325 0
452 324 0
452 323 0
453 322 0
453 321 0
454 320 0
454 319 0
454 318 0
455 317 0
455 316 0
455 315 0
455 314 0
456 313 0
456 312 0
456 311 0
456 310 0
457 309 0
457 308 0
457 307 0
458 306 0
458 305 0
458 304 0
459 303 0
459 302 0
459 301 0
459 300 0
460 299 0
460 298 0
460 297 0
460 296 0
461 295 0
461 294 0
461 293 0
461 292 0
462 291 0
462 290 0
462 289 0
463 288 0
463 287 0
463 286 0
463 285 0
464 284 0
464 283 0
464 282 0
465 281 0
465 280 0
465 279 0
465 278 0
466 277 0
466 276 0
466 275 0
466 274 0
467 273 0
467 272 0
467 271 0
468 270 0
468 269 0
468 268 0
468 267 0
468 266 0
469 265 0
469 264 0
469 263 0
469 262 0
469 261 0
470 260 0
470 259 0
470 258 0
470 257 0
470 256 0
471 255 0
471 254 0
471 253 0
471 252 0
472 251 0
472 250 0
472 249 0
472 248 0
473 247 0
473 246 0
473 245 0
473 244 0
473 243 0
474 242 0
474 241 0
474 240 0
475 239 0
475 238 0
475 237 0
475 236 0
476 235 0
476 234 0
476 233 0
477 232 0
477 231 0
477 230 0
477 229 0
478 228 0
478 227 0
479 226 0
479 225 0
480 224 0
480 223 0
480 222 0
481 221 0
481 220 0
481 219 0
482 218 0
482 217 0
483 216 0
484 215 0
484 214 0
484 213 0
485 213 0
486 212 0
487 212 0
488 211 0
489 211 0
490 210 0
491 209 0
492 208 0
493 207 0
494 206 0
494 205 0
495 204 0
495 203 0
496 202 0
496 201 0
496 200 0
497 199 0
497 198 0
497 197 0
497 196 0
497 195 0
497 194 0
497 193 0
498 192 0
498 191 0
498 190 0
498 189 0
498 188 0
499 187 0
500 186 0
501 185 0
501 184 0
502 183 0
502 182 0
503 181 0
503 180 0
504 179 0
504 178 0
505 177 0
506 176 0
507 175 0
507 174 0
508 173 0
509 173 0
510 172 0
511 171 0
512 170 0
513 169 0
514 168 0
514 167 0
514 166 0
515 165 0
515 164 0
516 163 0
516 162 0
517 161 0
517 160 0
517 159 0
517 158 0
518 157 0
518 156 0
518 155 0
519 154 0
519 153 0
520 152 0
520 151 0
520 152 0
520 153 0
519 154 0
519 155 0
518 156 0
518 157 0
517 158 0
517 159 0
517 160 0
517 161 0
516 162 0
516 163 0
516 164 0
515 165 0
515 166 0
514 167 0
514 168 0
513 169 0
513 170 0
512 171 0
511 172 0
510 173 0
509 173 0
508 174 0
507 175 0
506 176 0
506 177 0
505 178 0
504 179 0
504 180 0
503 181 0
502 182 0
502 183 0
502 184 0
501 185 0
501 186 0
500 187 0
499 188 0
498 189 0
498 190 0
498 191 0
498 192 0
497 193 0
497 194 0
497 195 0
497 196 0
497 197 0
497 198 0
497 199 0
497 200 0
496 201 0
496 202 0
495 203 0
495 204 0
494 205 0
494 206 0
493 207 0
493 208 0
492 209 0
491 210 0
490 211 0
489 211 0
488 211 0
487 212 0
486 212 0
485 213 0
484 214 0
484 215 0
483 216 0
483 217 0
482 218 0
482 219 0
481 220 0
481 221 0
480 222 0
480 223 0
480 224 0
479 225 0
479 226 0
479 227 0
478 228 0
478 229 0
477 230 0
477 231 0
477 232 0
476 233 0
476 234 0
476 235 0
475 236 0
475 237 0
475 238 0
475 239 0
475 240 0
474 241 0
474 242 0
473 243 0
473 244 0
473 245 0
473 246 0
473 247 0
472 248 0
472 249 0
472 250 0
472 251 0
471 252 0
471 253 0
471 254 0
471 255 0
470 256 0
470 257 0
470 258 0
470 259 0
470 260 0
469 261 0
469 262 0
469 263 0
469 264 0
469 265 0
468 266 0
468 267 0
468 268 0
468 269 0
468 270 0
467 271 0
467 272 0
467 273 0
466 274 0
466 275 0
466 276 0
466 277 0
465 278 0
465 279 0
465 280 0
465 281 0
465 282 0
464 283 0
464 284 0
463 285 0
463 286 0
463 287 0
463 288 0
463 289 0
462 290 0
462 291 0
461 292 0
461 293 0
461 294 0
461 295 0
460 296 0
460 297 0
460 298 0
460 299 0
459 300 0
459 301 0
459 302 0
459 303 0
458 304 0
458 305 0
458 306 0
457 307 0
457 308 0
457 309 0
457 310 0
456 311 0
456 312 0
456 313 0
455 314 0
455 315 0
455 316 0
455 317 0
454 318 0
454 319 0
454 320 0
453 321 0
453 322 0
453 323 0
452 324 0
452 325 0
452 326 0
451 327 0
451 328 0
450 329 0
450 330 0
449 331 0
449 332 0
448 333 0
448 334 0
447 335 0
447 336 0
447 337 0
447 338 0
446 339 0
446 340 0
446 341 0
445 342 0
445 343 0
445 344 0
444 345 0
444 346 0
443 347 0
443 348 0
442 349 0
442 350 0
441 351 0
441 352 0
440 353 0
440 354 0
439 355 0
439 356 0
438 357 0
438 358 0
437 359 0
437 360 0
436 361 0
436 362 0
435 363 0
435 364 0
434 365 0
434 366 0
434 367 0
433 368 0
433 369 0
433 370 0
432 371 0
432 372 0
431 373 0
431 374 0
430 375 0
430 376 0
430 377 0
429 378 0
429 379 0
428 380 0
428 381 0
427 382 0
427 383 0
426 384 0
426 385 0
425 386 0
425 387 0
424 388 0
424 389 0
423 390 0
423 391 0
422 392 0
421 393 0
421 394 0
421 395 0
420 396 0
420 397 0
419 398 0
419 399 0
418 400 0
418 401 0
417 402 0
417 403 0
416 404 0
416 405 0
415 406 0
415 407 0
414 408 0
414 409 0
413 410 0
413 411 0
412 412 0
411 413 0
411 414 0
410 415 0
409 416 0
409 417 0
408 418 0
408 419 0
407 420 0
406 421 0
405 422 0
404 423 0
403 424 0
402 425 0
401 426 0
400 426 0
399 427 0
398 427 0
386 434 0
387 435 0
388 435 0
389 434 0
388 433 0
387 433 0
372 436 0
373 436 0
374 436 0
375 436 0
376 436 0
377 436 0
378 436 0
379 436 0
380 436 0
381 436 0
382 436 0
383 435 0
384 435 0
385 435 0
386 434 0
386 433 0
387 433 0
388 433 0
389 434 0
390 433 0
391 433 0
392 433 0
393 432 0
394 432 0
395 432 0
396 431 0
397 431 0
398 430 0
399 430 0
400 429 0
401 429 0
402 428 0
403 427 0
404 426 0
405 426 0
406 425 0
407 424 0
408 423 0
409 422 0
409 421 0
410 420 0
411 419 0
411 418 0
412 417 0
413 416 0
413 415 0
414 414 0
415 413 0
415 412 0
416 411 0
416 410 0
417 409 0
417 408 0
418 407 0
418 406 0
419 405 0
419 404 0
420 403 0
420 402 0
421 401 0
421 400 0
422 399 0
422 398 0
423 397 0
424 396 0
425 395 0
425 394 0
426 393 0
426 392 0
426 391 0
427 390 0
427 389 0
428 388 0
428 387 0
428 386 0
429 385 0
429 384 0
430 383 0
430 382 0
430 381 0
431 380 0
431 379 0
432 378 0
433 377 0
433 376 0
434 375 0
434 374 0
434 373 0
435 372 0
435 371 0
436 370 0
436 369 0
437 368 0
437 367 0
437 366 0
438 365 0
438 364 0
438 363 0
439 362 0
439 361 0
440 360 0
440 359 0
441 358 0
441 357 0
442 356 0
442 355 0
443 354 0
444 353 0
444 352 0
444 351 0
445 350 0
445 349 0
446 348 0
446 347 0
447 346 0
447 345 0
448 344 0
448 343 0
448 342 0
449 341 0
449 340 0
449 339 0
450 338 0
450 337 0
450 336 0
450 335 0
451 334 0
451 333 0
452 332 0
452 331 0
453 330 0
453 329 0
454 328 0
454 327 0
454 326 0
455 325 0
456 324 0
456 323 0
456 322 0
456 321 0
457 320 0
457 319 0
457 318 0
458 317 0
458 316 0
458 315 0
458 314 0
459 313 0
459 312 0
459 311 0
460 310 0
460 309 0
460 308 0
460 307 0
461 306 0
461 305 0
461 304 0
462 303 0
462 302 0
462 301 0
462 300 0
463 299 0
463 298 0
463 297 0
463 296 0
464 295 0
464 294 0
464 293 0
465 292 0
465 291 0
465 290 0
465 289 0
466 288 0
466 287 0
466 286 0
466 285 0
467 284 0
467 283 0
467 282 0
468 281 0
468 280 0
468 279 0
469 278 0
469 277 0
469 276 0
469 275 0
470 274 0
470 273 0
470 272 0
471 271 0
471 270 0
471 269 0
471 268 0
472 267 0
472 266 0
473 265 0
474 264 0
474 263 0
474 262 0
474 261 0
474 260 0
475 259 0
475 258 0
475 257 0
476 256 0
476 255 0
476 254 0
476 253 0
476 252 0
476 251 0
476 250 0
476 249 0
476 248 0
476 247 0
476 246 0
476 245 0
477 244 0
477 243 0
477 242 0
478 241 0
478 240 0
479 239 0
479 238 0
479 237 0
479 236 0
479 235 0
479 234 0
480 233 0
480 232 0
480 231 0
481 230 0
481 229 0
482 228 0
482 227 0
482 226 0
483 225 0
483 224 0
483 223 0
484 222 0
484 221 0
485 220 0
485 219 0
486 218 0
486 217 0
487 216 0
487 215 0
488 214 0
489 214 0
490 214 0
491 213 0
492 212 0
493 211 0
494 210 0
495 209 0
496 208 0
496 207 0
497 206 0
498 205 0
498 204 0
498 203 0
499 202 0
499 201 0
499 200 0
500 199 0
500 198 0
500 197 0
500 196 0
500 195 0
501 194 0
501 193 0
501 192 0
501 191 0
501 190 0
502 189 0
502 188 0
503 187 0
504 186 0
504 185 0
505 184 0
505 183 0
506 182 0
506 181 0
507 180 0
507 179 0
508 178 0
509 177 0
510 176 0
511 175 0
512 174 0
513 173 0
514 172 0
515 171 0
516 170 0
516 169 0
517 168 0
517 167 0
518 166 0
518 165 0
519 164 0
519 163 0
519 162 0
520 161 0
520 160 0
520 159 0
520 158 0
521 157 0
521 156 0
522 155 0
522 154 0
522 153 0
522 152 0
522 153 0
522 154 0
522 155 0
521 156 0
521 157 0
521 158 0
520 159 0
520 160 0
520 161 0
519 162 0
519 163 0
519 164 0
518 165 0
518 166 0
517 167 0
517 168 0
517 169 0
516 170 0
516 171 0
515 172 0
514 173 0
513 174 0
512 175 0
511 176 0
510 177 0
509 178 0
508 179 0
507 180 0
507 181 0
506 182 0
506 183 0
505 184 0
505 185 0
504 186 0
504 187 0
503 188 0
502 189 0
502 190 0
501 191 0
501 192 0
501 193 0
501 194 0
500 195 0
500 196 0
500 197 0
500 198 0
500 199 0
499 200 0
499 201 0
499 202 0
498 203 0
498 204 0
498 205 0
498 206 0
497 207 0
496 208 0
496 209 0
495 210 0
494 211 0
493 212 0
492 213 0
491 213 0
490 214 0
489 214 0
488 215 0
487 216 0
487 217 0
486 218 0
486 219 0
485 220 0
485 221 0
484 222 0
483 223 0
483 224 0
483 225 0
482 226 0
482 227 0
482 228 0
481 229 0
481 230 0
480 231 0
480 232 0
480 233 0
480 234 0
479 235 0
479 236 0
479 237 0
479 238 0
479 239 0
478 240 0
478 241 0
477 242 0
477 243 0
477 244 0
476 245 0
476 246 0
476 247 0
476 248 0
476 249 0
476 250 0
476 251 0
476 252 0
476 253 0
476 254 0
476 255 0
476 256 0
475 257 0
475 258 0
475 259 0
474 260 0
474 261 0
474 262 0
474 263 0
474 264 0
473 265 0
472 266 0
472 267 0
471 268 0
471 269 0
471 270 0
471 271 0
470 272 0
470 273 0
470 274 0
469 275 0
469 276 0
469 277 0
469 278 0
468 279 0
468 280 0
468 281 0
467 282 0
467 283 0
467 284 0
466 285 0
466 286 0
466 287 0
466 288 0
465 289 0
465 290 0
465 291 0
465 292 0
464 293 0
464 294 0
464 295 0
464 296 0
463 297 0
463 298 0
463 299 0
462 300 0
462 301 0
462 302 0
462 303 0
461 304 0
461 305 0
461 306 0
460 307 0
460 308 0
460 309 0
460 310 0
459 311 0
459 312 0
459 313 0
458 314 0
458 315 0
458 316 0
458 317 0
457 318 0
457 319 0
457 320 0
456 321 0
456 322 0
456 323 0
456 324 0
455 325 0
454 326 0
454 327 0
454 328 0
453 329 0
453 330 0
453 331 0
452 332 0
452 333 0
451 334 0
451 335 0
450 336 0
450 337 0
450 338 0
449 339 0
449 340 0
449 341 0
449 342 0
448 343 0
448 344 0
447 345 0
447 346 0
446 347 0
446 348 0
445 349 0
445 350 0
445 351 0
444 352 0
444 353 0
443 354 0
443 355 0
442 356 0
442 357 0
441 358 0
441 359 0
440 360 0
440 361 0
439 362 0
439 363 0
438 364 0
438 365 0
437 366 0
437 367 0
437 368 0
436 369 0
436 370 0
436 371 0
435 372 0
435 373 0
434 374 0
434 375 0
433 376 0
433 377 0
433 378 0
432 379 0
431 380 0
431 381 0
430 382 0
430 383 0
430 384 0
429 385 0
429 386 0
428 387 0
428 388 0
427 389 0
427 390 0
427 391 0
426 392 0
426 393 0
426 394 0
425 395 0
425 396 0
424 397 0
423 398 0
422 399 0
422 400 0
421 401 0
421 402 0
420 403 0
420 404 0
419 405 0
419 406 0
418 407 0
418 408 0
417 409 0
417 410 0
416 411 0
416 412 0
415 413 0
415 414 0
414 415 0
413 416 0
413 417 0
412 418 0
411 419 0
411 420 0
410 421 0
409 422 0
409 423 0
408 424 0
407 425 0
406 426 0
405 426 0
404 427 0
403 428 0
402 428 0
401 429 0
400 430 0
399 430 0
398 430 0
397 431 0
396 432 0
395 432 0
394 432 0
393 432 0
392 433 0
391 433 0
390 434 0
389 435 0
388 435 0
387 435 0
386 435 0
385 435 0
384 435 0
383 435 0
382 436 0
381 436 0
380 436 0
379 436 0
378 436 0
377 436 0
376 436 0
375 436 0
374 436 0
373 436 0
