492 206 0
493 207 0
494 206 0
495 205 0
495 204 0
496 203 0
496 202 0
497 201 0
497 200 0
497 199 0
497 198 0
498 197 0
498 196 0
498 195 0
498 194 0
498 193 0
498 192 0
498 191 0
498 190 0
497 189 0
498 189 0
499 188 0
499 187 0
499 186 0
500 185 0
500 184 0
501 183 0
501 182 0
502 181 0
503 180 0
503 179 0
504 178 0
504 177 0
505 176 0
506 175 0
506 174 0
507 173 0
507 172 0
508 171 0
508 170 0
509 169 0
509 168 0
510 167 0
511 166 0
511 165 0
510 164 0
509 165 0
508 166 0
507 167 0
506 168 0
506 169 0
505 170 0
505 171 0
504 172 0
504 173 0
503 174 0
503 175 0
502 176 0
501 177 0
501 178 0
500 179 0
499 180 0
499 181 0
498 182 0
498 183 0
497 184 0
496 185 0
496 186 0
496 187 0
495 188 0
495 189 0
495 190 0
495 191 0
495 192 0
495 193 0
495 194 0
495 195 0
495 196 0
495 197 0
495 198 0
494 199 0
494 200 0
494 201 0
493 202 0
493 203 0
492 204 0
491 205 0
487 208 0
488 209 0
489 209 0
490 209 0
491 208 0
492 207 0
492 206 0
491 205 0
490 205 0
489 206 0
488 206 0
487 207 0
398 431 0
399 432 0
400 431 0
401 430 0
400 429 0
399 429 0
398 430 0
388 433 0
389 433 0
390 433 0
391 433 0
392 433 0
393 432 0
394 432 0
395 432 0
396 432 0
397 432 0
398 431 0
398 430 0
398 429 0
399 429 0
400 429 0
401 429 0
402 430 0
403 429 0
404 429 0
405 428 0
406 428 0
407 428 0
408 427 0
409 426 0
410 426 0
411 426 0
412 425 0
413 424 0
414 424 0
415 423 0
416 422 0
417 421 0
418 421 0
419 420 0
420 419 0
421 419 0
422 418 0
423 417 0
424 416 0
425 415 0
426 414 0
427 413 0
428 412 0
429 412 0
430 411 0
431 410 0
431 409 0
432 408 0
433 407 0
434 406 0
435 405 0
436 404 0
437 403 0
437 402 0
438 401 0
438 400 0
439 399 0
440 398 0
440 397 0
441 396 0
442 395 0
443 394 0
444 393 0
444 392 0
444 391 0
445 390 0
445 389 0
446 388 0
447 387 0
447 386 0
448 385 0
448 384 0
449 383 0
449 382 0
450 381 0
451 380 0
450 379 0
451 378 0
451 377 0
452 376 0
452 375 0
452 374 0
452 373 0
453 372 0
453 371 0
453 370 0
454 369 0
454 368 0
454 367 0
455 366 0
455 365 0
455 364 0
455 363 0
455 362 0
456 361 0
456 360 0
456 359 0
457 358 0
457 357 0
457 356 0
457 355 0
458 354 0
458 353 0
458 352 0
458 351 0
458 350 0
458 349 0
459 348 0
459 347 0
459 346 0
459 345 0
459 344 0
459 343 0
460 342 0
460 341 0
460 340 0
460 339 0
460 338 0
460 337 0
461 336 0
461 335 0
461 334 0
461 333 0
461 332 0
462 331 0
462 330 0
462 329 0
462 328 0
462 327 0
462 326 0
462 325 0
463 324 0
463 323 0
463 322 0
463 321 0
463 320 0
463 319 0
463 318 0
463 317 0
464 316 0
464 315 0
464 314 0
464 313 0
464 312 0
464 311 0
465 310 0
465 309 0
465 308 0
465 307 0
465 306 0
465 305 0
466 304 0
466 303 0
466 302 0
466 301 0
466 300 0
466 299 0
467 298 0
467 297 0
467 296 0
467 295 0
467 294 0
467 293 0
468 292 0
468 291 0
468 290 0
468 289 0
468 288 0
469 287 0
469 286 0
469 285 0
469 284 0
470 283 0
470 282 0
470 281 0
470 280 0
470 279 0
470 278 0
470 277 0
471 276 0
471 275 0
471 274 0
471 273 0
471 272 0
472 271 0
472 270 0
472 269 0
473 268 0
474 267 0
474 266 0
475 265 0
475 264 0
475 263 0
475 262 0
476 261 0
476 260 0
476 259 0
476 258 0
476 257 0
476 256 0
476 255 0
476 254 0
475 253 0
476 252 0
476 251 0
477 250 0
477 249 0
477 248 0
477 247 0
477 246 0
477 245 0
477 244 0
477 243 0
477 242 0
477 241 0
478 240 0
478 239 0
478 238 0
478 237 0
478 236 0
478 235 0
479 234 0
479 233 0
479 232 0
480 231 0
480 230 0
480 229 0
480 228 0
481 227 0
481 226 0
481 225 0
482 224 0
482 223 0
482 222 0
483 221 0
483 220 0
483 219 0
484 218 0
484 217 0
484 216 0
485 215 0
485 214 0
485 213 0
486 212 0
486 211 0
487 210 0
487 209 0
487 208 0
486 207 0
485 207 0
484 208 0
484 209 0
483 210 0
483 211 0
483 212 0
482 213 0
482 214 0
481 215 0
481 216 0
481 217 0
480 218 0
480 219 0
480 220 0
479 221 0
479 222 0
478 223 0
478 224 0
478 225 0
478 226 0
477 227 0
477 228 0
477 229 0
476 230 0
476 231 0
476 232 0
475 233 0
475 234 0
475 235 0
475 236 0
475 237 0
475 238 0
474 239 0
474 240 0
474 241 0
474 242 0
474 243 0
473 244 0
473 245 0
473 246 0
473 247 0
473 248 0
473 249 0
473 250 0
473 251 0
472 252 0
472 253 0
472 254 0
472 255 0
471 256 0
471 257 0
471 258 0
471 259 0
471 260 0
471 261 0
471 262 0
470 263 0
470 264 0
470 265 0
470 266 0
470 267 0
469 268 0
469 269 0
469 270 0
468 271 0
468 272 0
468 273 0
468 274 0
467 275 0
467 276 0
467 277 0
467 278 0
467 279 0
467 280 0
467 281 0
466 282 0
466 283 0
466 284 0
466 285 0
466 286 0
466 287 0
465 288 0
465 289 0
465 290 0
465 291 0
465 292 0
464 293 0
464 294 0
464 295 0
464 296 0
463 297 0
463 298 0
463 299 0
463 300 0
463 301 0
463 302 0
462 303 0
462 304 0
462 305 0
462 306 0
462 307 0
462 308 0
462 309 0
461 310 0
461 311 0
461 312 0
461 313 0
461 314 0
461 315 0
461 316 0
461 317 0
460 318 0
460 319 0
460 320 0
460 321 0
460 322 0
460 323 0
459 324 0
459 325 0
459 326 0
459 327 0
459 328 0
459 329 0
459 330 0
459 331 0
459 332 0
458 333 0
458 334 0
458 335 0
458 336 0
457 337 0
457 338 0
457 339 0
457 340 0
457 341 0
456 342 0
456 343 0
456 344 0
456 345 0
456 346 0
456 347 0
455 348 0
455 349 0
455 350 0
455 351 0
455 352 0
455 353 0
454 354 0
454 355 0
454 356 0
454 357 0
453 358 0
453 359 0
453 360 0
452 361 0
452 362 0
452 363 0
452 364 0
452 365 0
451 366 0
451 367 0
451 368 0
451 369 0
450 370 0
450 371 0
449 372 0
449 373 0
449 374 0
449 375 0
448 376 0
448 377 0
447 378 0
447 379 0
446 380 0
446 381 0
445 382 0
445 383 0
444 384 0
444 385 0
444 386 0
443 387 0
443 388 0
442 389 0
442 390 0
441 391 0
440 392 0
440 393 0
440 394 0
439 395 0
438 396 0
437 397 0
437 398 0
436 399 0
435 400 0
434 401 0
434 402 0
433 403 0
432 404 0
432 405 0
431 406 0
430 407 0
429 408 0
428 409 0
427 410 0
426 411 0
425 412 0
424 413 0
423 414 0
422 415 0
421 416 0
420 416 0
419 417 0
418 418 0
417 419 0
416 419 0
415 420 0
414 421 0
414 420 0
415 419 0
416 419 0
417 418 0
418 417 0
419 417 0
420 416 0
421 415 0
422 414 0
423 413 0
424 412 0
425 411 0
426 410 0
427 409 0
428 408 0
429 407 0
430 406 0
431 405 0
432 404 0
432 403 0
433 402 0
434 401 0
434 400 0
435 399 0
436 398 0
437 397 0
437 396 0
438 395 0
439 394 0
440 393 0
440 392 0
441 391 0
441 390 0
442 389 0
442 388 0
443 387 0
444 386 0
444 385 0
444 384 0
445 383 0
445 382 0
445 381 0
446 380 0
446 379 0
447 378 0
448 377 0
448 376 0
448 375 0
449 374 0
449 373 0
449 372 0
450 371 0
450 370 0
451 369 0
451 368 0
451 367 0
451 366 0
452 365 0
452 364 0
452 363 0
452 362 0
452 361 0
452 360 0
453 359 0
453 358 0
454 357 0
454 356 0
454 355 0
454 354 0
455 353 0
455 352 0
455 351 0
455 350 0
455 349 0
455 348 0
456 347 0
456 346 0
456 345 0
456 344 0
456 343 0
456 342 0
457 341 0
457 340 0
457 339 0
457 338 0
457 337 0
458 336 0
458 335 0
458 334 0
458 333 0
458 332 0
459 331 0
459 330 0
459 329 0
459 328 0
459 327 0
459 326 0
459 325 0
459 324 0
460 323 0
460 322 0
460 321 0
460 320 0
460 319 0
460 318 0
461 317 0
461 316 0
461 315 0
461 314 0
461 313 0
461 312 0
461 311 0
461 310 0
462 309 0
462 308 0
462 307 0
462 306 0
462 305 0
462 304 0
462 303 0
463 302 0
463 301 0
463 300 0
463 299 0
463 298 0
463 297 0
464 296 0
464 295 0
464 294 0
464 293 0
465 292 0
465 291 0
465 290 0
465 289 0
465 288 0
466 287 0
466 286 0
466 285 0
466 284 0
466 283 0
466 282 0
467 281 0
467 280 0
467 279 0
467 278 0
467 277 0
467 276 0
467 275 0
468 274 0
468 273 0
468 272 0
468 271 0
468 270 0
469 269 0
469 268 0
470 267 0
470 266 0
470 265 0
470 264 0
470 263 0
471 262 0
471 261 0
471 260 0
471 259 0
471 258 0
471 257 0
471 256 0
472 255 0
472 254 0
472 253 0
472 252 0
472 251 0
473 250 0
473 249 0
473 248 0
473 247 0
473 246 0
473 245 0
473 244 0
474 243 0
474 242 0
474 241 0
474 240 0
474 239 0
475 238 0
475 237 0
475 236 0
475 235 0
475 234 0
475 233 0
476 232 0
476 231 0
476 230 0
477 229 0
477 228 0
477 227 0
478 226 0
478 225 0
478 224 0
478 223 0
479 222 0
479 221 0
479 220 0
480 219 0
480 218 0
481 217 0
481 216 0
481 215 0
481 214 0
482 213 0
483 212 0
483 211 0
483 210 0
484 209 0
484 208 0
484 207 0
485 207 0
486 207 0
487 207 0
488 206 0
489 205 0
490 205 0
491 204 0
492 203 0
493 202 0
494 201 0
494 200 0
494 199 0
495 198 0
495 197 0
495 196 0
495 195 0
495 194 0
495 193 0
495 192 0
495 191 0
495 190 0
495 189 0
495 188 0
496 187 0
496 186 0
496 185 0
496 184 0
497 183 0
498 182 0
498 181 0
499 180 0
499 179 0
500 178 0
501 177 0
501 176 0
502 175 0
503 174 0
503 173 0
504 172 0
504 171 0
505 170 0
506 169 0
506 168 0
506 167 0
507 166 0
508 165 0
509 165 0
510 164 0
511 164 0
512 163 0
513 163 0
514 162 0
515 161 0
515 160 0
516 159 0
517 158 0
517 157 0
517 156 0
518 155 0
518 154 0
518 153 0
518 152 0
518 151 0
518 150 0
518 149 0
519 148 0
519 147 0
520 146 0
520 145 0
521 144 0
521 143 0
522 142 0
522 141 0
523 140 0
524 139 0
524 138 0
525 137 0
526 136 0
526 135 0
526 134 0
527 133 0
527 132 0
528 131 0
529 130 0
529 129 0
529 128 0
530 127 0
531 126 0
531 125 0
531 124 0
532 123 0
532 122 0
532 121 0
533 120 0
534 119 0
535 118 0
535 117 0
536 116 0
536 115 0
537 114 0
537 113 0
538 112 0
539 111 0
539 110 0
539 109 0
540 108 0
540 107 0
541 106 0
541 105 0
542 104 0
542 103 0
543 102 0
543 101 0
543 100 0
544 99 0
544 98 0
545 97 0
545 96 0
546 95 0
546 94 0
546 93 0
547 92 0
547 91 0
547 90 0
548 89 0
547 90 0
547 91 0
547 92 0
547 93 0
546 94 0
546 95 0
545 96 0
545 97 0
545 98 0
544 99 0
544 100 0
543 101 0
543 102 0
542 103 0
542 104 0
542 105 0
541 106 0
541 107 0
540 108 0
540 109 0
539 110 0
539 111 0
538 112 0
538 113 0
537 114 0
537 115 0
536 116 0
536 117 0
535 118 0
535 119 0
534 120 0
533 121 0
532 122 0
532 123 0
531 124 0
531 125 0
531 126 0
531 127 0
530 128 0
529 129 0
529 130 0
529 131 0
528 132 0
527 133 0
527 134 0
526 135 0
526 136 0
525 137 0
525 138 0
524 139 0
524 140 0
523 141 0
522 142 0
521 143 0
521 144 0
520 145 0
520 146 0
519 147 0
519 148 0
518 149 0
518 150 0
518 151 0
518 152 0
518 153 0
518 154 0
518 155 0
517 156 0
517 157 0
517 158 0
517 159 0
516 160 0
515 161 0
515 162 0
514 163 0
513 163 0
512 163 0
511 164 0
511 165 0
512 166 0
513 166 0
514 165 0
515 165 0
516 164 0
517 163 0
517 162 0
518 161 0
519 160 0
519 159 0
520 158 0
520 157 0
521 156 0
521 155 0
521 154 0
521 153 0
521 152 0
521 151 0
521 150 0
522 149 0
522 148 0
522 147 0
523 146 0
523 145 0
524 144 0
525 143 0
525 142 0
526 141 0
527 140 0
528 139 0
528 138 0
529 137 0
529 136 0
529 135 0
530 134 0
531 133 0
531 132 0
532 131 0
532 130 0
532 129 0
533 128 0
533 127 0
534 126 0
534 125 0
535 124 0
536 123 0
536 122 0
537 121 0
537 120 0
538 119 0
538 118 0
539 117 0
539 116 0
540 115 0
541 114 0
541 113 0
541 112 0
542 111 0
542 110 0
543 109 0
543 108 0
544 107 0
544 106 0
545 105 0
545 104 0
545 103 0
546 102 0
547 101 0
547 100 0
548 99 0
548 98 0
548 97 0
549 96 0
549 95 0
550 94 0
550 93 0
550 92 0
550 91 0
551 90 0
551 89 0
552 88 0
552 87 0
552 86 0
552 87 0
552 88 0
551 89 0
551 90 0
550 91 0
550 92 0
550 93 0
550 94 0
549 95 0
549 96 0
549 97 0
548 98 0
548 99 0
547 100 0
547 101 0
547 102 0
546 103 0
545 104 0
545 105 0
545 106 0
544 107 0
543 108 0
543 109 0
543 110 0
542 111 0
542 112 0
541 113 0
541 114 0
540 115 0
540 116 0
539 117 0
539 118 0
538 119 0
538 120 0
537 121 0
537 122 0
536 123 0
536 124 0
535 125 0
534 126 0
534 127 0
533 128 0
533 129 0
532 130 0
532 131 0
531 132 0
531 133 0
530 134 0
530 135 0
529 136 0
529 137 0
529 138 0
528 139 0
528 140 0
527 141 0
526 142 0
525 143 0
525 144 0
524 145 0
523 146 0
523 147 0
522 148 0
522 149 0
521 150 0
521 151 0
521 152 0
521 153 0
521 154 0
521 155 0
521 156 0
520 157 0
520 158 0
519 159 0
519 160 0
519 161 0
518 162 0
517 163 0
517 164 0
516 165 0
515 165 0
514 165 0
513 166 0
512 166 0
511 167 0
510 168 0
509 169 0
509 170 0
508 171 0
508 172 0
507 173 0
507 174 0
506 175 0
506 176 0
505 177 0
504 178 0
504 179 0
503 180 0
503 181 0
502 182 0
501 183 0
501 184 0
500 185 0
499 186 0
499 187 0
499 188 0
498 189 0
498 190 0
498 191 0
498 192 0
498 193 0
498 194 0
498 195 0
498 196 0
498 197 0
498 198 0
497 199 0
497 200 0
497 201 0
496 202 0
496 203 0
496 204 0
495 205 0
495 206 0
494 206 0
493 207 0
492 207 0
491 208 0
490 209 0
489 209 0
488 209 0
487 210 0
487 211 0
486 212 0
486 213 0
485 214 0
485 215 0
484 216 0
484 217 0
484 218 0
483 219 0
483 220 0
483 221 0
482 222 0
482 223 0
482 224 0
481 225 0
481 226 0
481 227 0
480 228 0
480 229 0
480 230 0
480 231 0
479 232 0
479 233 0
479 234 0
478 235 0
478 236 0
478 237 0
478 238 0
478 239 0
478 240 0
477 241 0
477 242 0
477 243 0
477 244 0
477 245 0
477 246 0
477 247 0
477 248 0
477 249 0
477 250 0
476 251 0
476 252 0
475 253 0
476 254 0
476 255 0
476 256 0
476 257 0
476 258 0
476 259 0
476 260 0
476 261 0
475 262 0
475 263 0
475 264 0
475 265 0
474 266 0
474 267 0
473 268 0
472 269 0
472 270 0
472 271 0
472 272 0
471 273 0
471 274 0
471 275 0
471 276 0
470 277 0
470 278 0
470 279 0
470 280 0
470 281 0
470 282 0
470 283 0
469 284 0
469 285 0
469 286 0
469 287 0
468 288 0
468 289 0
468 290 0
468 291 0
468 292 0
467 293 0
467 294 0
467 295 0
467 296 0
467 297 0
467 298 0
466 299 0
466 300 0
466 301 0
466 302 0
466 303 0
466 304 0
465 305 0
465 306 0
465 307 0
465 308 0
465 309 0
465 310 0
464 311 0
464 312 0
464 313 0
464 314 0
464 315 0
464 316 0
463 317 0
463 318 0
463 319 0
463 320 0
463 321 0
463 322 0
463 323 0
463 324 0
462 325 0
462 326 0
462 327 0
462 328 0
462 329 0
462 330 0
462 331 0
461 332 0
461 333 0
461 334 0
461 335 0
461 336 0
460 337 0
460 338 0
460 339 0
460 340 0
460 341 0
460 342 0
459 343 0
459 344 0
459 345 0
459 346 0
459 347 0
459 348 0
458 349 0
458 350 0
458 351 0
458 352 0
458 353 0
458 354 0
457 355 0
457 356 0
457 357 0
457 358 0
456 359 0
456 360 0
456 361 0
455 362 0
455 363 0
455 364 0
455 365 0
455 366 0
454 367 0
454 368 0
454 369 0
453 370 0
453 371 0
453 372 0
453 373 0
452 374 0
452 375 0
452 376 0
451 377 0
451 378 0
451 379 0
451 380 0
451 381 0
450 382 0
449 383 0
449 384 0
448 385 0
448 386 0
447 387 0
447 388 0
446 389 0
445 390 0
445 391 0
444 392 0
444 393 0
444 394 0
443 395 0
442 396 0
441 397 0
440 398 0
440 399 0
439 400 0
438 401 0
438 402 0
437 403 0
437 404 0
436 405 0
435 406 0
434 407 0
433 408 0
432 409 0
431 410 0
431 411 0
430 412 0
429 412 0
428 413 0
427 414 0
426 415 0
425 416 0
424 417 0
423 418 0
422 419 0
421 419 0
420 420 0
419 421 0
418 421 0
417 422 0
416 423 0
415 423 0
414 424 0
413 425 0
412 425 0
411 426 0
410 426 0
409 427 0
408 427 0
407 428 0
406 428 0
405 429 0
404 429 0
403 430 0
402 430 0
401 431 0
400 431 0
399 432 0
398 432 0
397 432 0
396 432 0
395 432 0
394 432 0
393 432 0
392 433 0
391 433 0
390 433 0
389 433 0
