520 143 0
521 142 0
521 141 0
521 140 0
521 139 0
522 138 0
522 137 0
523 136 0
524 135 0
524 134 0
525 133 0
526 132 0
526 131 0
526 130 0
527 129 0
528 128 0
528 127 0
529 126 0
530 125 0
530 124 0
531 123 0
531 122 0
532 121 0
532 120 0
533 119 0
534 118 0
534 117 0
535 116 0
535 115 0
536 114 0
536 113 0
537 112 0
537 111 0
538 110 0
538 109 0
539 108 0
539 107 0
540 106 0
540 105 0
541 104 0
541 103 0
542 102 0
542 101 0
543 100 0
543 99 0
544 98 0
544 97 0
544 96 0
545 95 0
545 94 0
546 93 0
545 94 0
545 95 0
544 96 0
544 97 0
544 98 0
543 99 0
543 100 0
543 101 0
542 102 0
542 103 0
541 104 0
541 105 0
540 106 0
540 107 0
539 108 0
539 109 0
538 110 0
538 111 0
537 112 0
537 113 0
536 114 0
535 115 0
535 116 0
535 117 0
534 118 0
533 119 0
533 120 0
532 121 0
532 122 0
531 123 0
531 124 0
530 125 0
530 126 0
529 127 0
528 128 0
527 129 0
527 130 0
526 131 0
526 132 0
526 133 0
525 134 0
524 135 0
524 136 0
523 137 0
522 138 0
522 139 0
521 140 0
521 141 0
521 142 0
462 331 0
463 332 0
464 331 0
464 330 0
464 329 0
464 328 0
464 327 0
464 326 0
465 325 0
465 324 0
465 323 0
465 322 0
465 321 0
465 320 0
465 319 0
465 318 0
465 317 0
465 316 0
466 315 0
466 314 0
466 313 0
466 312 0
466 311 0
466 310 0
466 309 0
466 308 0
466 307 0
466 306 0
467 305 0
467 304 0
467 303 0
467 302 0
467 301 0
467 300 0
468 299 0
468 298 0
468 297 0
468 296 0
468 295 0
468 294 0
468 293 0
469 292 0
469 291 0
469 290 0
469 289 0
470 288 0
470 287 0
470 286 0
470 285 0
470 284 0
470 283 0
471 282 0
471 281 0
471 280 0
471 279 0
471 278 0
471 277 0
471 276 0
472 275 0
472 274 0
472 273 0
472 272 0
472 271 0
472 270 0
473 269 0
473 268 0
473 267 0
473 266 0
474 265 0
474 264 0
475 263 0
475 262 0
476 261 0
476 260 0
476 259 0
477 258 0
477 257 0
477 256 0
477 255 0
477 254 0
477 253 0
477 252 0
477 251 0
476 250 0
476 249 0
477 248 0
477 247 0
477 246 0
477 245 0
477 244 0
477 243 0
477 242 0
477 241 0
478 240 0
478 239 0
478 238 0
478 237 0
478 236 0
479 235 0
479 234 0
479 233 0
479 232 0
480 231 0
480 230 0
480 229 0
480 228 0
480 227 0
481 226 0
481 225 0
481 224 0
482 223 0
482 222 0
482 221 0
483 220 0
483 219 0
484 218 0
484 217 0
485 216 0
485 215 0
485 214 0
486 213 0
486 212 0
487 211 0
487 210 0
488 209 0
488 208 0
489 207 0
488 206 0
487 205 0
486 206 0
485 207 0
485 208 0
484 209 0
484 210 0
484 211 0
483 212 0
483 213 0
482 214 0
482 215 0
481 216 0
481 217 0
481 218 0
480 219 0
480 220 0
479 221 0
479 222 0
479 223 0
478 224 0
478 225 0
477 226 0
477 227 0
477 228 0
477 229 0
476 230 0
476 231 0
476 232 0
476 233 0
475 234 0
475 235 0
475 236 0
475 237 0
475 238 0
474 239 0
474 240 0
474 241 0
474 242 0
474 243 0
474 244 0
474 245 0
474 246 0
473 247 0
473 248 0
473 249 0
473 250 0
473 251 0
473 252 0
473 253 0
472 254 0
472 255 0
472 256 0
472 257 0
472 258 0
471 259 0
471 260 0
471 261 0
471 262 0
471 263 0
471 264 0
470 265 0
470 266 0
470 267 0
470 268 0
469 269 0
469 270 0
469 271 0
469 272 0
469 273 0
469 274 0
469 275 0
468 276 0
468 277 0
468 278 0
468 279 0
468 280 0
468 281 0
468 282 0
467 283 0
467 284 0
467 285 0
467 286 0
467 287 0
466 288 0
466 289 0
466 290 0
466 291 0
466 292 0
465 293 0
465 294 0
465 295 0
465 296 0
465 297 0
465 298 0
465 299 0
464 300 0
464 301 0
464 302 0
464 303 0
464 304 0
464 305 0
463 306 0
463 307 0
463 308 0
463 309 0
463 310 0
463 311 0
463 312 0
463 313 0
463 314 0
462 315 0
462 316 0
462 317 0
462 318 0
462 319 0
462 320 0
462 321 0
462 322 0
462 323 0
462 324 0
461 325 0
461 326 0
461 327 0
461 328 0
461 329 0
461 330 0
406 429 0
407 430 0
408 429 0
409 429 0
410 428 0
411 428 0
412 427 0
413 426 0
414 425 0
415 425 0
416 424 0
417 424 0
418 423 0
419 422 0
420 422 0
421 421 0
422 420 0
423 420 0
424 419 0
425 418 0
426 417 0
427 416 0
428 415 0
429 414 0
430 413 0
431 412 0
432 411 0
433 410 0
434 409 0
435 408 0
436 407 0
437 406 0
438 405 0
438 404 0
439 403 0
440 402 0
441 401 0
441 400 0
442 399 0
443 398 0
444 397 0
444 396 0
445 395 0
446 394 0
446 393 0
447 392 0
447 391 0
448 390 0
448 389 0
448 388 0
449 387 0
450 386 0
450 385 0
451 384 0
451 383 0
452 382 0
452 381 0
452 380 0
453 379 0
454 378 0
454 377 0
454 376 0
454 375 0
455 374 0
455 373 0
456 372 0
456 371 0
456 370 0
456 369 0
457 368 0
457 367 0
457 366 0
458 365 0
458 364 0
458 363 0
458 362 0
459 361 0
459 360 0
459 359 0
460 358 0
460 357 0
460 356 0
460 355 0
460 354 0
460 353 0
461 352 0
461 351 0
461 350 0
461 349 0
461 348 0
461 347 0
461 346 0
461 345 0
461 344 0
462 343 0
462 342 0
462 341 0
463 340 0
463 339 0
463 338 0
463 337 0
463 336 0
463 335 0
463 334 0
463 333 0
463 332 0
462 331 0
461 332 0
460 333 0
460 334 0
460 335 0
460 336 0
460 337 0
460 338 0
460 339 0
459 340 0
459 341 0
459 342 0
459 343 0
459 344 0
458 345 0
458 346 0
458 347 0
458 348 0
458 349 0
458 350 0
457 351 0
457 352 0
457 353 0
457 354 0
457 355 0
457 356 0
457 357 0
456 358 0
456 359 0
456 360 0
455 361 0
455 362 0
455 363 0
455 364 0
454 365 0
454 366 0
454 367 0
453 368 0
453 369 0
453 370 0
452 371 0
452 372 0
452 373 0
451 374 0
451 375 0
451 376 0
450 377 0
450 378 0
450 379 0
449 380 0
449 381 0
448 382 0
447 383 0
447 384 0
447 385 0
446 386 0
446 387 0
445 388 0
445 389 0
444 390 0
444 391 0
443 392 0
443 393 0
442 394 0
441 395 0
441 396 0
440 397 0
439 398 0
439 399 0
438 400 0
437 401 0
436 402 0
436 403 0
435 404 0
434 405 0
433 406 0
433 407 0
432 408 0
431 409 0
430 410 0
429 411 0
428 412 0
427 413 0
426 414 0
425 415 0
424 416 0
423 416 0
422 417 0
421 418 0
420 419 0
419 419 0
418 420 0
417 421 0
416 421 0
415 422 0
414 423 0
413 423 0
412 424 0
411 425 0
410 425 0
409 426 0
408 426 0
407 427 0
406 428 0
403 431 0
404 432 0
405 432 0
406 431 0
407 430 0
406 429 0
405 428 0
404 429 0
403 430 0
403 432 0
403 431 0
403 430 0
403 429 0
404 429 0
405 428 0
406 428 0
407 427 0
408 426 0
409 426 0
410 425 0
411 424 0
412 424 0
413 423 0
414 422 0
415 422 0
416 421 0
417 420 0
418 419 0
419 419 0
420 418 0
421 417 0
422 416 0
423 416 0
424 415 0
425 414 0
426 413 0
427 412 0
428 411 0
429 410 0
430 409 0
431 408 0
432 407 0
433 406 0
434 405 0
434 404 0
435 403 0
436 402 0
436 401 0
437 400 0
438 399 0
439 398 0
439 397 0
440 396 0
441 395 0
441 394 0
442 393 0
443 392 0
443 391 0
444 390 0
445 389 0
445 388 0
445 387 0
446 386 0
446 385 0
447 384 0
447 383 0
448 382 0
449 381 0
449 380 0
450 379 0
450 378 0
450 377 0
451 376 0
451 375 0
451 374 0
452 373 0
452 372 0
452 371 0
453 370 0
453 369 0
453 368 0
454 367 0
454 366 0
454 365 0
455 364 0
455 363 0
455 362 0
455 361 0
456 360 0
456 359 0
456 358 0
457 357 0
457 356 0
457 355 0
457 354 0
457 353 0
457 352 0
457 351 0
458 350 0
458 349 0
458 348 0
458 347 0
458 346 0
458 345 0
459 344 0
459 343 0
459 342 0
459 341 0
459 340 0
460 339 0
460 338 0
460 337 0
460 336 0
460 335 0
460 334 0
460 333 0
460 332 0
461 331 0
461 330 0
461 329 0
461 328 0
461 327 0
461 326 0
461 325 0
462 324 0
462 323 0
462 322 0
462 321 0
462 320 0
462 319 0
462 318 0
462 317 0
462 316 0
462 315 0
463 314 0
463 313 0
463 312 0
463 311 0
463 310 0
463 309 0
463 308 0
463 307 0
463 306 0
464 305 0
464 304 0
464 303 0
464 302 0
464 301 0
464 300 0
465 299 0
465 298 0
465 297 0
465 296 0
465 295 0
465 294 0
465 293 0
466 292 0
466 291 0
466 290 0
466 289 0
466 288 0
467 287 0
467 286 0
467 285 0
467 284 0
467 283 0
468 282 0
468 281 0
468 280 0
468 279 0
468 278 0
468 277 0
468 276 0
469 275 0
469 274 0
469 273 0
469 272 0
469 271 0
469 270 0
469 269 0
470 268 0
470 267 0
470 266 0
470 265 0
471 264 0
471 263 0
471 262 0
471 261 0
471 260 0
471 259 0
472 258 0
472 257 0
472 256 0
472 255 0
472 254 0
473 253 0
473 252 0
473 251 0
473 250 0
473 249 0
473 248 0
473 247 0
474 246 0
474 245 0
474 244 0
474 243 0
474 242 0
474 241 0
474 240 0
474 239 0
475 238 0
475 237 0
475 236 0
475 235 0
475 234 0
476 233 0
476 232 0
476 231 0
476 230 0
477 229 0
477 228 0
477 227 0
477 226 0
478 225 0
478 224 0
478 223 0
479 222 0
479 221 0
479 220 0
480 219 0
480 218 0
481 217 0
481 216 0
482 215 0
482 214 0
482 213 0
483 212 0
483 211 0
484 210 0
484 209 0
485 208 0
485 207 0
485 206 0
486 205 0
487 205 0
488 205 0
489 204 0
488 205 0
488 206 0
489 207 0
490 207 0
491 206 0
491 205 0
491 204 0
491 203 0
492 202 0
493 201 0
493 200 0
494 199 0
494 198 0
494 197 0
494 196 0
494 195 0
494 194 0
494 193 0
494 192 0
494 191 0
494 190 0
494 189 0
494 188 0
495 187 0
495 186 0
496 185 0
496 184 0
496 183 0
496 182 0
497 181 0
497 180 0
497 179 0
497 178 0
498 177 0
499 176 0
499 175 0
500 174 0
501 173 0
502 173 0
503 172 0
504 171 0
505 170 0
506 169 0
506 168 0
506 167 0
506 166 0
506 165 0
507 164 0
507 163 0
508 162 0
509 161 0
509 160 0
510 160 0
511 159 0
512 158 0
513 158 0
514 157 0
515 157 0
516 156 0
517 155 0
517 154 0
518 153 0
518 152 0
519 151 0
519 150 0
519 149 0
520 149 0
519 150 0
519 151 0
519 152 0
518 153 0
518 154 0
517 155 0
517 156 0
516 156 0
515 157 0
514 158 0
513 158 0
512 159 0
511 159 0
510 160 0
509 161 0
509 162 0
508 163 0
507 164 0
507 165 0
506 166 0
506 167 0
506 168 0
506 169 0
505 170 0
505 171 0
504 172 0
503 173 0
502 173 0
501 174 0
500 175 0
499 176 0
499 177 0
498 178 0
497 179 0
497 180 0
497 181 0
496 182 0
496 183 0
496 184 0
496 185 0
495 186 0
495 187 0
494 188 0
494 189 0
494 190 0
494 191 0
494 192 0
494 193 0
494 194 0
494 195 0
494 196 0
494 197 0
494 198 0
494 199 0
494 200 0
493 201 0
493 202 0
492 203 0
491 204 0
491 205 0
492 206 0
493 205 0
494 204 0
495 203 0
496 202 0
496 201 0
497 200 0
497 199 0
497 198 0
497 197 0
497 196 0
497 195 0
497 194 0
497 193 0
497 192 0
497 191 0
497 190 0
497 189 0
498 188 0
498 187 0
498 186 0
499 185 0
499 184 0
499 183 0
500 182 0
500 181 0
501 180 0
501 179 0
502 178 0
502 177 0
503 176 0
504 176 0
505 175 0
506 174 0
507 173 0
507 172 0
508 171 0
508 170 0
509 169 0
509 168 0
509 167 0
510 166 0
510 165 0
510 164 0
511 163 0
512 162 0
512 161 0
513 161 0
514 161 0
515 160 0
516 160 0
517 159 0
518 158 0
519 157 0
519 156 0
520 155 0
521 154 0
521 153 0
522 152 0
522 151 0
522 150 0
523 149 0
523 148 0
523 147 0
523 146 0
523 145 0
524 144 0
523 143 0
524 142 0
524 141 0
525 140 0
525 139 0
526 138 0
526 137 0
527 136 0
528 135 0
528 134 0
529 133 0
529 132 0
530 131 0
530 130 0
531 129 0
531 128 0
532 127 0
533 126 0
533 125 0
534 124 0
534 123 0
535 122 0
536 121 0
536 120 0
537 119 0
537 118 0
538 117 0
539 116 0
539 115 0
539 114 0
540 113 0
541 112 0
541 111 0
542 110 0
542 109 0
542 108 0
543 107 0
543 106 0
544 105 0
544 104 0
545 103 0
545 102 0
546 101 0
546 100 0
547 99 0
547 98 0
547 97 0
548 96 0
548 95 0
549 94 0
549 93 0
549 94 0
548 95 0
548 96 0
547 97 0
547 98 0
547 99 0
547 100 0
546 101 0
545 102 0
545 103 0
544 104 0
544 105 0
543 106 0
543 107 0
543 108 0
542 109 0
542 110 0
541 111 0
541 112 0
540 113 0
540 114 0
539 115 0
539 116 0
539 117 0
538 118 0
537 119 0
537 120 0
536 121 0
536 122 0
535 123 0
534 124 0
534 125 0
533 126 0
533 127 0
532 128 0
531 129 0
531 130 0
530 131 0
530 132 0
529 133 0
529 134 0
528 135 0
528 136 0
527 137 0
526 138 0
526 139 0
525 140 0
524 141 0
524 142 0
524 143 0
524 144 0
523 145 0
523 146 0
523 147 0
523 148 0
523 149 0
522 150 0
522 151 0
522 152 0
521 153 0
521 154 0
520 155 0
520 156 0
519 157 0
519 158 0
518 159 0
517 160 0
516 160 0
515 160 0
514 161 0
513 161 0
512 162 0
512 163 0
511 164 0
510 165 0
510 166 0
509 167 0
509 168 0
509 169 0
509 170 0
508 171 0
508 172 0
507 173 0
507 174 0
506 175 0
505 176 0
504 176 0
503 177 0
502 178 0
502 179 0
501 180 0
501 181 0
500 182 0
499 183 0
499 184 0
499 185 0
498 186 0
498 187 0
498 188 0
497 189 0
497 190 0
497 191 0
497 192 0
497 193 0
497 194 0
497 195 0
497 196 0
497 197 0
497 198 0
497 199 0
497 200 0
496 201 0
496 202 0
496 203 0
495 204 0
494 205 0
493 205 0
492 206 0
491 206 0
490 207 0
489 207 0
488 208 0
488 209 0
487 210 0
487 211 0
486 212 0
486 213 0
486 214 0
485 215 0
485 216 0
485 217 0
484 218 0
484 219 0
483 220 0
482 221 0
482 222 0
482 223 0
481 224 0
481 225 0
481 226 0
480 227 0
480 228 0
480 229 0
480 230 0
480 231 0
479 232 0
479 233 0
479 234 0
479 235 0
478 236 0
478 237 0
478 238 0
478 239 0
478 240 0
477 241 0
477 242 0
477 243 0
477 244 0
477 245 0
477 246 0
477 247 0
477 248 0
476 249 0
476 250 0
477 251 0
477 252 0
477 253 0
477 254 0
477 255 0
477 256 0
477 257 0
477 258 0
476 259 0
476 260 0
476 261 0
475 262 0
475 263 0
474 264 0
474 265 0
473 266 0
473 267 0
473 268 0
473 269 0
472 270 0
472 271 0
472 272 0
472 273 0
472 274 0
472 275 0
472 276 0
471 277 0
471 278 0
471 279 0
471 280 0
471 281 0
471 282 0
470 283 0
470 284 0
470 285 0
470 286 0
470 287 0
470 288 0
469 289 0
469 290 0
469 291 0
469 292 0
468 293 0
468 294 0
468 295 0
468 296 0
468 297 0
468 298 0
468 299 0
467 300 0
467 301 0
467 302 0
467 303 0
467 304 0
467 305 0
466 306 0
466 307 0
466 308 0
466 309 0
466 310 0
466 311 0
466 312 0
466 313 0
466 314 0
466 315 0
465 316 0
465 317 0
465 318 0
465 319 0
465 320 0
465 321 0
465 322 0
465 323 0
465 324 0
465 325 0
464 326 0
464 327 0
464 328 0
464 329 0
464 330 0
464 331 0
463 332 0
463 333 0
463 334 0
463 335 0
463 336 0
463 337 0
463 338 0
463 339 0
463 340 0
462 341 0
462 342 0
462 343 0
462 344 0
461 345 0
461 346 0
461 347 0
461 348 0
461 349 0
461 350 0
461 351 0
461 352 0
460 353 0
460 354 0
460 355 0
460 356 0
460 357 0
460 358 0
459 359 0
459 360 0
459 361 0
458 362 0
458 363 0
458 364 0
458 365 0
457 366 0
457 367 0
457 368 0
456 369 0
456 370 0
456 371 0
456 372 0
455 373 0
455 374 0
455 375 0
454 376 0
454 377 0
454 378 0
453 379 0
453 380 0
452 381 0
452 382 0
452 383 0
451 384 0
451 385 0
450 386 0
450 387 0
449 388 0
448 389 0
448 390 0
448 391 0
447 392 0
447 393 0
446 394 0
446 395 0
445 396 0
444 397 0
444 398 0
443 399 0
442 400 0
441 401 0
441 402 0
440 403 0
439 404 0
438 405 0
438 406 0
437 407 0
436 408 0
435 409 0
434 410 0
433 411 0
432 412 0
431 413 0
430 414 0
429 415 0
428 416 0
427 417 0
426 418 0
425 419 0
424 420 0
423 420 0
422 421 0
421 422 0
420 422 0
419 423 0
418 424 0
417 424 0
416 425 0
415 425 0
414 426 0
413 427 0
412 428 0
411 428 0
410 429 0
409 429 0
408 430 0
407 431 0
406 431 0
405 432 0
404 432 0
