486 211 0
487 212 0
488 211 0
489 210 0
490 210 0
491 210 0
492 209 0
493 208 0
494 207 0
495 206 0
495 205 0
496 204 0
496 203 0
495 202 0
494 201 0
493 202 0
493 203 0
492 204 0
491 205 0
490 206 0
489 206 0
488 207 0
487 208 0
486 209 0
485 210 0
463 290 0
464 291 0
465 291 0
466 290 0
466 289 0
467 288 0
467 287 0
467 286 0
468 285 0
468 284 0
469 283 0
469 282 0
468 281 0
469 280 0
469 279 0
469 278 0
469 277 0
470 276 0
470 275 0
470 274 0
470 273 0
471 272 0
471 271 0
471 270 0
472 269 0
472 268 0
472 267 0
473 266 0
474 265 0
475 264 0
475 263 0
475 262 0
475 261 0
475 260 0
476 259 0
476 258 0
476 257 0
476 256 0
476 255 0
477 254 0
477 253 0
477 252 0
477 251 0
477 250 0
477 249 0
476 248 0
476 247 0
476 246 0
476 245 0
476 244 0
477 243 0
477 242 0
477 241 0
477 240 0
477 239 0
478 238 0
478 237 0
478 236 0
478 235 0
479 234 0
479 233 0
479 232 0
480 231 0
480 230 0
480 229 0
481 228 0
481 227 0
481 226 0
482 225 0
482 224 0
482 223 0
483 222 0
483 221 0
483 220 0
484 219 0
484 218 0
485 217 0
485 216 0
485 215 0
486 214 0
486 213 0
487 212 0
486 211 0
485 210 0
484 211 0
484 212 0
483 213 0
483 214 0
482 215 0
482 216 0
481 217 0
481 218 0
480 219 0
480 220 0
480 221 0
480 222 0
479 223 0
479 224 0
478 225 0
478 226 0
478 227 0
477 228 0
477 229 0
477 230 0
476 231 0
476 232 0
476 233 0
476 234 0
475 235 0
475 236 0
475 237 0
475 238 0
474 239 0
474 240 0
474 241 0
474 242 0
473 243 0
473 244 0
473 245 0
473 246 0
473 247 0
473 248 0
472 249 0
472 250 0
472 251 0
472 252 0
472 253 0
472 254 0
472 255 0
471 256 0
471 257 0
471 258 0
470 259 0
470 260 0
470 261 0
470 262 0
470 263 0
470 264 0
469 265 0
469 266 0
469 267 0
469 268 0
468 269 0
468 270 0
468 271 0
468 272 0
468 273 0
467 274 0
467 275 0
467 276 0
467 277 0
467 278 0
466 279 0
466 280 0
466 281 0
466 282 0
465 283 0
465 284 0
465 285 0
465 286 0
464 287 0
464 288 0
464 289 0
448 368 0
449 369 0
450 369 0
451 368 0
451 367 0
452 366 0
452 365 0
452 364 0
453 363 0
453 362 0
453 361 0
454 360 0
454 359 0
454 358 0
455 357 0
455 356 0
455 355 0
455 354 0
455 353 0
456 352 0
456 351 0
456 350 0
456 349 0
456 348 0
457 347 0
457 346 0
457 345 0
457 344 0
457 343 0
457 342 0
458 341 0
458 340 0
458 339 0
458 338 0
458 337 0
458 336 0
459 335 0
459 334 0
459 333 0
459 332 0
460 331 0
460 330 0
460 329 0
460 328 0
460 327 0
460 326 0
460 325 0
460 324 0
460 323 0
461 322 0
461 321 0
461 320 0
461 319 0
461 318 0
462 317 0
462 316 0
462 315 0
462 314 0
462 313 0
463 312 0
463 311 0
463 310 0
463 309 0
464 308 0
464 307 0
464 306 0
464 305 0
464 304 0
464 303 0
464 302 0
465 301 0
465 300 0
465 299 0
465 298 0
466 297 0
466 296 0
466 295 0
466 294 0
466 293 0
466 292 0
465 291 0
464 291 0
463 292 0
463 293 0
463 294 0
463 295 0
462 296 0
462 297 0
462 298 0
462 299 0
462 300 0
462 301 0
461 302 0
461 303 0
461 304 0
461 305 0
461 306 0
461 307 0
460 308 0
460 309 0
460 310 0
460 311 0
459 312 0
459 313 0
459 314 0
459 315 0
459 316 0
458 317 0
458 318 0
458 319 0
458 320 0
458 321 0
458 322 0
458 323 0
457 324 0
457 325 0
457 326 0
457 327 0
457 328 0
457 329 0
457 330 0
456 331 0
456 332 0
456 333 0
456 334 0
456 335 0
455 336 0
455 337 0
455 338 0
455 339 0
455 340 0
454 341 0
454 342 0
454 343 0
454 344 0
454 345 0
453 346 0
453 347 0
453 348 0
453 349 0
453 350 0
453 351 0
452 352 0
452 353 0
452 354 0
452 355 0
451 356 0
451 357 0
451 358 0
451 359 0
450 360 0
450 361 0
450 362 0
449 363 0
449 364 0
449 365 0
449 366 0
448 367 0
385 434 0
386 434 0
387 434 0
388 434 0
389 434 0
390 434 0
391 434 0
392 434 0
393 433 0
394 433 0
395 432 0
396 432 0
397 431 0
398 431 0
399 431 0
400 430 0
401 430 0
402 429 0
403 429 0
404 429 0
405 428 0
406 428 0
407 427 0
408 426 0
409 426 0
410 425 0
411 425 0
412 424 0
413 423 0
414 422 0
415 422 0
416 421 0
417 420 0
418 420 0
419 419 0
420 418 0
421 417 0
422 416 0
423 416 0
424 415 0
425 414 0
426 413 0
427 412 0
428 411 0
429 410 0
429 409 0
430 408 0
431 407 0
432 406 0
433 405 0
433 404 0
434 403 0
435 402 0
435 401 0
436 400 0
437 399 0
438 398 0
438 397 0
439 396 0
439 395 0
440 394 0
440 393 0
441 392 0
441 391 0
442 390 0
443 389 0
443 388 0
443 387 0
444 386 0
444 385 0
445 384 0
445 383 0
446 382 0
446 381 0
446 380 0
447 379 0
447 378 0
448 377 0
448 376 0
449 375 0
449 374 0
449 373 0
450 372 0
450 371 0
450 370 0
449 369 0
448 369 0
447 370 0
447 371 0
446 372 0
446 373 0
446 374 0
445 375 0
445 376 0
445 377 0
444 378 0
444 379 0
443 380 0
443 381 0
443 382 0
442 383 0
442 384 0
441 385 0
441 386 0
440 387 0
440 388 0
439 389 0
439 390 0
438 391 0
438 392 0
437 393 0
437 394 0
436 395 0
436 396 0
435 397 0
434 398 0
434 399 0
433 400 0
432 401 0
431 402 0
431 403 0
430 404 0
429 405 0
429 406 0
428 407 0
427 408 0
426 409 0
425 410 0
424 411 0
423 412 0
422 413 0
421 414 0
420 415 0
419 416 0
418 416 0
417 417 0
416 418 0
415 419 0
414 419 0
413 420 0
412 421 0
411 421 0
410 422 0
409 423 0
408 423 0
407 424 0
406 424 0
405 425 0
404 425 0
405 425 0
406 424 0
407 424 0
408 423 0
409 423 0
410 422 0
411 421 0
412 420 0
413 420 0
414 419 0
415 418 0
416 417 0
417 417 0
418 416 0
419 415 0
420 414 0
421 413 0
422 412 0
423 411 0
424 410 0
425 409 0
426 408 0
427 407 0
428 406 0
429 405 0
430 404 0
430 403 0
431 402 0
431 401 0
432 400 0
433 399 0
434 398 0
434 397 0
435 396 0
436 395 0
436 394 0
437 393 0
437 392 0
438 391 0
438 390 0
439 389 0
439 388 0
440 387 0
440 386 0
441 385 0
442 384 0
442 383 0
442 382 0
443 381 0
443 380 0
444 379 0
444 378 0
445 377 0
445 376 0
445 375 0
446 374 0
446 373 0
446 372 0
447 371 0
447 370 0
448 369 0
448 368 0
448 367 0
448 366 0
449 365 0
449 364 0
449 363 0
450 362 0
450 361 0
450 360 0
451 359 0
451 358 0
451 357 0
451 356 0
452 355 0
452 354 0
452 353 0
452 352 0
453 351 0
453 350 0
453 349 0
453 348 0
453 347 0
453 346 0
454 345 0
454 344 0
454 343 0
454 342 0
454 341 0
455 340 0
455 339 0
455 338 0
455 337 0
455 336 0
456 335 0
456 334 0
456 333 0
456 332 0
456 331 0
457 330 0
457 329 0
457 328 0
457 327 0
457 326 0
457 325 0
457 324 0
458 323 0
458 322 0
458 321 0
458 320 0
458 319 0
458 318 0
458 317 0
459 316 0
459 315 0
459 314 0
459 313 0
459 312 0
460 311 0
460 310 0
460 309 0
460 308 0
461 307 0
461 306 0
461 305 0
461 304 0
461 303 0
461 302 0
462 301 0
462 300 0
462 299 0
462 298 0
462 297 0
462 296 0
463 295 0
463 294 0
463 293 0
463 292 0
463 291 0
463 290 0
464 289 0
464 288 0
464 287 0
464 286 0
465 285 0
465 284 0
465 283 0
466 282 0
466 281 0
466 280 0
466 279 0
466 278 0
467 277 0
467 276 0
467 275 0
467 274 0
468 273 0
468 272 0
468 271 0
468 270 0
468 269 0
469 268 0
469 267 0
469 266 0
469 265 0
470 264 0
470 263 0
470 262 0
470 261 0
470 260 0
470 259 0
471 258 0
471 257 0
471 256 0
471 255 0
472 254 0
472 253 0
472 252 0
472 251 0
472 250 0
472 249 0
473 248 0
473 247 0
473 246 0
473 245 0
473 244 0
473 243 0
474 242 0
474 241 0
474 240 0
474 239 0
475 238 0
475 237 0
475 236 0
475 235 0
475 234 0
476 233 0
476 232 0
476 231 0
477 230 0
477 229 0
477 228 0
478 227 0
478 226 0
478 225 0
479 224 0
479 223 0
479 222 0
480 221 0
480 220 0
480 219 0
480 218 0
481 217 0
481 216 0
482 215 0
483 214 0
483 213 0
483 212 0
484 211 0
484 210 0
485 209 0
486 208 0
487 207 0
488 206 0
489 206 0
490 205 0
491 204 0
492 203 0
493 202 0
494 201 0
494 200 0
495 199 0
496 198 0
496 197 0
496 196 0
496 195 0
496 194 0
496 193 0
496 192 0
496 191 0
496 190 0
496 189 0
497 188 0
497 187 0
498 186 0
498 185 0
499 184 0
500 183 0
500 182 0
501 181 0
501 180 0
502 179 0
503 178 0
503 177 0
504 176 0
505 175 0
505 174 0
506 173 0
506 172 0
507 171 0
507 170 0
508 169 0
509 169 0
510 169 0
511 169 0
512 168 0
513 167 0
514 166 0
515 165 0
515 164 0
516 163 0
516 162 0
517 161 0
517 160 0
517 159 0
518 158 0
518 157 0
518 156 0
518 155 0
519 154 0
519 153 0
519 152 0
520 151 0
520 150 0
521 149 0
522 148 0
522 147 0
523 146 0
523 145 0
524 144 0
525 143 0
525 142 0
526 141 0
526 140 0
526 139 0
527 138 0
528 137 0
529 136 0
530 135 0
530 134 0
531 133 0
532 132 0
532 131 0
533 130 0
533 129 0
534 128 0
534 127 0
535 126 0
535 125 0
536 124 0
537 123 0
538 122 0
539 121 0
539 120 0
539 119 0
540 118 0
540 117 0
541 116 0
541 115 0
542 114 0
542 113 0
543 112 0
543 111 0
544 110 0
544 109 0
544 108 0
545 107 0
545 106 0
545 105 0
545 104 0
546 103 0
546 102 0
547 101 0
548 100 0
549 99 0
549 98 0
549 99 0
549 100 0
548 101 0
547 102 0
546 103 0
546 104 0
545 105 0
545 106 0
545 107 0
544 108 0
544 109 0
544 110 0
543 111 0
543 112 0
543 113 0
542 114 0
541 115 0
541 116 0
541 117 0
540 118 0
540 119 0
539 120 0
539 121 0
538 122 0
538 123 0
537 124 0
536 125 0
535 126 0
535 127 0
534 128 0
534 129 0
533 130 0
533 131 0
532 132 0
532 133 0
531 134 0
530 135 0
530 136 0
529 137 0
528 138 0
527 139 0
526 140 0
526 141 0
525 142 0
525 143 0
525 144 0
524 145 0
523 146 0
523 147 0
522 148 0
522 149 0
521 150 0
520 151 0
520 152 0
519 153 0
519 154 0
518 155 0
518 156 0
518 157 0
518 158 0
518 159 0
517 160 0
517 161 0
516 162 0
516 163 0
515 164 0
515 165 0
515 166 0
514 167 0
513 168 0
512 168 0
511 169 0
510 169 0
509 169 0
508 170 0
507 171 0
507 172 0
506 173 0
505 174 0
505 175 0
505 176 0
504 177 0
503 178 0
503 179 0
502 180 0
501 181 0
501 182 0
500 183 0
500 184 0
499 185 0
498 186 0
498 187 0
497 188 0
496 189 0
496 190 0
496 191 0
496 192 0
496 193 0
496 194 0
496 195 0
496 196 0
496 197 0
496 198 0
496 199 0
495 200 0
494 201 0
495 202 0
496 203 0
497 202 0
497 201 0
498 200 0
498 199 0
498 198 0
498 197 0
499 196 0
499 195 0
499 194 0
499 193 0
499 192 0
499 191 0
500 190 0
500 189 0
500 188 0
501 187 0
501 186 0
502 185 0
503 184 0
503 183 0
504 182 0
505 181 0
505 180 0
506 179 0
506 178 0
507 177 0
508 176 0
508 175 0
509 174 0
509 173 0
510 172 0
511 171 0
512 171 0
513 171 0
514 170 0
515 169 0
516 168 0
517 167 0
518 166 0
518 165 0
518 164 0
519 163 0
519 162 0
520 161 0
520 160 0
520 159 0
521 158 0
521 157 0
521 156 0
521 155 0
522 154 0
522 153 0
523 152 0
524 151 0
524 150 0
525 149 0
525 148 0
526 147 0
527 146 0
527 145 0
528 144 0
528 143 0
529 142 0
529 141 0
530 140 0
531 139 0
531 138 0
532 137 0
533 136 0
534 135 0
534 134 0
535 133 0
535 132 0
536 131 0
536 130 0
537 129 0
538 128 0
538 127 0
539 126 0
540 125 0
540 124 0
541 123 0
541 122 0
541 121 0
542 120 0
542 119 0
543 118 0
544 117 0
544 116 0
544 115 0
545 114 0
546 113 0
546 112 0
547 111 0
547 110 0
547 109 0
547 108 0
548 107 0
548 106 0
549 105 0
549 104 0
550 103 0
550 102 0
551 101 0
552 100 0
552 99 0
552 100 0
551 101 0
550 102 0
550 103 0
549 104 0
549 105 0
548 106 0
548 107 0
548 108 0
547 109 0
547 110 0
547 111 0
547 112 0
546 113 0
546 114 0
545 115 0
544 116 0
544 117 0
544 118 0
543 118 0
542 119 0
542 120 0
542 121 0
541 122 0
541 123 0
541 124 0
540 125 0
539 126 0
539 127 0
538 128 0
538 129 0
537 130 0
536 131 0
535 132 0
535 133 0
535 134 0
534 135 0
534 136 0
533 137 0
532 138 0
531 139 0
531 140 0
530 141 0
529 142 0
529 143 0
528 144 0
528 145 0
527 146 0
527 147 0
526 148 0
525 149 0
525 150 0
524 151 0
524 152 0
523 153 0
522 154 0
522 155 0
521 156 0
521 157 0
521 158 0
520 159 0
520 160 0
520 161 0
520 162 0
519 163 0
519 164 0
518 165 0
518 166 0
517 167 0
517 168 0
516 169 0
515 170 0
514 170 0
513 171 0
512 171 0
511 172 0
510 173 0
509 174 0
509 175 0
508 176 0
508 177 0
507 178 0
506 179 0
506 180 0
505 181 0
505 182 0
504 183 0
503 184 0
503 185 0
502 186 0
501 187 0
501 188 0
500 189 0
500 190 0
499 191 0
499 192 0
499 193 0
499 194 0
499 195 0
499 196 0
499 197 0
498 198 0
498 199 0
498 200 0
497 201 0
497 202 0
497 203 0
496 204 0
495 205 0
495 206 0
494 207 0
494 208 0
493 209 0
492 209 0
491 210 0
490 210 0
489 210 0
488 211 0
488 212 0
487 213 0
486 214 0
486 215 0
485 216 0
485 217 0
485 218 0
484 219 0
483 220 0
483 221 0
483 222 0
482 223 0
482 224 0
482 225 0
481 226 0
481 227 0
481 228 0
481 229 0
480 230 0
480 231 0
479 232 0
479 233 0
479 234 0
478 235 0
478 236 0
478 237 0
478 238 0
478 239 0
477 240 0
477 241 0
477 242 0
477 243 0
476 244 0
476 245 0
476 246 0
476 247 0
476 248 0
477 249 0
477 250 0
477 251 0
477 252 0
477 253 0
477 254 0
476 255 0
476 256 0
476 257 0
476 258 0
476 259 0
475 260 0
475 261 0
475 262 0
475 263 0
475 264 0
474 265 0
474 266 0
473 266 0
472 267 0
472 268 0
472 269 0
471 270 0
471 271 0
471 272 0
471 273 0
470 274 0
470 275 0
470 276 0
469 277 0
469 278 0
469 279 0
469 280 0
469 281 0
469 282 0
469 283 0
468 284 0
468 285 0
467 286 0
467 287 0
467 288 0
466 289 0
466 290 0
466 291 0
466 292 0
466 293 0
466 294 0
466 295 0
466 296 0
466 297 0
465 298 0
465 299 0
465 300 0
465 301 0
464 302 0
464 303 0
464 304 0
464 305 0
464 306 0
464 307 0
464 308 0
463 309 0
463 310 0
463 311 0
463 312 0
462 313 0
462 314 0
462 315 0
462 316 0
462 317 0
461 318 0
461 319 0
461 320 0
461 321 0
461 322 0
460 323 0
460 324 0
460 325 0
460 326 0
460 327 0
460 328 0
460 329 0
460 330 0
460 331 0
459 332 0
459 333 0
459 334 0
459 335 0
458 336 0
458 337 0
458 338 0
458 339 0
458 340 0
458 341 0
457 342 0
457 343 0
457 344 0
457 345 0
457 346 0
457 347 0
456 348 0
456 349 0
456 350 0
456 351 0
456 352 0
455 353 0
455 354 0
455 355 0
455 356 0
455 357 0
454 358 0
454 359 0
454 360 0
453 361 0
453 362 0
453 363 0
452 364 0
452 365 0
452 366 0
451 367 0
451 368 0
451 369 0
450 370 0
450 371 0
450 372 0
449 373 0
449 374 0
449 375 0
448 376 0
448 377 0
448 378 0
447 379 0
447 380 0
446 381 0
446 382 0
445 383 0
445 384 0
445 385 0
444 386 0
444 387 0
443 388 0
443 389 0
442 390 0
442 391 0
441 392 0
441 393 0
440 394 0
440 395 0
439 396 0
439 397 0
438 398 0
437 399 0
437 400 0
436 401 0
435 402 0
435 403 0
434 404 0
433 405 0
433 406 0
432 407 0
431 408 0
430 409 0
429 410 0
429 411 0
428 412 0
427 413 0
426 414 0
425 415 0
424 416 0
423 416 0
422 417 0
421 418 0
420 419 0
419 420 0
418 420 0
417 421 0
416 422 0
415 422 0
414 423 0
413 424 0
412 424 0
411 425 0
410 426 0
409 426 0
408 427 0
407 427 0
406 428 0
405 428 0
404 429 0
403 429 0
402 429 0
401 430 0
400 431 0
399 431 0
398 431 0
397 432 0
396 432 0
395 433 0
394 433 0
393 433 0
392 434 0
391 434 0
390 434 0
389 434 0
388 434 0
387 434 0
386 434 0
