493 215 0
493 214 0
493 213 0
493 212 0
493 211 0
493 210 0
494 209 0
494 208 0
495 207 0
495 206 0
495 205 0
496 204 0
496 203 0
496 202 0
496 201 0
496 200 0
496 199 0
496 198 0
496 197 0
496 196 0
496 195 0
496 194 0
497 193 0
497 192 0
497 191 0
498 190 0
498 189 0
498 188 0
498 187 0
497 186 0
498 187 0
499 186 0
500 185 0
501 185 0
502 184 0
502 183 0
503 182 0
503 181 0
504 180 0
505 179 0
505 178 0
506 177 0
507 176 0
508 175 0
509 174 0
510 174 0
511 173 0
512 172 0
513 171 0
513 170 0
514 169 0
515 168 0
515 167 0
515 166 0
516 165 0
516 164 0
516 163 0
517 162 0
517 161 0
518 160 0
518 159 0
519 158 0
520 157 0
520 156 0
521 155 0
521 154 0
522 153 0
522 152 0
523 151 0
524 150 0
525 149 0
525 148 0
525 147 0
526 146 0
527 145 0
527 146 0
526 147 0
525 148 0
525 149 0
524 150 0
524 151 0
523 152 0
522 153 0
522 154 0
521 155 0
521 156 0
520 157 0
520 158 0
519 159 0
518 160 0
518 161 0
517 162 0
516 163 0
516 164 0
516 165 0
515 166 0
515 167 0
515 168 0
515 169 0
514 170 0
513 171 0
513 172 0
512 173 0
511 174 0
510 174 0
509 175 0
508 176 0
507 177 0
506 178 0
505 179 0
505 180 0
504 181 0
503 182 0
503 183 0
502 184 0
501 185 0
500 185 0
499 186 0
499 187 0
498 188 0
498 189 0
498 190 0
497 191 0
497 192 0
497 193 0
496 194 0
496 195 0
496 196 0
496 197 0
496 198 0
496 199 0
496 200 0
496 201 0
496 202 0
496 203 0
496 204 0
495 205 0
495 206 0
495 207 0
495 208 0
494 209 0
494 210 0
493 211 0
493 212 0
493 213 0
493 214 0
494 215 0
495 214 0
496 213 0
496 212 0
497 211 0
497 210 0
497 209 0
498 208 0
498 207 0
498 206 0
498 205 0
499 204 0
499 203 0
499 202 0
499 201 0
499 200 0
499 199 0
499 198 0
499 197 0
499 196 0
499 195 0
500 194 0
500 193 0
500 192 0
500 191 0
501 190 0
501 189 0
502 188 0
501 187 0
502 188 0
503 187 0
504 186 0
505 185 0
505 184 0
506 183 0
506 182 0
507 181 0
508 180 0
508 179 0
509 178 0
510 177 0
511 177 0
512 176 0
513 175 0
514 175 0
515 174 0
515 173 0
516 172 0
516 171 0
517 170 0
517 169 0
518 168 0
518 167 0
518 166 0
518 165 0
519 164 0
519 163 0
520 162 0
520 161 0
521 160 0
522 159 0
523 158 0
523 157 0
524 156 0
524 155 0
525 154 0
526 153 0
526 152 0
527 151 0
527 150 0
528 149 0
529 148 0
529 147 0
530 146 0
531 145 0
531 144 0
532 143 0
532 142 0
533 141 0
534 140 0
535 139 0
536 138 0
535 139 0
534 140 0
533 141 0
533 142 0
532 143 0
532 144 0
531 145 0
530 146 0
529 147 0
529 148 0
529 149 0
528 150 0
527 151 0
527 152 0
526 153 0
526 154 0
525 155 0
524 156 0
524 157 0
523 158 0
523 159 0
522 160 0
521 161 0
520 162 0
520 163 0
519 164 0
519 165 0
518 166 0
518 167 0
518 168 0
517 169 0
517 170 0
517 171 0
516 172 0
516 173 0
515 174 0
515 175 0
514 175 0
513 175 0
512 176 0
512 177 0
511 177 0
510 178 0
509 179 0
508 180 0
508 181 0
507 182 0
506 183 0
506 184 0
505 185 0
505 186 0
504 187 0
503 188 0
502 189 0
501 190 0
501 191 0
500 192 0
500 193 0
500 194 0
499 195 0
499 196 0
499 197 0
499 198 0
499 199 0
499 200 0
499 201 0
499 202 0
499 203 0
499 204 0
498 205 0
498 206 0
498 207 0
498 208 0
497 209 0
497 210 0
497 211 0
496 212 0
496 213 0
496 214 0
495 215 0
494 215 0
466 280 0
467 281 0
468 280 0
469 279 0
469 278 0
469 277 0
470 276 0
470 275 0
470 274 0
470 273 0
470 272 0
471 271 0
471 270 0
471 269 0
472 268 0
473 267 0
474 266 0
474 265 0
474 264 0
474 263 0
474 262 0
475 261 0
475 260 0
475 259 0
476 258 0
476 257 0
476 256 0
476 255 0
476 254 0
476 253 0
476 252 0
476 251 0
476 250 0
476 249 0
476 248 0
476 247 0
476 246 0
477 245 0
477 244 0
477 243 0
477 242 0
478 241 0
478 240 0
478 239 0
478 238 0
479 237 0
479 236 0
479 235 0
479 234 0
480 233 0
480 232 0
481 231 0
481 230 0
481 229 0
482 228 0
482 227 0
482 226 0
483 225 0
483 224 0
484 223 0
484 222 0
484 221 0
485 220 0
485 219 0
485 218 0
486 217 0
487 216 0
486 215 0
485 214 0
484 215 0
483 216 0
483 217 0
482 218 0
482 219 0
481 220 0
481 221 0
481 222 0
480 223 0
480 224 0
479 225 0
479 226 0
479 227 0
478 228 0
478 229 0
478 230 0
477 231 0
477 232 0
477 233 0
476 234 0
476 235 0
476 236 0
475 237 0
475 238 0
475 239 0
474 240 0
474 241 0
474 242 0
474 243 0
473 244 0
473 245 0
473 246 0
473 247 0
473 248 0
473 249 0
472 250 0
472 251 0
472 252 0
471 253 0
471 254 0
471 255 0
470 256 0
470 257 0
470 258 0
470 259 0
470 260 0
469 261 0
469 262 0
469 263 0
469 264 0
469 265 0
468 266 0
468 267 0
468 268 0
468 269 0
468 270 0
467 271 0
467 272 0
467 273 0
467 274 0
466 275 0
466 276 0
466 277 0
466 278 0
466 279 0
455 320 0
456 321 0
457 321 0
458 321 0
459 320 0
459 319 0
459 318 0
459 317 0
460 316 0
460 315 0
460 314 0
460 313 0
460 312 0
461 311 0
461 310 0
461 309 0
461 308 0
462 307 0
462 306 0
462 305 0
462 304 0
463 303 0
463 302 0
463 301 0
463 300 0
463 299 0
464 298 0
464 297 0
464 296 0
464 295 0
465 294 0
465 293 0
465 292 0
466 291 0
466 290 0
466 289 0
466 288 0
467 287 0
467 286 0
467 285 0
467 284 0
467 283 0
468 282 0
467 281 0
466 280 0
465 281 0
464 282 0
464 283 0
464 284 0
464 285 0
464 286 0
463 287 0
463 288 0
463 289 0
463 290 0
462 291 0
462 292 0
462 293 0
462 294 0
461 295 0
461 296 0
461 297 0
460 298 0
460 299 0
460 300 0
460 301 0
460 302 0
459 303 0
459 304 0
459 305 0
459 306 0
458 307 0
458 308 0
458 309 0
458 310 0
458 311 0
457 312 0
457 313 0
457 314 0
456 315 0
456 316 0
456 317 0
456 318 0
456 319 0
408 422 0
409 421 0
410 421 0
411 420 0
412 419 0
413 418 0
414 417 0
415 417 0
416 416 0
417 415 0
418 414 0
419 413 0
420 412 0
421 411 0
422 410 0
422 409 0
423 408 0
424 407 0
425 406 0
426 405 0
427 404 0
428 403 0
428 402 0
429 401 0
430 400 0
430 399 0
431 398 0
432 397 0
432 396 0
433 395 0
433 394 0
434 393 0
435 392 0
435 391 0
436 390 0
437 389 0
437 388 0
438 387 0
438 386 0
438 385 0
439 384 0
439 383 0
440 382 0
440 381 0
440 380 0
441 379 0
441 378 0
442 377 0
442 376 0
442 375 0
443 374 0
443 373 0
443 372 0
443 371 0
444 370 0
444 369 0
444 368 0
445 367 0
445 366 0
446 365 0
446 364 0
446 363 0
446 362 0
446 361 0
447 360 0
447 359 0
447 358 0
448 357 0
448 356 0
448 355 0
449 354 0
449 353 0
449 352 0
449 351 0
449 350 0
450 349 0
450 348 0
450 347 0
450 346 0
450 345 0
451 344 0
451 343 0
451 342 0
451 341 0
451 340 0
452 339 0
452 338 0
452 337 0
452 336 0
453 335 0
453 334 0
453 333 0
453 332 0
453 331 0
454 330 0
454 329 0
454 328 0
454 327 0
455 326 0
455 325 0
455 324 0
455 323 0
455 322 0
455 321 0
455 320 0
456 319 0
456 318 0
456 317 0
456 316 0
456 315 0
457 314 0
457 313 0
457 312 0
458 311 0
458 310 0
458 309 0
458 308 0
458 307 0
459 306 0
459 305 0
459 304 0
459 303 0
460 302 0
460 301 0
460 300 0
460 299 0
460 298 0
461 297 0
461 296 0
461 295 0
462 294 0
462 293 0
462 292 0
462 291 0
463 290 0
463 289 0
463 288 0
463 287 0
464 286 0
464 285 0
464 284 0
464 283 0
464 282 0
464 281 0
465 280 0
466 279 0
466 278 0
466 277 0
466 276 0
466 275 0
467 274 0
467 273 0
467 272 0
467 271 0
468 270 0
468 269 0
468 268 0
468 267 0
468 266 0
469 265 0
469 264 0
469 263 0
469 262 0
469 261 0
469 260 0
470 259 0
470 258 0
470 257 0
470 256 0
471 255 0
471 254 0
471 253 0
472 252 0
472 251 0
472 250 0
473 249 0
473 248 0
473 247 0
473 246 0
473 245 0
473 244 0
474 243 0
474 242 0
474 241 0
474 240 0
475 239 0
475 238 0
475 237 0
475 236 0
476 235 0
476 234 0
477 233 0
477 232 0
477 231 0
478 230 0
478 229 0
478 228 0
479 227 0
479 226 0
479 225 0
480 224 0
480 223 0
480 222 0
481 221 0
481 220 0
482 219 0
482 218 0
482 217 0
483 216 0
483 215 0
484 214 0
485 214 0
486 214 0
487 214 0
486 215 0
487 216 0
488 216 0
489 216 0
488 216 0
487 217 0
486 218 0
485 219 0
485 220 0
484 221 0
484 222 0
484 223 0
483 224 0
483 225 0
482 226 0
482 227 0
482 228 0
481 229 0
481 230 0
481 231 0
480 232 0
480 233 0
480 234 0
479 235 0
479 236 0
479 237 0
478 238 0
478 239 0
478 240 0
478 241 0
477 242 0
477 243 0
477 244 0
477 245 0
476 246 0
476 247 0
476 248 0
476 249 0
476 250 0
476 251 0
476 252 0
476 253 0
476 254 0
476 255 0
476 256 0
476 257 0
476 258 0
475 259 0
475 260 0
475 261 0
475 262 0
474 263 0
474 264 0
474 265 0
474 266 0
473 267 0
473 268 0
472 268 0
471 269 0
471 270 0
471 271 0
470 272 0
470 273 0
470 274 0
470 275 0
470 276 0
469 277 0
469 278 0
469 279 0
468 280 0
468 281 0
468 282 0
467 283 0
467 284 0
467 285 0
467 286 0
467 287 0
466 288 0
466 289 0
466 290 0
466 291 0
465 292 0
465 293 0
465 294 0
464 295 0
464 296 0
464 297 0
464 298 0
463 299 0
463 300 0
463 301 0
463 302 0
463 303 0
462 304 0
462 305 0
462 306 0
462 307 0
461 308 0
461 309 0
461 310 0
461 311 0
460 312 0
460 313 0
460 314 0
460 315 0
460 316 0
459 317 0
459 318 0
459 319 0
459 320 0
458 321 0
458 322 0
458 323 0
458 324 0
458 325 0
458 326 0
457 327 0
457 328 0
457 329 0
457 330 0
456 331 0
456 332 0
456 333 0
456 334 0
456 335 0
455 336 0
455 337 0
455 338 0
455 339 0
454 340 0
454 341 0
454 342 0
454 343 0
454 344 0
454 345 0
453 346 0
453 347 0
453 348 0
453 349 0
453 350 0
452 351 0
452 352 0
452 353 0
452 354 0
452 355 0
451 356 0
451 357 0
451 358 0
451 359 0
450 360 0
450 361 0
450 362 0
449 363 0
449 364 0
449 365 0
449 366 0
448 367 0
448 368 0
447 369 0
447 370 0
447 369 0
447 368 0
448 367 0
448 366 0
449 365 0
449 364 0
449 363 0
450 362 0
450 361 0
450 360 0
451 359 0
451 358 0
451 357 0
451 356 0
452 355 0
452 354 0
452 353 0
452 352 0
452 351 0
453 350 0
453 349 0
453 348 0
453 347 0
453 346 0
454 345 0
454 344 0
454 343 0
454 342 0
454 341 0
454 340 0
455 339 0
455 338 0
455 337 0
455 336 0
456 335 0
456 334 0
456 333 0
456 332 0
456 331 0
457 330 0
457 329 0
457 328 0
457 327 0
458 326 0
458 325 0
458 324 0
458 323 0
458 322 0
457 321 0
456 321 0
455 322 0
455 323 0
455 324 0
455 325 0
455 326 0
454 327 0
454 328 0
454 329 0
454 330 0
453 331 0
453 332 0
453 333 0
453 334 0
453 335 0
452 336 0
452 337 0
452 338 0
452 339 0
451 340 0
451 341 0
451 342 0
451 343 0
451 344 0
450 345 0
450 346 0
450 347 0
450 348 0
450 349 0
449 350 0
449 351 0
449 352 0
449 353 0
449 354 0
448 355 0
448 356 0
448 357 0
447 358 0
447 359 0
447 360 0
447 361 0
446 362 0
446 363 0
446 364 0
446 365 0
445 366 0
445 367 0
444 368 0
444 369 0
444 370 0
443 371 0
443 372 0
443 373 0
443 374 0
443 375 0
442 376 0
442 377 0
441 378 0
441 379 0
441 380 0
440 381 0
440 382 0
439 383 0
439 384 0
439 385 0
438 386 0
438 387 0
437 388 0
437 389 0
436 390 0
436 391 0
435 392 0
435 393 0
434 394 0
433 395 0
433 396 0
432 397 0
432 398 0
431 399 0
430 400 0
430 401 0
429 402 0
428 403 0
428 404 0
427 405 0
426 406 0
425 407 0
424 408 0
423 409 0
422 410 0
422 411 0
421 412 0
420 413 0
419 414 0
418 415 0
417 416 0
416 417 0
415 417 0
414 418 0
413 419 0
412 420 0
411 420 0
410 421 0
409 422 0
375 437 0
376 437 0
377 437 0
378 437 0
379 436 0
380 436 0
381 436 0
382 436 0
383 436 0
384 436 0
385 435 0
386 434 0
387 434 0
388 434 0
389 433 0
390 433 0
391 433 0
392 432 0
393 432 0
394 432 0
395 432 0
396 431 0
397 431 0
398 430 0
399 430 0
400 430 0
401 429 0
402 429 0
403 428 0
404 428 0
405 427 0
406 426 0
407 426 0
408 425 0
409 425 0
410 424 0
411 424 0
412 423 0
413 422 0
414 421 0
415 420 0
416 420 0
417 419 0
418 418 0
419 417 0
420 416 0
421 416 0
422 415 0
422 414 0
423 413 0
424 412 0
425 411 0
426 410 0
426 409 0
427 408 0
428 407 0
429 406 0
430 405 0
431 404 0
432 403 0
433 402 0
433 401 0
434 400 0
434 399 0
435 398 0
436 397 0
436 396 0
437 395 0
437 394 0
438 393 0
439 392 0
439 391 0
440 390 0
440 389 0
441 388 0
441 387 0
442 386 0
442 385 0
442 384 0
443 383 0
443 382 0
444 381 0
444 380 0
445 379 0
445 378 0
445 377 0
445 376 0
446 375 0
446 374 0
446 373 0
446 374 0
446 375 0
445 376 0
445 377 0
445 378 0
445 379 0
445 380 0
444 381 0
443 382 0
443 383 0
443 384 0
442 385 0
442 386 0
442 387 0
441 388 0
441 389 0
440 390 0
440 391 0
439 392 0
439 393 0
438 394 0
437 395 0
437 396 0
436 397 0
436 398 0
435 399 0
434 400 0
434 401 0
433 402 0
433 403 0
432 404 0
431 405 0
430 406 0
429 407 0
428 408 0
427 409 0
426 410 0
426 411 0
425 412 0
424 413 0
423 414 0
422 415 0
422 416 0
421 416 0
420 417 0
419 418 0
418 419 0
417 420 0
416 420 0
415 421 0
414 422 0
413 423 0
412 423 0
411 424 0
410 424 0
409 425 0
408 426 0
407 426 0
406 427 0
405 427 0
404 428 0
403 428 0
402 429 0
401 429 0
400 430 0
399 430 0
398 430 0
397 431 0
396 431 0
395 432 0
394 432 0
393 432 0
392 432 0
391 433 0
390 433 0
389 434 0
388 434 0
387 434 0
386 435 0
385 435 0
384 436 0
383 436 0
382 436 0
381 436 0
380 436 0
379 436 0
378 437 0
377 437 0
376 437 0
