449 379 0
450 380 0
451 379 0
451 378 0
452 377 0
452 376 0
453 375 0
453 374 0
453 373 0
454 372 0
454 371 0
454 370 0
454 369 0
455 368 0
455 367 0
455 366 0
456 365 0
456 364 0
456 363 0
457 362 0
457 361 0
457 360 0
457 359 0
458 358 0
458 357 0
458 356 0
458 355 0
458 354 0
459 353 0
459 352 0
459 351 0
459 350 0
459 349 0
459 348 0
459 347 0
459 346 0
460 345 0
460 344 0
460 343 0
460 342 0
460 341 0
461 340 0
461 339 0
461 338 0
461 337 0
461 336 0
462 335 0
462 334 0
462 333 0
462 332 0
462 331 0
462 330 0
463 329 0
463 328 0
463 327 0
463 326 0
463 325 0
463 324 0
463 323 0
463 322 0
463 321 0
463 320 0
464 319 0
464 318 0
464 317 0
464 316 0
464 315 0
465 314 0
465 313 0
465 312 0
465 311 0
465 310 0
465 309 0
465 308 0
465 307 0
466 306 0
466 305 0
466 304 0
466 303 0
466 302 0
466 301 0
466 300 0
466 299 0
466 298 0
467 297 0
467 296 0
467 295 0
467 294 0
468 293 0
468 292 0
468 291 0
468 290 0
468 289 0
469 288 0
469 287 0
469 286 0
469 285 0
470 284 0
470 283 0
470 282 0
470 281 0
470 280 0
471 279 0
471 278 0
471 277 0
471 276 0
471 275 0
471 274 0
472 273 0
472 272 0
472 271 0
472 270 0
473 269 0
473 268 0
473 267 0
473 266 0
474 265 0
474 264 0
475 263 0
475 262 0
475 261 0
476 260 0
476 259 0
476 258 0
476 257 0
476 256 0
477 255 0
477 254 0
477 253 0
476 252 0
477 251 0
477 250 0
476 249 0
476 248 0
476 247 0
476 246 0
476 245 0
476 244 0
476 243 0
476 242 0
476 241 0
477 240 0
477 239 0
478 238 0
478 237 0
478 236 0
478 235 0
478 234 0
478 233 0
479 232 0
479 231 0
479 230 0
479 229 0
480 228 0
480 227 0
480 226 0
480 225 0
481 224 0
481 223 0
481 222 0
482 221 0
482 220 0
482 219 0
483 218 0
483 217 0
483 216 0
484 215 0
484 214 0
485 213 0
485 212 0
485 211 0
486 210 0
486 209 0
487 208 0
486 207 0
485 206 0
484 207 0
483 208 0
483 209 0
482 210 0
482 211 0
482 212 0
481 213 0
481 214 0
480 215 0
480 216 0
480 217 0
480 218 0
479 219 0
479 220 0
478 221 0
478 222 0
477 223 0
477 224 0
477 225 0
477 226 0
477 227 0
477 228 0
476 229 0
476 230 0
476 231 0
475 232 0
475 233 0
475 234 0
475 235 0
475 236 0
474 237 0
474 238 0
474 239 0
474 240 0
474 241 0
473 242 0
473 243 0
473 244 0
473 245 0
473 246 0
473 247 0
473 248 0
472 249 0
472 250 0
472 251 0
472 252 0
472 253 0
471 254 0
471 255 0
471 256 0
471 257 0
471 258 0
471 259 0
471 260 0
471 261 0
470 262 0
470 263 0
470 264 0
470 265 0
470 266 0
469 267 0
469 268 0
469 269 0
469 270 0
469 271 0
469 272 0
468 273 0
468 274 0
468 275 0
468 276 0
468 277 0
467 278 0
467 279 0
467 280 0
467 281 0
467 282 0
467 283 0
466 284 0
466 285 0
465 286 0
465 287 0
465 288 0
465 289 0
465 290 0
465 291 0
464 292 0
464 293 0
464 294 0
464 295 0
463 296 0
462 297 0
462 298 0
462 299 0
462 300 0
462 301 0
462 302 0
463 303 0
463 304 0
463 305 0
462 306 0
462 307 0
462 308 0
462 309 0
462 310 0
462 311 0
462 312 0
462 313 0
461 314 0
461 315 0
461 316 0
461 317 0
461 318 0
460 319 0
460 320 0
460 321 0
460 322 0
459 323 0
459 324 0
460 325 0
460 326 0
460 327 0
460 328 0
460 329 0
459 330 0
459 331 0
459 332 0
459 333 0
459 334 0
458 335 0
458 336 0
458 337 0
458 338 0
458 339 0
458 340 0
457 341 0
457 342 0
457 343 0
457 344 0
457 345 0
456 346 0
456 347 0
456 348 0
456 349 0
456 350 0
456 351 0
456 352 0
455 353 0
455 354 0
455 355 0
455 356 0
455 357 0
454 358 0
454 359 0
454 360 0
454 361 0
453 362 0
453 363 0
453 364 0
452 365 0
452 366 0
452 367 0
452 368 0
451 369 0
451 370 0
451 371 0
450 372 0
450 373 0
450 374 0
450 375 0
449 376 0
449 377 0
448 378 0
428 412 0
429 413 0
430 412 0
431 411 0
432 410 0
433 409 0
434 408 0
435 407 0
435 406 0
436 405 0
437 404 0
438 403 0
439 402 0
439 401 0
440 400 0
441 399 0
442 398 0
442 397 0
443 396 0
444 395 0
444 394 0
445 393 0
445 392 0
445 391 0
446 390 0
447 389 0
447 388 0
447 387 0
448 386 0
448 385 0
449 384 0
449 383 0
450 382 0
450 381 0
450 380 0
449 379 0
448 379 0
447 380 0
447 381 0
447 382 0
446 383 0
446 384 0
445 385 0
444 386 0
444 387 0
443 388 0
443 389 0
442 390 0
442 391 0
441 392 0
441 393 0
441 394 0
440 395 0
439 396 0
439 397 0
438 398 0
437 399 0
436 400 0
436 401 0
435 402 0
434 403 0
434 404 0
433 405 0
432 406 0
431 407 0
430 408 0
430 409 0
429 410 0
428 411 0
394 433 0
395 433 0
396 433 0
397 433 0
398 433 0
399 432 0
400 432 0
401 432 0
402 431 0
403 431 0
404 430 0
405 430 0
406 429 0
407 429 0
408 428 0
409 428 0
410 427 0
411 427 0
412 426 0
413 426 0
414 425 0
415 424 0
416 423 0
417 423 0
418 422 0
419 422 0
420 421 0
421 420 0
422 419 0
423 418 0
424 417 0
425 417 0
426 416 0
427 415 0
428 414 0
429 413 0
428 412 0
427 411 0
426 412 0
425 413 0
424 414 0
423 415 0
422 416 0
421 417 0
420 418 0
419 419 0
418 419 0
417 420 0
416 421 0
415 421 0
414 422 0
413 423 0
412 423 0
411 424 0
410 424 0
409 425 0
408 425 0
407 426 0
408 425 0
409 425 0
410 424 0
411 423 0
412 423 0
413 422 0
414 422 0
415 421 0
416 420 0
417 420 0
418 419 0
419 418 0
420 417 0
421 416 0
422 415 0
423 414 0
424 413 0
425 413 0
426 412 0
427 411 0
428 410 0
429 409 0
430 408 0
431 407 0
431 406 0
432 405 0
433 404 0
434 403 0
434 402 0
435 401 0
436 400 0
436 399 0
437 398 0
438 397 0
439 396 0
439 395 0
440 394 0
441 393 0
441 392 0
441 391 0
442 390 0
442 389 0
443 388 0
444 387 0
444 386 0
444 385 0
445 384 0
446 383 0
446 382 0
447 381 0
447 380 0
448 379 0
448 378 0
448 377 0
449 376 0
449 375 0
450 374 0
450 373 0
450 372 0
451 371 0
451 370 0
451 369 0
452 368 0
452 367 0
452 366 0
452 365 0
453 364 0
453 363 0
453 362 0
454 361 0
454 360 0
454 359 0
454 358 0
455 357 0
455 356 0
455 355 0
455 354 0
455 353 0
456 352 0
456 351 0
456 350 0
456 349 0
456 348 0
456 347 0
456 346 0
457 345 0
457 344 0
457 343 0
457 342 0
457 341 0
458 340 0
458 339 0
458 338 0
458 337 0
458 336 0
458 335 0
459 334 0
459 333 0
459 332 0
459 331 0
459 330 0
460 329 0
460 328 0
460 327 0
460 326 0
460 325 0
459 324 0
459 323 0
460 322 0
460 321 0
460 320 0
460 319 0
460 318 0
461 317 0
461 316 0
461 315 0
461 314 0
462 313 0
462 312 0
462 311 0
462 310 0
462 309 0
462 308 0
462 307 0
462 306 0
463 305 0
463 304 0
463 303 0
462 302 0
462 301 0
462 300 0
462 299 0
462 298 0
462 297 0
462 296 0
463 296 0
464 295 0
464 294 0
464 293 0
464 292 0
465 291 0
465 290 0
465 289 0
465 288 0
465 287 0
465 286 0
466 285 0
466 284 0
466 283 0
467 282 0
467 281 0
467 280 0
467 279 0
467 278 0
468 277 0
468 276 0
468 275 0
468 274 0
468 273 0
469 272 0
469 271 0
469 270 0
469 269 0
469 268 0
469 267 0
470 266 0
470 265 0
470 264 0
470 263 0
470 262 0
471 261 0
471 260 0
471 259 0
471 258 0
471 257 0
471 256 0
471 255 0
471 254 0
472 253 0
472 252 0
472 251 0
472 250 0
472 249 0
473 248 0
473 247 0
473 246 0
473 245 0
473 244 0
473 243 0
473 242 0
473 241 0
474 240 0
474 239 0
474 238 0
474 237 0
475 236 0
475 235 0
475 234 0
475 233 0
475 232 0
476 231 0
476 230 0
476 229 0
477 228 0
477 227 0
477 226 0
477 225 0
477 224 0
477 223 0
477 222 0
478 221 0
478 220 0
479 219 0
479 218 0
480 217 0
480 216 0
480 215 0
481 214 0
481 213 0
481 212 0
482 211 0
482 210 0
483 209 0
483 208 0
483 207 0
484 207 0
485 206 0
486 206 0
487 206 0
488 205 0
489 205 0
490 204 0
491 203 0
492 202 0
493 201 0
493 200 0
493 199 0
494 198 0
494 197 0
494 196 0
494 195 0
494 194 0
494 193 0
494 192 0
494 191 0
494 190 0
494 189 0
494 188 0
494 187 0
495 186 0
495 185 0
495 184 0
496 183 0
496 182 0
497 181 0
497 180 0
498 179 0
498 178 0
499 177 0
500 176 0
500 175 0
501 174 0
502 173 0
502 172 0
502 171 0
502 170 0
502 169 0
503 168 0
504 167 0
505 166 0
506 165 0
506 164 0
507 163 0
508 162 0
509 162 0
510 161 0
511 160 0
512 160 0
513 159 0
514 158 0
515 157 0
514 158 0
514 159 0
513 160 0
512 160 0
511 161 0
510 161 0
509 162 0
508 163 0
507 164 0
506 165 0
506 166 0
505 167 0
504 168 0
503 169 0
502 170 0
502 171 0
502 172 0
502 173 0
501 174 0
501 175 0
500 176 0
500 177 0
499 178 0
498 179 0
498 180 0
497 181 0
497 182 0
496 183 0
495 184 0
495 185 0
495 186 0
495 187 0
494 188 0
494 189 0
494 190 0
494 191 0
494 192 0
494 193 0
494 194 0
494 195 0
494 196 0
494 197 0
494 198 0
493 199 0
493 200 0
493 201 0
493 202 0
492 203 0
491 204 0
490 205 0
489 205 0
488 205 0
487 206 0
486 207 0
487 208 0
488 208 0
489 208 0
490 207 0
491 207 0
492 207 0
493 206 0
494 205 0
494 204 0
495 203 0
496 202 0
496 201 0
496 200 0
497 199 0
497 198 0
497 197 0
497 196 0
497 195 0
497 194 0
497 193 0
497 192 0
497 191 0
497 190 0
497 189 0
498 188 0
498 187 0
498 186 0
498 185 0
499 184 0
499 183 0
500 182 0
500 181 0
501 180 0
502 179 0
502 178 0
503 177 0
503 176 0
503 175 0
504 174 0
505 173 0
505 172 0
506 171 0
506 170 0
507 169 0
507 168 0
508 167 0
509 166 0
509 165 0
510 164 0
511 164 0
512 163 0
513 162 0
514 162 0
515 161 0
516 160 0
517 159 0
517 158 0
518 157 0
517 158 0
517 159 0
517 160 0
516 161 0
515 162 0
514 162 0
513 163 0
512 164 0
511 164 0
510 165 0
509 166 0
509 167 0
508 168 0
507 169 0
506 170 0
506 171 0
505 172 0
505 173 0
505 174 0
504 175 0
503 176 0
503 177 0
502 178 0
502 179 0
502 180 0
501 181 0
500 182 0
500 183 0
499 184 0
499 185 0
498 186 0
498 187 0
498 188 0
497 189 0
497 190 0
497 191 0
497 192 0
497 193 0
497 194 0
497 195 0
497 196 0
497 197 0
497 198 0
497 199 0
496 200 0
496 201 0
496 202 0
496 203 0
495 204 0
494 205 0
494 206 0
493 206 0
492 207 0
491 207 0
490 207 0
489 208 0
488 208 0
487 209 0
486 210 0
486 211 0
485 212 0
485 213 0
484 214 0
484 215 0
483 216 0
483 217 0
483 218 0
482 219 0
482 220 0
482 221 0
481 222 0
481 223 0
481 224 0
480 225 0
480 226 0
480 227 0
480 228 0
479 229 0
479 230 0
479 231 0
479 232 0
479 233 0
478 234 0
478 235 0
478 236 0
478 237 0
478 238 0
477 239 0
477 240 0
476 241 0
476 242 0
476 243 0
476 244 0
476 245 0
476 246 0
476 247 0
476 248 0
476 249 0
477 250 0
477 251 0
476 252 0
477 253 0
477 254 0
477 255 0
476 256 0
476 257 0
476 258 0
476 259 0
476 260 0
475 261 0
475 262 0
475 263 0
474 264 0
474 265 0
473 266 0
473 267 0
473 268 0
473 269 0
472 270 0
472 271 0
472 272 0
472 273 0
471 274 0
471 275 0
471 276 0
471 277 0
471 278 0
471 279 0
470 280 0
470 281 0
470 282 0
470 283 0
470 284 0
469 285 0
469 286 0
469 287 0
469 288 0
468 289 0
468 290 0
468 291 0
468 292 0
468 293 0
467 294 0
467 295 0
467 296 0
467 297 0
466 298 0
466 299 0
466 300 0
466 301 0
466 302 0
466 303 0
466 304 0
466 305 0
466 306 0
465 307 0
465 308 0
465 309 0
465 310 0
465 311 0
465 312 0
465 313 0
465 314 0
464 315 0
464 316 0
464 317 0
464 318 0
464 319 0
463 320 0
463 321 0
463 322 0
463 323 0
463 324 0
463 325 0
463 326 0
463 327 0
463 328 0
463 329 0
462 330 0
462 331 0
462 332 0
462 333 0
462 334 0
462 335 0
461 336 0
461 337 0
461 338 0
461 339 0
461 340 0
460 341 0
460 342 0
460 343 0
460 344 0
460 345 0
459 346 0
459 347 0
459 348 0
459 349 0
459 350 0
459 351 0
459 352 0
459 353 0
458 354 0
458 355 0
458 356 0
458 357 0
458 358 0
457 359 0
457 360 0
457 361 0
457 362 0
456 363 0
456 364 0
456 365 0
455 366 0
455 367 0
455 368 0
455 369 0
454 370 0
454 371 0
454 372 0
453 373 0
453 374 0
453 375 0
452 376 0
452 377 0
452 378 0
451 379 0
451 380 0
450 381 0
450 382 0
450 383 0
449 384 0
449 385 0
448 386 0
448 387 0
447 388 0
447 389 0
447 390 0
446 391 0
445 392 0
445 393 0
445 394 0
444 395 0
444 396 0
443 397 0
442 398 0
442 399 0
441 400 0
440 401 0
439 402 0
439 403 0
438 404 0
437 405 0
436 406 0
435 407 0
435 408 0
434 409 0
433 410 0
432 411 0
431 412 0
430 413 0
429 414 0
428 415 0
427 416 0
426 417 0
425 417 0
424 418 0
423 419 0
422 420 0
421 421 0
420 422 0
419 422 0
418 423 0
417 423 0
416 424 0
415 425 0
414 425 0
413 426 0
412 427 0
411 427 0
410 427 0
409 428 0
408 428 0
407 429 0
406 430 0
405 430 0
404 431 0
403 431 0
402 432 0
401 432 0
400 432 0
399 432 0
398 433 0
397 433 0
396 433 0
395 433 0
