492 204 0
493 203 0
494 202 0
494 201 0
494 200 0
494 199 0
494 198 0
494 197 0
494 196 0
494 195 0
494 194 0
494 193 0
494 192 0
494 191 0
494 190 0
495 189 0
495 188 0
495 187 0
495 186 0
495 185 0
495 184 0
496 183 0
497 182 0
498 181 0
499 180 0
499 179 0
500 178 0
501 177 0
501 176 0
502 175 0
502 174 0
503 173 0
503 172 0
504 171 0
505 170 0
505 169 0
506 168 0
506 167 0
507 166 0
507 165 0
508 164 0
509 164 0
510 163 0
511 163 0
512 162 0
513 161 0
514 160 0
515 159 0
516 158 0
517 157 0
517 156 0
517 155 0
518 154 0
518 153 0
518 152 0
518 151 0
518 150 0
518 149 0
519 148 0
519 147 0
519 146 0
520 145 0
520 144 0
521 143 0
521 142 0
522 141 0
523 140 0
523 139 0
524 138 0
525 137 0
524 138 0
524 139 0
523 140 0
522 141 0
522 142 0
521 143 0
521 144 0
520 145 0
520 146 0
519 147 0
519 148 0
518 149 0
518 150 0
518 151 0
518 152 0
518 153 0
518 154 0
517 155 0
517 156 0
517 157 0
516 158 0
516 159 0
515 160 0
514 161 0
513 162 0
512 162 0
511 163 0
510 163 0
509 164 0
508 165 0
507 166 0
506 167 0
506 168 0
506 169 0
505 170 0
505 171 0
504 172 0
503 173 0
503 174 0
502 175 0
502 176 0
501 177 0
501 178 0
500 179 0
499 180 0
499 181 0
498 182 0
497 183 0
496 184 0
495 185 0
495 186 0
495 187 0
495 188 0
495 189 0
494 190 0
494 191 0
494 192 0
494 193 0
494 194 0
494 195 0
494 196 0
494 197 0
494 198 0
494 199 0
494 200 0
494 201 0
494 202 0
493 203 0
493 207 0
494 206 0
495 205 0
495 204 0
496 203 0
496 202 0
497 201 0
497 200 0
497 199 0
497 198 0
498 197 0
498 196 0
498 195 0
498 194 0
498 193 0
498 192 0
498 191 0
498 190 0
498 189 0
499 188 0
499 187 0
499 186 0
499 185 0
500 184 0
500 183 0
501 182 0
502 181 0
502 180 0
503 179 0
504 178 0
504 177 0
504 176 0
505 175 0
506 174 0
506 173 0
507 172 0
507 171 0
508 170 0
508 169 0
509 168 0
510 167 0
510 166 0
511 165 0
512 165 0
513 164 0
514 164 0
515 163 0
516 162 0
517 161 0
518 160 0
519 159 0
519 158 0
519 157 0
520 156 0
520 155 0
521 154 0
521 153 0
521 152 0
521 151 0
521 150 0
521 149 0
522 148 0
522 147 0
523 146 0
523 145 0
524 144 0
524 143 0
525 142 0
525 141 0
526 140 0
527 139 0
527 138 0
528 137 0
528 136 0
529 135 0
529 134 0
530 133 0
530 132 0
531 131 0
531 130 0
532 129 0
533 128 0
533 127 0
534 126 0
534 125 0
535 124 0
534 125 0
534 126 0
533 127 0
533 128 0
532 129 0
532 130 0
531 131 0
531 132 0
530 133 0
530 134 0
529 135 0
529 136 0
528 137 0
528 138 0
527 139 0
527 140 0
526 141 0
525 142 0
525 143 0
524 144 0
524 145 0
523 146 0
523 147 0
522 148 0
522 149 0
521 150 0
521 151 0
521 152 0
521 153 0
521 154 0
520 155 0
520 156 0
520 157 0
519 158 0
519 159 0
518 160 0
517 161 0
517 162 0
516 163 0
515 164 0
514 164 0
513 165 0
512 165 0
511 166 0
510 167 0
510 168 0
509 169 0
508 170 0
508 171 0
507 172 0
507 173 0
506 174 0
506 175 0
505 176 0
504 177 0
504 178 0
504 179 0
503 180 0
502 181 0
502 182 0
501 183 0
500 184 0
500 185 0
499 186 0
499 187 0
499 188 0
498 189 0
498 190 0
498 191 0
498 192 0
498 193 0
498 194 0
498 195 0
498 196 0
498 197 0
497 198 0
497 199 0
497 200 0
497 201 0
497 202 0
496 203 0
496 204 0
495 205 0
495 206 0
494 207 0
463 311 0
464 312 0
465 311 0
465 310 0
465 309 0
465 308 0
465 307 0
466 306 0
466 305 0
466 304 0
466 303 0
466 302 0
466 301 0
466 300 0
467 299 0
467 298 0
467 297 0
467 296 0
467 295 0
468 294 0
468 293 0
468 292 0
468 291 0
468 290 0
469 289 0
469 288 0
469 287 0
469 286 0
469 285 0
470 284 0
470 283 0
470 282 0
470 281 0
471 280 0
471 279 0
471 278 0
471 277 0
471 276 0
472 275 0
472 274 0
472 273 0
472 272 0
473 271 0
473 270 0
473 269 0
474 268 0
474 267 0
474 266 0
475 265 0
475 264 0
475 263 0
476 262 0
476 261 0
476 260 0
477 259 0
477 258 0
477 257 0
477 256 0
477 255 0
477 254 0
477 253 0
477 252 0
477 251 0
477 250 0
477 249 0
477 248 0
477 247 0
477 246 0
477 245 0
477 244 0
477 243 0
477 242 0
477 241 0
478 240 0
478 239 0
478 238 0
478 237 0
478 236 0
479 235 0
479 234 0
479 233 0
479 232 0
479 231 0
480 230 0
480 229 0
481 228 0
481 227 0
481 226 0
481 225 0
482 224 0
482 223 0
482 222 0
483 221 0
483 220 0
483 219 0
483 218 0
484 217 0
484 216 0
484 215 0
485 214 0
485 213 0
486 212 0
486 211 0
486 210 0
487 209 0
487 208 0
486 207 0
485 207 0
484 208 0
484 209 0
483 210 0
483 211 0
482 212 0
482 213 0
481 214 0
481 215 0
481 216 0
481 217 0
480 218 0
480 219 0
479 220 0
479 221 0
479 222 0
478 223 0
478 224 0
478 225 0
478 226 0
477 227 0
477 228 0
477 229 0
477 230 0
476 231 0
476 232 0
476 233 0
476 234 0
475 235 0
475 236 0
475 237 0
475 238 0
475 239 0
475 240 0
474 241 0
474 242 0
474 243 0
474 244 0
474 245 0
473 246 0
473 247 0
473 248 0
473 249 0
473 250 0
473 251 0
472 252 0
472 253 0
472 254 0
472 255 0
471 256 0
471 257 0
471 258 0
471 259 0
471 260 0
471 261 0
471 262 0
471 263 0
470 264 0
470 265 0
470 266 0
470 267 0
469 268 0
469 269 0
469 270 0
469 271 0
469 272 0
469 273 0
468 274 0
468 275 0
468 276 0
468 277 0
468 278 0
468 279 0
467 280 0
467 281 0
467 282 0
467 283 0
466 284 0
466 285 0
466 286 0
466 287 0
466 288 0
465 289 0
465 290 0
465 291 0
465 292 0
465 293 0
465 294 0
464 295 0
464 296 0
464 297 0
464 298 0
464 299 0
463 300 0
463 301 0
463 302 0
463 303 0
463 304 0
463 305 0
463 306 0
462 307 0
462 308 0
462 309 0
462 310 0
399 431 0
400 432 0
401 432 0
402 431 0
403 430 0
402 429 0
401 429 0
400 429 0
399 430 0
394 433 0
395 433 0
396 433 0
397 432 0
398 432 0
399 431 0
399 430 0
400 429 0
401 429 0
402 429 0
403 430 0
404 430 0
405 429 0
406 429 0
407 428 0
408 428 0
409 427 0
410 427 0
411 427 0
412 426 0
413 425 0
414 425 0
415 424 0
416 423 0
417 423 0
418 422 0
419 421 0
420 420 0
421 420 0
422 419 0
423 418 0
424 417 0
425 416 0
426 415 0
427 414 0
428 413 0
429 412 0
430 411 0
431 410 0
432 409 0
433 408 0
434 407 0
435 406 0
436 405 0
437 404 0
437 403 0
438 402 0
439 401 0
439 400 0
440 399 0
440 398 0
441 397 0
442 396 0
443 395 0
444 394 0
444 393 0
445 392 0
445 391 0
446 390 0
446 389 0
447 388 0
448 387 0
448 386 0
448 385 0
449 384 0
449 383 0
449 382 0
450 381 0
450 380 0
451 379 0
451 378 0
452 377 0
452 376 0
452 375 0
452 374 0
453 373 0
453 372 0
454 371 0
454 370 0
454 369 0
454 368 0
455 367 0
455 366 0
456 365 0
456 364 0
456 363 0
456 362 0
457 361 0
457 360 0
457 359 0
458 358 0
458 357 0
458 356 0
458 355 0
458 354 0
458 353 0
459 352 0
459 351 0
459 350 0
459 349 0
459 348 0
459 347 0
459 346 0
460 345 0
460 344 0
460 343 0
460 342 0
460 341 0
461 340 0
461 339 0
461 338 0
461 337 0
461 336 0
461 335 0
462 334 0
462 333 0
462 332 0
462 331 0
462 330 0
462 329 0
462 328 0
463 327 0
463 326 0
463 325 0
463 324 0
463 323 0
464 322 0
464 321 0
464 320 0
464 319 0
464 318 0
464 317 0
464 316 0
464 315 0
464 314 0
464 313 0
464 312 0
463 311 0
462 312 0
461 313 0
461 314 0
461 315 0
461 316 0
461 317 0
461 318 0
461 319 0
461 320 0
461 321 0
460 322 0
460 323 0
460 324 0
460 325 0
460 326 0
460 327 0
459 328 0
459 329 0
459 330 0
459 331 0
459 332 0
459 333 0
459 334 0
458 335 0
458 336 0
458 337 0
458 338 0
458 339 0
458 340 0
457 341 0
457 342 0
457 343 0
457 344 0
456 345 0
456 346 0
457 347 0
456 348 0
456 349 0
456 350 0
456 351 0
455 352 0
455 353 0
455 354 0
455 355 0
455 356 0
455 357 0
454 358 0
454 359 0
454 360 0
454 361 0
453 362 0
453 363 0
453 364 0
452 365 0
452 366 0
451 367 0
451 368 0
451 369 0
450 370 0
450 371 0
450 372 0
450 373 0
449 374 0
449 375 0
449 376 0
448 377 0
448 378 0
447 379 0
447 380 0
446 381 0
446 382 0
445 383 0
445 384 0
444 385 0
444 386 0
443 387 0
443 388 0
443 389 0
442 390 0
442 391 0
441 392 0
441 393 0
440 394 0
439 395 0
439 396 0
438 397 0
437 398 0
437 399 0
436 400 0
435 401 0
435 402 0
434 403 0
433 404 0
432 405 0
432 406 0
431 407 0
430 408 0
429 409 0
428 410 0
427 411 0
426 412 0
425 413 0
424 414 0
423 415 0
422 416 0
421 417 0
420 417 0
419 418 0
418 419 0
417 420 0
416 420 0
415 421 0
414 422 0
413 422 0
412 423 0
411 423 0
410 424 0
409 424 0
408 425 0
409 424 0
410 424 0
411 423 0
412 423 0
413 422 0
414 421 0
415 421 0
416 420 0
417 419 0
418 418 0
419 418 0
420 417 0
421 416 0
422 415 0
423 414 0
424 413 0
425 412 0
426 411 0
427 410 0
428 409 0
429 408 0
430 407 0
431 406 0
432 405 0
432 404 0
433 403 0
434 402 0
435 401 0
435 400 0
436 399 0
437 398 0
437 397 0
438 396 0
439 395 0
440 394 0
440 393 0
441 392 0
441 391 0
442 390 0
442 389 0
443 388 0
443 387 0
443 386 0
444 385 0
444 384 0
445 383 0
445 382 0
446 381 0
447 380 0
447 379 0
448 378 0
448 377 0
449 376 0
449 375 0
449 374 0
450 373 0
450 372 0
450 371 0
450 370 0
451 369 0
451 368 0
451 367 0
452 366 0
452 365 0
452 364 0
453 363 0
453 362 0
454 361 0
454 360 0
454 359 0
454 358 0
455 357 0
455 356 0
455 355 0
455 354 0
455 353 0
455 352 0
456 351 0
456 350 0
456 349 0
456 348 0
456 347 0
456 346 0
456 345 0
457 344 0
457 343 0
457 342 0
457 341 0
458 340 0
458 339 0
458 338 0
458 337 0
458 336 0
458 335 0
459 334 0
459 333 0
459 332 0
459 331 0
459 330 0
459 329 0
459 328 0
460 327 0
460 326 0
460 325 0
460 324 0
460 323 0
460 322 0
461 321 0
461 320 0
461 319 0
461 318 0
461 317 0
461 316 0
461 315 0
461 314 0
461 313 0
462 312 0
462 311 0
462 310 0
462 309 0
462 308 0
462 307 0
463 306 0
463 305 0
463 304 0
463 303 0
463 302 0
463 301 0
463 300 0
464 299 0
464 298 0
464 297 0
464 296 0
464 295 0
465 294 0
465 293 0
465 292 0
465 291 0
465 290 0
465 289 0
466 288 0
466 287 0
466 286 0
466 285 0
466 284 0
467 283 0
467 282 0
467 281 0
467 280 0
468 279 0
468 278 0
468 277 0
468 276 0
468 275 0
468 274 0
469 273 0
469 272 0
469 271 0
469 270 0
469 269 0
469 268 0
470 267 0
470 266 0
470 265 0
470 264 0
470 263 0
471 262 0
471 261 0
471 260 0
471 259 0
471 258 0
471 257 0
471 256 0
472 255 0
472 254 0
472 253 0
472 252 0
473 251 0
473 250 0
473 249 0
473 248 0
473 247 0
473 246 0
474 245 0
474 244 0
474 243 0
474 242 0
474 241 0
474 240 0
475 239 0
475 238 0
475 237 0
475 236 0
475 235 0
476 234 0
476 233 0
476 232 0
476 231 0
477 230 0
477 229 0
477 228 0
477 227 0
478 226 0
478 225 0
478 224 0
478 223 0
479 222 0
479 221 0
479 220 0
480 219 0
480 218 0
480 217 0
481 216 0
481 215 0
481 214 0
482 213 0
482 212 0
483 211 0
483 210 0
483 209 0
484 208 0
484 207 0
485 207 0
486 207 0
487 207 0
488 206 0
487 207 0
487 208 0
488 209 0
487 210 0
486 211 0
486 212 0
486 213 0
485 214 0
484 215 0
484 216 0
484 217 0
483 218 0
483 219 0
483 220 0
483 221 0
482 222 0
482 223 0
482 224 0
481 225 0
481 226 0
481 227 0
481 228 0
480 229 0
480 230 0
480 231 0
479 232 0
479 233 0
479 234 0
479 235 0
478 236 0
478 237 0
478 238 0
478 239 0
478 240 0
477 241 0
477 242 0
477 243 0
477 244 0
477 245 0
477 246 0
477 247 0
477 248 0
477 249 0
477 250 0
477 251 0
477 252 0
477 253 0
477 254 0
477 255 0
477 256 0
477 257 0
477 258 0
477 259 0
476 260 0
476 261 0
476 262 0
475 263 0
475 264 0
475 265 0
474 266 0
474 267 0
474 268 0
473 269 0
473 270 0
473 271 0
472 272 0
472 273 0
472 274 0
472 275 0
471 276 0
471 277 0
471 278 0
471 279 0
471 280 0
470 281 0
470 282 0
470 283 0
470 284 0
469 285 0
469 286 0
469 287 0
469 288 0
469 289 0
468 290 0
468 291 0
468 292 0
468 293 0
468 294 0
467 295 0
467 296 0
467 297 0
467 298 0
467 299 0
466 300 0
466 301 0
466 302 0
466 303 0
466 304 0
466 305 0
466 306 0
465 307 0
465 308 0
465 309 0
465 310 0
465 311 0
464 312 0
464 313 0
464 314 0
464 315 0
464 316 0
464 317 0
464 318 0
464 319 0
464 320 0
464 321 0
464 322 0
463 323 0
463 324 0
463 325 0
463 326 0
463 327 0
462 328 0
462 329 0
462 330 0
462 331 0
462 332 0
462 333 0
462 334 0
461 335 0
461 336 0
461 337 0
461 338 0
461 339 0
461 340 0
460 341 0
460 342 0
460 343 0
460 344 0
460 345 0
459 346 0
459 347 0
459 348 0
459 349 0
459 350 0
459 351 0
459 352 0
458 353 0
458 354 0
458 355 0
458 356 0
458 357 0
458 358 0
457 359 0
457 360 0
457 361 0
457 362 0
456 363 0
456 364 0
456 365 0
455 366 0
455 367 0
454 368 0
454 369 0
454 370 0
454 371 0
453 372 0
453 373 0
453 374 0
452 375 0
452 376 0
452 377 0
451 378 0
451 379 0
451 380 0
450 381 0
450 382 0
449 383 0
449 384 0
449 385 0
448 386 0
448 387 0
448 388 0
447 389 0
446 390 0
446 391 0
445 392 0
445 393 0
444 394 0
444 395 0
443 396 0
442 397 0
441 398 0
440 399 0
440 400 0
439 401 0
439 402 0
438 403 0
437 404 0
437 405 0
436 406 0
435 407 0
434 408 0
433 409 0
432 410 0
431 411 0
430 412 0
429 413 0
428 414 0
427 415 0
426 416 0
425 417 0
424 418 0
423 419 0
422 420 0
421 420 0
420 421 0
419 422 0
418 423 0
417 423 0
416 424 0
415 425 0
414 425 0
413 426 0
412 426 0
411 427 0
410 427 0
409 427 0
408 428 0
407 428 0
406 429 0
405 430 0
404 430 0
403 431 0
402 432 0
401 432 0
400 432 0
399 432 0
398 432 0
397 432 0
396 433 0
395 433 0
