499 186 0
500 187 0
501 187 0
502 186 0
503 185 0
504 184 0
505 183 0
506 182 0
506 181 0
507 180 0
507 179 0
508 178 0
509 177 0
509 176 0
510 175 0
511 174 0
512 174 0
513 173 0
514 172 0
515 171 0
516 170 0
515 169 0
514 169 0
513 170 0
512 171 0
511 172 0
510 172 0
509 173 0
508 174 0
507 175 0
506 176 0
506 177 0
505 178 0
505 179 0
504 180 0
503 181 0
502 182 0
501 183 0
501 184 0
500 185 0
379 435 0
380 435 0
381 435 0
382 435 0
383 435 0
384 435 0
385 435 0
386 435 0
387 435 0
388 435 0
389 435 0
390 434 0
391 434 0
392 433 0
393 433 0
394 433 0
395 432 0
396 432 0
397 431 0
398 431 0
399 430 0
400 430 0
401 429 0
402 429 0
403 428 0
404 428 0
405 427 0
406 426 0
407 425 0
408 424 0
409 424 0
410 423 0
411 422 0
412 421 0
412 420 0
413 419 0
414 418 0
415 417 0
416 416 0
417 415 0
417 414 0
418 413 0
418 412 0
419 411 0
420 410 0
420 409 0
421 408 0
421 407 0
422 406 0
422 405 0
423 404 0
423 403 0
423 402 0
424 401 0
424 400 0
424 399 0
425 398 0
426 397 0
426 396 0
427 395 0
427 394 0
428 393 0
428 392 0
429 391 0
429 390 0
430 389 0
431 388 0
431 387 0
431 386 0
432 385 0
432 384 0
432 383 0
433 382 0
433 381 0
434 380 0
434 379 0
435 378 0
435 377 0
436 376 0
436 375 0
436 374 0
436 373 0
437 372 0
437 371 0
438 370 0
439 369 0
439 368 0
440 367 0
440 366 0
441 365 0
441 364 0
441 363 0
442 362 0
442 361 0
442 360 0
443 359 0
443 358 0
444 357 0
444 356 0
444 355 0
444 354 0
445 353 0
445 352 0
445 351 0
446 350 0
447 349 0
447 348 0
448 347 0
448 346 0
448 345 0
449 344 0
449 343 0
450 342 0
450 341 0
450 340 0
451 339 0
451 338 0
451 337 0
452 336 0
452 335 0
452 334 0
453 333 0
454 332 0
454 331 0
454 330 0
454 329 0
455 328 0
455 327 0
456 326 0
456 325 0
456 324 0
456 323 0
456 322 0
457 321 0
457 320 0
458 319 0
458 318 0
459 317 0
459 316 0
459 315 0
460 314 0
460 313 0
460 312 0
460 311 0
461 310 0
461 309 0
461 308 0
462 307 0
462 306 0
462 305 0
462 304 0
463 303 0
463 302 0
463 301 0
463 300 0
464 299 0
464 298 0
464 297 0
464 296 0
464 295 0
465 294 0
465 293 0
465 292 0
466 291 0
466 290 0
466 289 0
467 288 0
467 287 0
467 286 0
467 285 0
468 284 0
468 283 0
468 282 0
468 281 0
469 280 0
469 279 0
469 278 0
469 277 0
469 276 0
470 275 0
470 274 0
470 273 0
471 272 0
471 271 0
471 270 0
471 269 0
472 268 0
472 267 0
472 266 0
472 265 0
473 264 0
474 263 0
474 262 0
475 261 0
475 260 0
475 259 0
475 258 0
475 257 0
476 256 0
476 255 0
476 254 0
476 253 0
477 252 0
476 251 0
476 250 0
476 249 0
476 248 0
476 247 0
477 246 0
477 245 0
477 244 0
477 243 0
477 242 0
478 241 0
478 240 0
478 239 0
478 238 0
479 237 0
479 236 0
479 235 0
479 234 0
480 233 0
480 232 0
480 231 0
481 230 0
481 229 0
482 228 0
482 227 0
482 226 0
483 225 0
483 224 0
483 223 0
484 222 0
484 221 0
484 220 0
485 219 0
485 218 0
486 217 0
486 216 0
487 215 0
487 214 0
487 213 0
487 212 0
486 211 0
485 212 0
484 213 0
484 214 0
483 215 0
483 216 0
483 217 0
482 218 0
481 219 0
481 220 0
480 221 0
480 222 0
480 223 0
479 224 0
479 225 0
479 226 0
478 227 0
478 228 0
478 229 0
477 230 0
477 231 0
477 232 0
476 233 0
476 234 0
476 235 0
475 236 0
475 237 0
475 238 0
475 239 0
475 240 0
474 241 0
474 242 0
474 243 0
473 244 0
473 245 0
473 246 0
473 247 0
473 248 0
473 249 0
472 250 0
472 251 0
472 252 0
472 253 0
472 254 0
471 255 0
471 256 0
471 257 0
470 258 0
470 259 0
470 260 0
470 261 0
469 262 0
469 263 0
469 264 0
469 265 0
469 266 0
468 267 0
468 268 0
468 269 0
467 270 0
467 271 0
467 272 0
467 273 0
467 274 0
467 275 0
466 276 0
466 277 0
466 278 0
466 279 0
466 280 0
465 281 0
465 282 0
465 283 0
465 284 0
464 285 0
464 286 0
464 287 0
463 288 0
463 289 0
463 290 0
463 291 0
462 292 0
462 293 0
461 294 0
461 295 0
461 296 0
461 297 0
461 298 0
460 299 0
460 300 0
460 301 0
460 302 0
459 303 0
459 304 0
459 305 0
459 306 0
459 307 0
458 308 0
458 309 0
457 310 0
457 311 0
457 312 0
457 313 0
457 314 0
456 315 0
456 316 0
455 317 0
455 318 0
455 319 0
454 320 0
454 321 0
453 322 0
453 323 0
453 324 0
453 325 0
453 326 0
452 327 0
452 328 0
451 329 0
451 330 0
451 331 0
450 332 0
450 333 0
450 334 0
449 335 0
449 336 0
448 337 0
448 338 0
448 339 0
447 340 0
447 341 0
447 342 0
446 343 0
446 344 0
445 345 0
445 346 0
445 347 0
444 348 0
444 349 0
443 350 0
443 351 0
442 352 0
442 353 0
442 354 0
441 355 0
441 356 0
441 357 0
440 358 0
440 359 0
440 360 0
439 361 0
439 362 0
438 363 0
438 364 0
437 365 0
437 366 0
437 367 0
436 368 0
436 369 0
435 370 0
434 371 0
434 372 0
434 373 0
433 374 0
433 375 0
433 376 0
432 377 0
432 378 0
431 379 0
431 380 0
431 381 0
430 382 0
430 383 0
429 384 0
429 385 0
429 386 0
428 387 0
428 388 0
427 389 0
427 390 0
426 391 0
426 392 0
425 393 0
424 394 0
424 395 0
423 396 0
423 397 0
422 398 0
422 399 0
421 400 0
421 401 0
421 402 0
420 403 0
420 404 0
419 405 0
419 406 0
418 407 0
418 408 0
417 409 0
417 410 0
416 411 0
416 412 0
415 413 0
414 414 0
414 415 0
413 416 0
412 417 0
411 418 0
410 419 0
410 420 0
409 421 0
408 421 0
407 422 0
406 423 0
405 424 0
404 424 0
403 425 0
402 426 0
403 425 0
404 424 0
405 423 0
406 423 0
407 422 0
408 421 0
409 420 0
410 419 0
411 418 0
411 417 0
412 416 0
413 415 0
414 414 0
414 413 0
415 412 0
416 411 0
416 410 0
417 409 0
417 408 0
418 407 0
418 406 0
419 405 0
419 404 0
420 403 0
420 402 0
421 401 0
421 400 0
422 399 0
422 398 0
423 397 0
423 396 0
423 395 0
424 394 0
425 393 0
425 392 0
426 391 0
426 390 0
427 389 0
427 388 0
428 387 0
428 386 0
429 385 0
429 384 0
430 383 0
430 382 0
430 381 0
431 380 0
431 379 0
432 378 0
432 377 0
432 376 0
433 375 0
433 374 0
434 373 0
434 372 0
434 371 0
434 370 0
435 369 0
436 368 0
436 367 0
437 366 0
437 365 0
438 364 0
438 363 0
438 362 0
439 361 0
440 360 0
440 359 0
440 358 0
441 357 0
441 356 0
441 355 0
442 354 0
442 353 0
442 352 0
443 351 0
443 350 0
443 349 0
444 348 0
444 347 0
445 346 0
445 345 0
446 344 0
446 343 0
446 342 0
447 341 0
447 340 0
448 339 0
448 338 0
448 337 0
448 336 0
449 335 0
450 334 0
450 333 0
450 332 0
451 331 0
451 330 0
451 329 0
452 328 0
452 327 0
452 326 0
453 325 0
453 324 0
453 323 0
453 322 0
454 321 0
454 320 0
454 319 0
455 318 0
455 317 0
456 316 0
456 315 0
457 314 0
457 313 0
457 312 0
457 311 0
457 310 0
458 309 0
458 308 0
459 307 0
459 306 0
459 305 0
459 304 0
459 303 0
460 302 0
460 301 0
460 300 0
460 299 0
461 298 0
461 297 0
461 296 0
461 295 0
461 294 0
461 293 0
462 292 0
462 291 0
463 290 0
463 289 0
463 288 0
464 287 0
464 286 0
464 285 0
465 284 0
465 283 0
465 282 0
465 281 0
466 280 0
466 279 0
466 278 0
466 277 0
466 276 0
467 275 0
467 274 0
467 273 0
467 272 0
467 271 0
467 270 0
468 269 0
468 268 0
468 267 0
469 266 0
469 265 0
469 264 0
469 263 0
469 262 0
470 261 0
470 260 0
470 259 0
470 258 0
471 257 0
471 256 0
471 255 0
472 254 0
472 253 0
472 252 0
472 251 0
472 250 0
473 249 0
473 248 0
473 247 0
473 246 0
473 245 0
473 244 0
474 243 0
474 242 0
474 241 0
475 240 0
475 239 0
475 238 0
475 237 0
475 236 0
476 235 0
476 234 0
476 233 0
477 232 0
477 231 0
477 230 0
477 229 0
478 228 0
478 227 0
478 226 0
479 225 0
479 224 0
480 223 0
480 222 0
480 221 0
481 220 0
481 219 0
482 218 0
482 217 0
483 216 0
483 215 0
484 214 0
484 213 0
484 212 0
485 212 0
486 211 0
487 211 0
488 210 0
489 210 0
490 210 0
491 209 0
492 209 0
493 208 0
494 207 0
495 206 0
495 205 0
495 204 0
496 203 0
496 202 0
497 201 0
497 200 0
497 199 0
497 198 0
497 197 0
497 196 0
497 195 0
497 194 0
497 193 0
497 192 0
497 191 0
497 190 0
497 189 0
498 188 0
499 187 0
499 186 0
500 185 0
500 184 0
501 183 0
501 182 0
502 181 0
503 180 0
504 179 0
505 178 0
505 177 0
506 176 0
506 175 0
507 174 0
508 173 0
509 173 0
510 172 0
511 171 0
512 170 0
513 169 0
514 168 0
514 167 0
515 166 0
515 165 0
516 164 0
516 163 0
517 162 0
517 161 0
518 160 0
518 159 0
518 158 0
518 157 0
518 156 0
519 155 0
520 154 0
521 153 0
521 152 0
522 151 0
521 152 0
521 153 0
521 154 0
520 155 0
519 156 0
518 157 0
518 158 0
518 159 0
518 160 0
517 161 0
517 162 0
517 163 0
516 164 0
516 165 0
515 166 0
515 167 0
515 168 0
516 169 0
517 168 0
518 167 0
518 166 0
519 165 0
519 164 0
520 163 0
520 162 0
520 161 0
521 160 0
521 159 0
521 158 0
521 157 0
522 156 0
523 155 0
524 154 0
524 153 0
525 152 0
525 151 0
526 150 0
527 149 0
527 148 0
528 147 0
529 146 0
529 145 0
530 144 0
530 143 0
531 142 0
532 141 0
532 140 0
533 139 0
534 138 0
534 137 0
535 136 0
536 135 0
536 134 0
537 133 0
537 132 0
538 131 0
539 130 0
539 129 0
540 128 0
540 127 0
541 126 0
542 125 0
542 124 0
543 123 0
543 122 0
544 121 0
544 120 0
544 119 0
545 118 0
545 117 0
546 116 0
546 115 0
547 114 0
547 113 0
547 112 0
548 111 0
548 110 0
549 109 0
550 108 0
550 107 0
551 106 0
551 105 0
552 104 0
552 103 0
552 104 0
551 105 0
551 106 0
551 107 0
550 108 0
549 109 0
549 110 0
548 111 0
548 112 0
547 113 0
547 114 0
547 115 0
546 116 0
546 117 0
545 118 0
545 119 0
544 120 0
544 121 0
543 122 0
543 123 0
543 124 0
542 125 0
542 126 0
541 127 0
540 128 0
540 129 0
539 130 0
539 131 0
538 132 0
537 133 0
537 134 0
536 135 0
536 136 0
535 137 0
534 138 0
534 139 0
533 140 0
532 141 0
532 142 0
531 143 0
530 144 0
530 145 0
529 146 0
529 147 0
528 148 0
527 149 0
527 150 0
526 151 0
525 152 0
524 153 0
524 154 0
523 155 0
523 156 0
522 157 0
521 158 0
521 159 0
521 160 0
520 161 0
520 162 0
520 163 0
519 164 0
519 165 0
519 166 0
518 167 0
518 168 0
517 168 0
516 169 0
516 170 0
516 171 0
515 172 0
514 173 0
513 174 0
512 174 0
511 175 0
510 176 0
509 177 0
509 178 0
508 179 0
507 180 0
507 181 0
506 182 0
506 183 0
505 184 0
504 185 0
503 186 0
502 187 0
502 188 0
501 189 0
500 190 0
500 191 0
500 192 0
500 193 0
500 194 0
500 195 0
500 196 0
500 197 0
500 198 0
500 199 0
500 200 0
500 201 0
500 202 0
499 203 0
499 204 0
499 205 0
498 206 0
498 207 0
497 208 0
497 207 0
498 206 0
498 205 0
499 204 0
499 203 0
500 202 0
500 201 0
500 200 0
500 199 0
500 198 0
500 197 0
500 196 0
500 195 0
500 194 0
500 193 0
500 192 0
500 191 0
500 190 0
501 189 0
501 188 0
500 187 0
499 187 0
498 188 0
498 189 0
497 190 0
497 191 0
497 192 0
497 193 0
497 194 0
497 195 0
497 196 0
497 197 0
497 198 0
497 199 0
497 200 0
497 201 0
496 202 0
496 203 0
496 204 0
495 205 0
495 206 0
494 207 0
493 208 0
492 209 0
491 209 0
490 210 0
489 210 0
488 210 0
487 211 0
487 212 0
488 213 0
489 213 0
490 212 0
491 212 0
492 212 0
491 212 0
490 213 0
489 213 0
488 214 0
487 215 0
487 216 0
486 217 0
486 218 0
485 219 0
485 220 0
484 221 0
484 222 0
483 223 0
483 224 0
483 225 0
482 226 0
482 227 0
482 228 0
481 229 0
481 230 0
480 231 0
480 232 0
480 233 0
479 234 0
479 235 0
479 236 0
479 237 0
478 238 0
478 239 0
478 240 0
478 241 0
477 242 0
477 243 0
477 244 0
477 245 0
477 246 0
476 247 0
476 248 0
476 249 0
476 250 0
476 251 0
477 252 0
476 253 0
476 254 0
476 255 0
476 256 0
476 257 0
475 258 0
475 259 0
475 260 0
475 261 0
474 262 0
474 263 0
473 264 0
472 265 0
472 266 0
472 267 0
472 268 0
471 269 0
471 270 0
471 271 0
471 272 0
470 273 0
470 274 0
470 275 0
469 276 0
469 277 0
469 278 0
469 279 0
469 280 0
468 281 0
468 282 0
468 283 0
468 284 0
467 285 0
467 286 0
467 287 0
467 288 0
466 289 0
466 290 0
466 291 0
465 292 0
465 293 0
465 294 0
464 295 0
464 296 0
464 297 0
464 298 0
464 299 0
463 300 0
463 301 0
463 302 0
463 303 0
462 304 0
462 305 0
462 306 0
462 307 0
461 308 0
461 309 0
461 310 0
460 311 0
460 312 0
460 313 0
460 314 0
459 315 0
459 316 0
459 317 0
458 318 0
458 319 0
457 320 0
457 321 0
457 322 0
456 323 0
456 324 0
456 325 0
456 326 0
455 327 0
455 328 0
454 329 0
454 330 0
454 331 0
454 332 0
453 333 0
453 334 0
452 335 0
452 336 0
451 337 0
451 338 0
451 339 0
450 340 0
450 341 0
450 342 0
450 343 0
449 344 0
449 345 0
448 346 0
448 347 0
447 348 0
447 349 0
446 350 0
446 351 0
445 352 0
445 353 0
445 354 0
444 355 0
444 356 0
444 357 0
443 358 0
443 359 0
443 360 0
442 361 0
442 362 0
442 363 0
441 364 0
441 365 0
440 366 0
440 367 0
439 368 0
439 369 0
439 370 0
438 371 0
437 372 0
437 373 0
436 374 0
436 375 0
436 376 0
435 377 0
435 378 0
434 379 0
434 380 0
434 381 0
433 382 0
433 383 0
432 384 0
432 385 0
431 386 0
431 387 0
431 388 0
430 389 0
430 390 0
429 391 0
429 392 0
428 393 0
428 394 0
427 395 0
427 396 0
426 397 0
426 398 0
425 399 0
424 400 0
424 401 0
423 402 0
423 403 0
423 404 0
422 405 0
422 406 0
421 407 0
421 408 0
421 409 0
420 410 0
420 411 0
419 412 0
418 413 0
418 414 0
417 415 0
417 416 0
416 417 0
415 418 0
414 419 0
413 420 0
412 421 0
412 422 0
411 423 0
410 424 0
409 424 0
408 425 0
407 426 0
406 427 0
405 428 0
404 428 0
403 429 0
402 429 0
401 429 0
400 430 0
399 431 0
398 431 0
397 432 0
396 432 0
395 432 0
394 433 0
393 433 0
392 434 0
391 434 0
390 435 0
389 435 0
388 435 0
387 435 0
386 435 0
385 435 0
384 435 0
383 435 0
382 435 0
381 435 0
380 435 0
