492 213 0
492 212 0
493 211 0
494 210 0
495 209 0
495 208 0
495 207 0
495 206 0
495 205 0
495 204 0
495 203 0
495 202 0
496 201 0
496 200 0
496 199 0
496 198 0
496 197 0
496 196 0
496 195 0
497 194 0
497 193 0
497 192 0
497 191 0
498 190 0
498 189 0
499 188 0
500 187 0
500 186 0
501 185 0
502 184 0
503 183 0
503 182 0
504 181 0
504 180 0
505 179 0
505 178 0
506 177 0
507 176 0
508 175 0
509 174 0
510 173 0
511 173 0
512 172 0
513 171 0
514 170 0
515 169 0
515 168 0
515 167 0
516 166 0
516 165 0
516 164 0
516 163 0
517 162 0
517 161 0
518 160 0
519 159 0
519 158 0
520 157 0
521 156 0
521 155 0
522 154 0
523 153 0
523 152 0
524 151 0
524 150 0
525 149 0
526 148 0
526 147 0
527 146 0
528 145 0
528 144 0
529 143 0
529 142 0
529 141 0
529 140 0
530 139 0
531 138 0
532 137 0
533 136 0
533 135 0
534 134 0
535 133 0
535 132 0
536 131 0
536 130 0
537 129 0
538 128 0
538 127 0
539 126 0
540 125 0
540 124 0
541 123 0
542 122 0
542 121 0
543 120 0
543 119 0
544 118 0
545 117 0
545 116 0
546 115 0
546 114 0
547 113 0
548 112 0
548 111 0
549 110 0
549 109 0
550 108 0
550 107 0
551 106 0
552 105 0
552 104 0
553 103 0
553 102 0
553 101 0
554 101 0
553 102 0
553 103 0
552 104 0
552 105 0
551 106 0
551 107 0
550 108 0
550 109 0
549 110 0
549 111 0
548 112 0
548 113 0
547 114 0
546 115 0
546 116 0
545 117 0
545 118 0
544 119 0
543 120 0
543 121 0
542 122 0
542 123 0
541 124 0
540 125 0
540 126 0
539 127 0
538 128 0
538 129 0
537 130 0
536 131 0
536 132 0
535 133 0
535 134 0
534 135 0
533 136 0
533 137 0
532 138 0
531 139 0
530 140 0
529 141 0
529 142 0
529 143 0
528 144 0
528 145 0
527 146 0
527 147 0
526 148 0
526 149 0
525 150 0
524 151 0
524 152 0
523 153 0
522 154 0
522 155 0
521 156 0
521 157 0
520 158 0
519 159 0
519 160 0
518 161 0
517 162 0
517 163 0
516 164 0
516 165 0
516 166 0
515 167 0
515 168 0
515 169 0
515 170 0
514 171 0
513 172 0
512 173 0
511 173 0
510 174 0
509 175 0
508 176 0
507 177 0
506 178 0
505 179 0
504 180 0
504 181 0
503 182 0
503 183 0
503 184 0
502 185 0
501 186 0
500 187 0
500 188 0
499 189 0
498 190 0
498 191 0
497 192 0
497 193 0
497 194 0
496 195 0
496 196 0
496 197 0
496 198 0
496 199 0
496 200 0
496 201 0
496 202 0
495 203 0
495 204 0
495 205 0
495 206 0
495 207 0
495 208 0
496 209 0
495 210 0
494 211 0
493 212 0
491 215 0
492 215 0
493 215 0
494 214 0
495 214 0
496 213 0
497 212 0
497 211 0
498 210 0
498 209 0
498 208 0
498 207 0
498 206 0
499 205 0
499 204 0
499 203 0
499 202 0
499 201 0
499 200 0
499 199 0
499 198 0
499 197 0
499 196 0
500 195 0
500 194 0
500 193 0
500 192 0
501 191 0
502 190 0
502 189 0
503 188 0
504 187 0
504 186 0
505 185 0
506 184 0
506 183 0
507 182 0
507 181 0
508 180 0
508 179 0
509 178 0
510 177 0
511 176 0
512 176 0
513 175 0
514 175 0
515 174 0
516 173 0
516 172 0
517 171 0
518 170 0
518 169 0
518 168 0
519 167 0
519 166 0
519 165 0
519 164 0
520 163 0
520 162 0
521 161 0
522 160 0
522 159 0
523 158 0
523 157 0
524 156 0
525 155 0
526 154 0
526 153 0
527 152 0
527 151 0
528 150 0
529 149 0
529 148 0
530 147 0
530 146 0
531 145 0
531 144 0
532 143 0
532 142 0
533 141 0
534 140 0
534 139 0
535 138 0
536 137 0
536 136 0
537 135 0
538 134 0
538 133 0
539 132 0
540 131 0
541 130 0
541 129 0
542 128 0
542 127 0
543 126 0
544 125 0
544 124 0
545 123 0
546 122 0
546 121 0
546 120 0
547 119 0
548 118 0
548 117 0
549 116 0
550 115 0
550 114 0
551 113 0
551 112 0
552 111 0
552 110 0
553 109 0
554 108 0
554 107 0
555 106 0
555 105 0
556 104 0
556 103 0
556 102 0
556 103 0
556 104 0
556 105 0
555 106 0
554 107 0
554 108 0
554 109 0
553 110 0
552 111 0
552 112 0
551 113 0
551 114 0
550 115 0
549 116 0
549 117 0
548 118 0
547 119 0
547 120 0
546 121 0
546 122 0
545 123 0
545 124 0
544 125 0
544 126 0
543 127 0
542 128 0
542 129 0
541 130 0
541 131 0
540 132 0
539 133 0
538 134 0
538 135 0
537 136 0
536 137 0
536 138 0
535 139 0
534 140 0
534 141 0
533 141 0
532 142 0
532 143 0
532 144 0
531 145 0
531 146 0
530 147 0
530 148 0
529 149 0
529 150 0
528 151 0
527 152 0
527 153 0
526 154 0
526 155 0
525 156 0
524 157 0
523 158 0
523 159 0
522 160 0
521 161 0
521 162 0
520 163 0
520 164 0
519 165 0
519 166 0
519 167 0
518 168 0
518 169 0
518 170 0
517 171 0
517 172 0
516 173 0
516 174 0
515 174 0
514 175 0
513 175 0
512 176 0
511 177 0
510 178 0
509 179 0
508 180 0
508 181 0
507 182 0
506 183 0
506 184 0
506 185 0
505 186 0
504 187 0
504 188 0
503 189 0
502 190 0
502 191 0
501 192 0
500 193 0
500 194 0
500 195 0
499 196 0
499 197 0
499 198 0
499 199 0
499 200 0
499 201 0
499 202 0
499 203 0
499 204 0
499 205 0
498 206 0
498 207 0
498 208 0
498 209 0
498 210 0
497 211 0
497 212 0
497 213 0
496 214 0
495 214 0
494 214 0
493 215 0
492 215 0
401 427 0
402 428 0
403 427 0
404 427 0
405 426 0
406 426 0
407 425 0
406 424 0
405 423 0
404 424 0
403 424 0
402 425 0
401 425 0
400 426 0
371 437 0
372 437 0
373 437 0
374 437 0
375 436 0
376 436 0
377 436 0
378 436 0
379 436 0
380 436 0
381 435 0
382 435 0
383 435 0
384 435 0
385 434 0
386 434 0
387 434 0
388 433 0
389 433 0
390 433 0
391 433 0
392 433 0
393 432 0
394 432 0
395 431 0
396 431 0
397 430 0
398 430 0
399 429 0
400 429 0
401 428 0
401 427 0
400 426 0
401 425 0
402 425 0
403 424 0
404 424 0
405 423 0
406 423 0
407 423 0
408 422 0
409 421 0
410 420 0
411 420 0
412 419 0
413 418 0
414 417 0
415 416 0
416 416 0
417 415 0
418 414 0
419 413 0
419 412 0
420 411 0
421 411 0
422 410 0
423 409 0
423 408 0
424 407 0
425 406 0
426 405 0
427 404 0
427 403 0
428 402 0
429 401 0
429 400 0
430 399 0
430 398 0
431 397 0
432 396 0
432 395 0
433 394 0
434 393 0
434 392 0
435 391 0
436 390 0
436 389 0
436 388 0
437 387 0
438 386 0
438 385 0
438 384 0
439 383 0
440 382 0
440 381 0
440 380 0
441 379 0
441 378 0
442 377 0
442 376 0
442 375 0
443 374 0
443 373 0
443 372 0
442 371 0
442 370 0
442 371 0
443 372 0
443 373 0
443 374 0
443 375 0
442 376 0
442 377 0
441 378 0
441 379 0
441 380 0
440 381 0
440 382 0
439 383 0
439 384 0
438 385 0
438 386 0
437 387 0
437 388 0
436 389 0
436 390 0
436 391 0
437 392 0
436 391 0
435 392 0
434 393 0
434 394 0
433 395 0
432 396 0
432 397 0
431 398 0
430 399 0
430 400 0
429 401 0
429 402 0
428 403 0
427 404 0
427 405 0
426 406 0
425 407 0
424 408 0
423 409 0
423 410 0
422 411 0
421 411 0
420 412 0
419 413 0
419 414 0
418 415 0
417 416 0
416 416 0
415 417 0
414 418 0
413 419 0
412 419 0
411 420 0
410 421 0
409 422 0
408 422 0
407 423 0
406 424 0
407 425 0
408 425 0
409 424 0
410 424 0
411 423 0
412 422 0
413 422 0
414 421 0
415 420 0
416 420 0
417 419 0
418 418 0
419 417 0
420 416 0
421 415 0
422 414 0
423 413 0
424 412 0
425 411 0
426 410 0
427 409 0
427 408 0
428 407 0
429 406 0
430 405 0
430 404 0
431 403 0
432 402 0
433 401 0
433 400 0
434 399 0
435 398 0
435 397 0
436 396 0
437 395 0
438 394 0
439 393 0
440 392 0
440 391 0
441 390 0
441 389 0
440 388 0
440 387 0
441 386 0
442 385 0
443 384 0
443 383 0
444 382 0
444 381 0
444 380 0
445 379 0
445 378 0
445 377 0
446 376 0
446 375 0
447 374 0
447 373 0
447 372 0
447 371 0
447 370 0
448 369 0
448 368 0
448 367 0
448 366 0
449 365 0
449 364 0
450 363 0
450 362 0
450 361 0
450 360 0
451 359 0
451 358 0
451 357 0
451 356 0
452 355 0
452 354 0
452 353 0
452 352 0
452 351 0
453 350 0
453 349 0
453 348 0
453 347 0
453 346 0
454 345 0
454 344 0
454 343 0
454 342 0
454 341 0
454 340 0
455 339 0
455 338 0
455 337 0
456 336 0
456 335 0
456 334 0
456 333 0
456 332 0
457 331 0
457 330 0
457 329 0
457 328 0
458 327 0
458 326 0
458 325 0
458 324 0
458 323 0
459 322 0
459 321 0
459 320 0
459 319 0
459 318 0
459 317 0
460 316 0
460 315 0
460 314 0
461 313 0
461 312 0
461 311 0
461 310 0
461 309 0
462 308 0
462 307 0
462 306 0
462 305 0
462 304 0
462 303 0
463 302 0
463 301 0
463 300 0
463 299 0
463 298 0
464 297 0
464 296 0
464 295 0
465 294 0
465 293 0
465 292 0
466 291 0
466 290 0
466 289 0
466 288 0
467 287 0
467 286 0
467 285 0
468 284 0
468 283 0
468 282 0
468 281 0
468 280 0
469 279 0
469 278 0
469 277 0
470 276 0
470 275 0
470 274 0
471 273 0
472 272 0
472 271 0
472 270 0
471 269 0
471 268 0
471 267 0
471 266 0
470 265 0
469 266 0
468 267 0
468 268 0
468 269 0
468 270 0
468 271 0
467 272 0
467 273 0
467 274 0
466 275 0
466 276 0
466 277 0
466 278 0
466 279 0
466 280 0
465 281 0
465 282 0
465 283 0
464 284 0
464 285 0
464 286 0
463 287 0
463 288 0
463 289 0
463 290 0
462 291 0
462 292 0
462 293 0
461 294 0
461 295 0
461 296 0
461 297 0
460 298 0
460 299 0
460 300 0
460 301 0
460 302 0
459 303 0
459 304 0
459 305 0
459 306 0
459 307 0
458 308 0
458 309 0
458 310 0
458 311 0
458 312 0
457 313 0
457 314 0
457 315 0
457 316 0
456 317 0
456 318 0
456 319 0
456 320 0
456 321 0
455 322 0
455 323 0
455 324 0
455 325 0
455 326 0
454 327 0
454 328 0
454 329 0
454 330 0
453 331 0
453 332 0
453 333 0
453 334 0
453 335 0
452 336 0
452 337 0
452 338 0
452 339 0
452 340 0
451 341 0
451 342 0
451 343 0
451 344 0
451 345 0
450 346 0
450 347 0
450 348 0
450 349 0
450 350 0
449 351 0
449 352 0
449 353 0
449 354 0
448 355 0
448 356 0
448 357 0
447 358 0
447 359 0
447 360 0
447 361 0
447 362 0
446 363 0
446 364 0
445 365 0
445 366 0
444 367 0
444 368 0
444 369 0
444 368 0
444 367 0
445 366 0
445 365 0
446 364 0
446 363 0
446 362 0
447 361 0
447 360 0
447 359 0
447 358 0
448 357 0
448 356 0
448 355 0
448 354 0
449 353 0
449 352 0
449 351 0
450 350 0
450 349 0
450 348 0
450 347 0
450 346 0
451 345 0
451 344 0
451 343 0
451 342 0
451 341 0
451 340 0
452 339 0
452 338 0
452 337 0
452 336 0
453 335 0
453 334 0
453 333 0
453 332 0
453 331 0
454 330 0
454 329 0
454 328 0
454 327 0
455 326 0
455 325 0
455 324 0
455 323 0
455 322 0
455 321 0
456 320 0
456 319 0
456 318 0
456 317 0
457 316 0
457 315 0
457 314 0
457 313 0
458 312 0
458 311 0
458 310 0
458 309 0
458 308 0
459 307 0
459 306 0
459 305 0
459 304 0
459 303 0
460 302 0
460 301 0
460 300 0
460 299 0
460 298 0
461 297 0
461 296 0
461 295 0
461 294 0
462 293 0
462 292 0
462 291 0
463 290 0
463 289 0
463 288 0
463 287 0
464 286 0
464 285 0
464 284 0
465 283 0
465 282 0
465 281 0
465 280 0
466 279 0
466 278 0
466 277 0
466 276 0
466 275 0
467 274 0
467 273 0
467 272 0
467 271 0
468 270 0
468 269 0
468 268 0
468 267 0
468 266 0
469 265 0
469 264 0
469 263 0
468 262 0
468 261 0
468 260 0
469 259 0
470 258 0
470 257 0
471 256 0
471 255 0
471 254 0
472 253 0
472 252 0
472 251 0
472 250 0
472 249 0
473 248 0
473 247 0
473 246 0
473 245 0
474 244 0
474 243 0
474 242 0
474 241 0
474 240 0
475 239 0
475 238 0
475 237 0
475 236 0
475 235 0
475 234 0
475 233 0
476 232 0
476 231 0
477 230 0
477 229 0
478 228 0
478 227 0
479 226 0
479 225 0
480 224 0
480 223 0
480 222 0
481 221 0
481 220 0
482 219 0
482 218 0
482 217 0
483 216 0
483 215 0
484 214 0
485 214 0
486 214 0
487 214 0
488 213 0
489 213 0
490 213 0
489 213 0
488 213 0
487 214 0
487 215 0
486 216 0
486 217 0
486 218 0
485 219 0
485 220 0
485 221 0
484 222 0
484 223 0
483 224 0
483 225 0
482 226 0
482 227 0
482 228 0
482 229 0
481 230 0
480 231 0
480 232 0
480 233 0
479 234 0
479 235 0
478 236 0
478 237 0
478 238 0
478 239 0
478 240 0
477 241 0
477 242 0
477 243 0
477 244 0
477 245 0
477 246 0
477 247 0
476 248 0
476 249 0
476 250 0
477 251 0
477 252 0
477 253 0
476 254 0
476 255 0
476 256 0
476 257 0
476 258 0
475 259 0
475 260 0
475 261 0
474 262 0
474 263 0
474 264 0
474 263 0
474 262 0
475 261 0
475 260 0
475 259 0
476 258 0
476 257 0
476 256 0
476 255 0
476 254 0
477 253 0
477 252 0
477 251 0
476 250 0
476 249 0
476 248 0
477 247 0
477 246 0
476 245 0
476 244 0
477 243 0
477 242 0
477 241 0
478 240 0
478 239 0
478 238 0
478 237 0
478 236 0
479 235 0
479 234 0
480 233 0
480 232 0
480 231 0
481 230 0
481 229 0
482 228 0
482 227 0
482 226 0
483 225 0
483 224 0
484 223 0
484 222 0
484 221 0
485 220 0
485 219 0
486 218 0
486 217 0
486 216 0
487 215 0
486 214 0
485 214 0
484 215 0
483 216 0
483 217 0
482 218 0
482 219 0
481 220 0
481 221 0
481 222 0
480 223 0
480 224 0
479 225 0
479 226 0
478 227 0
478 228 0
478 229 0
477 230 0
477 231 0
476 232 0
476 233 0
475 234 0
475 235 0
475 236 0
475 237 0
475 238 0
475 239 0
474 240 0
474 241 0
474 242 0
474 243 0
474 244 0
473 245 0
473 246 0
473 247 0
473 248 0
472 249 0
472 250 0
472 251 0
472 252 0
472 253 0
471 254 0
471 255 0
471 256 0
470 257 0
470 258 0
470 259 0
469 260 0
468 261 0
468 262 0
469 263 0
469 264 0
470 265 0
471 266 0
472 265 0
471 266 0
471 267 0
471 268 0
471 269 0
472 270 0
472 271 0
472 272 0
471 273 0
471 274 0
470 275 0
470 276 0
469 277 0
469 278 0
469 279 0
468 280 0
468 281 0
468 282 0
468 283 0
468 284 0
467 285 0
467 286 0
467 287 0
466 288 0
466 289 0
466 290 0
466 291 0
465 292 0
465 293 0
465 294 0
464 295 0
464 296 0
464 297 0
463 298 0
463 299 0
463 300 0
463 301 0
463 302 0
462 303 0
462 304 0
462 305 0
462 306 0
462 307 0
462 308 0
461 309 0
461 310 0
461 311 0
461 312 0
461 313 0
460 314 0
460 315 0
460 316 0
460 317 0
459 318 0
459 319 0
459 320 0
459 321 0
459 322 0
458 323 0
458 324 0
458 325 0
458 326 0
458 327 0
457 328 0
457 329 0
457 330 0
457 331 0
456 332 0
456 333 0
456 334 0
456 335 0
456 336 0
455 337 0
455 338 0
455 339 0
454 340 0
454 341 0
454 342 0
454 343 0
454 344 0
454 345 0
453 346 0
453 347 0
453 348 0
453 349 0
453 350 0
452 351 0
452 352 0
452 353 0
452 354 0
452 355 0
451 356 0
451 357 0
451 358 0
451 359 0
450 360 0
450 361 0
450 362 0
450 363 0
449 364 0
449 365 0
449 366 0
448 367 0
448 368 0
448 369 0
447 370 0
447 371 0
447 372 0
447 373 0
447 374 0
446 375 0
446 376 0
446 377 0
445 378 0
445 379 0
445 380 0
444 381 0
444 382 0
444 383 0
443 384 0
443 385 0
442 386 0
441 387 0
440 388 0
441 389 0
441 390 0
441 391 0
440 392 0
440 393 0
439 394 0
438 395 0
437 396 0
436 397 0
435 398 0
435 399 0
434 400 0
433 401 0
433 402 0
432 403 0
431 404 0
430 405 0
430 406 0
429 407 0
428 408 0
427 409 0
427 410 0
426 411 0
425 412 0
424 413 0
423 414 0
422 415 0
421 416 0
420 417 0
419 418 0
418 419 0
417 420 0
416 420 0
415 421 0
414 422 0
413 422 0
412 423 0
411 424 0
410 424 0
409 425 0
408 425 0
407 426 0
406 426 0
405 427 0
404 427 0
403 427 0
402 428 0
401 428 0
400 429 0
399 429 0
398 430 0
397 430 0
396 431 0
395 431 0
394 432 0
393 432 0
392 433 0
391 433 0
390 433 0
389 433 0
388 433 0
387 434 0
386 434 0
385 435 0
384 435 0
383 435 0
382 435 0
381 435 0
380 436 0
379 436 0
378 436 0
377 436 0
376 436 0
375 436 0
374 437 0
373 437 0
372 437 0
