542 124 0
543 123 0
543 122 0
543 121 0
544 120 0
544 119 0
545 118 0
545 117 0
546 116 0
547 115 0
547 114 0
548 113 0
548 112 0
548 111 0
548 110 0
549 109 0
550 108 0
550 107 0
551 106 0
552 106 0
551 107 0
550 108 0
550 109 0
549 110 0
548 111 0
548 112 0
548 113 0
547 114 0
547 115 0
546 116 0
546 117 0
545 118 0
544 119 0
544 120 0
544 121 0
543 122 0
543 123 0
497 210 0
497 209 0
498 208 0
498 207 0
499 206 0
499 205 0
499 204 0
499 203 0
500 202 0
500 201 0
500 200 0
500 199 0
500 198 0
500 197 0
500 196 0
500 195 0
500 194 0
500 193 0
501 192 0
501 191 0
501 190 0
501 189 0
502 188 0
502 187 0
502 186 0
503 185 0
504 184 0
504 183 0
505 182 0
506 181 0
506 180 0
507 179 0
507 178 0
508 177 0
509 176 0
510 175 0
510 174 0
511 173 0
511 172 0
512 171 0
513 170 0
514 169 0
515 169 0
516 168 0
517 167 0
518 166 0
519 165 0
519 164 0
520 163 0
521 162 0
521 161 0
521 160 0
522 159 0
522 158 0
522 157 0
522 156 0
523 155 0
523 154 0
524 153 0
525 152 0
525 151 0
526 150 0
526 149 0
527 148 0
527 147 0
528 146 0
529 145 0
530 144 0
530 143 0
531 142 0
531 141 0
532 140 0
533 139 0
533 138 0
534 137 0
535 136 0
535 135 0
536 134 0
537 133 0
537 134 0
536 135 0
535 136 0
535 137 0
534 138 0
533 139 0
533 140 0
532 141 0
531 142 0
530 143 0
530 144 0
529 145 0
528 146 0
528 147 0
527 148 0
527 149 0
526 150 0
526 151 0
525 152 0
525 153 0
524 154 0
523 155 0
523 156 0
522 157 0
522 158 0
522 159 0
522 160 0
521 161 0
521 162 0
520 163 0
520 164 0
519 165 0
519 166 0
518 167 0
517 168 0
516 168 0
515 169 0
515 170 0
516 171 0
517 171 0
518 170 0
519 169 0
520 168 0
521 167 0
522 166 0
522 165 0
523 164 0
523 163 0
524 162 0
524 161 0
524 160 0
525 159 0
525 158 0
525 157 0
526 156 0
526 155 0
527 154 0
527 153 0
528 152 0
529 151 0
529 150 0
530 149 0
530 148 0
531 147 0
532 146 0
532 145 0
533 144 0
534 143 0
534 142 0
535 141 0
536 140 0
536 139 0
537 138 0
538 137 0
538 136 0
539 135 0
540 134 0
541 133 0
541 132 0
542 131 0
542 130 0
542 129 0
543 128 0
544 127 0
544 126 0
545 125 0
545 124 0
546 123 0
546 122 0
547 121 0
548 120 0
548 119 0
549 118 0
549 117 0
549 116 0
550 115 0
550 114 0
551 113 0
551 112 0
552 111 0
552 110 0
553 109 0
553 108 0
554 107 0
555 106 0
555 107 0
554 107 0
553 108 0
553 109 0
553 110 0
552 111 0
552 112 0
551 113 0
551 114 0
550 115 0
550 116 0
549 117 0
549 118 0
548 119 0
548 120 0
547 121 0
547 122 0
546 123 0
546 124 0
545 125 0
545 126 0
544 127 0
544 128 0
543 129 0
542 130 0
542 131 0
541 132 0
541 133 0
540 134 0
540 135 0
539 136 0
538 137 0
538 138 0
537 139 0
536 140 0
536 141 0
535 142 0
534 143 0
534 144 0
533 145 0
532 146 0
532 147 0
531 148 0
530 149 0
530 150 0
529 151 0
529 152 0
528 153 0
527 154 0
527 155 0
526 156 0
526 157 0
525 158 0
525 159 0
524 160 0
524 161 0
524 162 0
523 163 0
523 164 0
523 165 0
522 166 0
522 167 0
521 168 0
520 169 0
519 170 0
518 171 0
517 171 0
516 172 0
515 173 0
514 174 0
514 175 0
513 176 0
513 177 0
512 178 0
511 179 0
510 180 0
510 181 0
509 182 0
509 183 0
508 184 0
507 185 0
507 186 0
506 187 0
505 188 0
504 189 0
504 190 0
504 191 0
504 192 0
504 193 0
503 194 0
503 195 0
503 196 0
503 197 0
503 198 0
503 199 0
503 200 0
503 201 0
503 202 0
502 203 0
502 204 0
502 205 0
502 206 0
502 207 0
501 208 0
500 209 0
501 208 0
501 207 0
502 206 0
502 205 0
502 204 0
502 203 0
503 202 0
503 201 0
503 200 0
503 199 0
503 198 0
503 197 0
503 196 0
503 195 0
503 194 0
504 193 0
504 192 0
504 191 0
504 190 0
504 189 0
505 188 0
506 187 0
506 186 0
507 185 0
507 184 0
508 183 0
509 182 0
509 181 0
510 180 0
510 179 0
511 178 0
512 177 0
513 176 0
513 175 0
514 174 0
514 173 0
515 172 0
516 171 0
515 170 0
514 170 0
513 171 0
512 172 0
511 173 0
511 174 0
510 175 0
510 176 0
509 177 0
508 178 0
507 179 0
507 180 0
506 181 0
506 182 0
505 183 0
504 184 0
504 185 0
503 186 0
502 187 0
502 188 0
501 189 0
501 190 0
501 191 0
501 192 0
500 193 0
500 194 0
500 195 0
500 196 0
500 197 0
500 198 0
500 199 0
500 200 0
500 201 0
500 202 0
499 203 0
499 204 0
499 205 0
499 206 0
498 207 0
498 208 0
497 209 0
406 426 0
407 425 0
408 424 0
409 424 0
410 423 0
411 423 0
412 422 0
413 421 0
414 421 0
415 420 0
416 419 0
417 418 0
418 417 0
419 417 0
420 416 0
421 415 0
422 414 0
423 413 0
424 412 0
425 411 0
426 410 0
427 409 0
428 408 0
428 407 0
429 407 0
430 406 0
430 405 0
431 404 0
432 403 0
433 402 0
434 401 0
434 400 0
435 399 0
436 398 0
436 397 0
437 396 0
438 395 0
438 394 0
439 393 0
440 392 0
440 391 0
441 390 0
441 389 0
442 388 0
442 387 0
443 386 0
443 385 0
444 384 0
444 383 0
445 382 0
445 381 0
446 380 0
446 379 0
447 378 0
447 377 0
447 376 0
448 375 0
448 374 0
449 373 0
449 372 0
449 371 0
450 370 0
450 369 0
451 368 0
451 367 0
451 366 0
451 365 0
452 364 0
452 363 0
452 362 0
452 361 0
453 360 0
453 359 0
453 358 0
454 357 0
454 356 0
454 355 0
454 354 0
454 353 0
455 352 0
455 351 0
455 350 0
455 349 0
456 348 0
456 347 0
456 346 0
456 345 0
457 344 0
457 343 0
457 342 0
457 341 0
457 340 0
458 339 0
458 338 0
458 337 0
458 336 0
459 335 0
459 334 0
459 333 0
459 332 0
459 331 0
459 330 0
459 329 0
460 328 0
460 327 0
460 326 0
460 325 0
460 324 0
461 323 0
461 322 0
461 321 0
461 320 0
461 319 0
461 318 0
461 317 0
461 316 0
462 315 0
462 314 0
462 313 0
462 312 0
462 311 0
463 310 0
463 309 0
463 308 0
463 307 0
464 306 0
464 305 0
464 304 0
464 303 0
464 302 0
464 301 0
464 300 0
464 299 0
464 298 0
464 297 0
465 296 0
465 295 0
466 294 0
466 293 0
466 292 0
466 291 0
467 290 0
467 289 0
467 288 0
467 287 0
467 286 0
467 285 0
468 284 0
469 283 0
469 282 0
469 281 0
469 280 0
469 279 0
470 278 0
470 277 0
470 276 0
470 275 0
471 274 0
471 273 0
471 272 0
471 271 0
471 270 0
472 269 0
472 268 0
472 267 0
472 266 0
473 265 0
473 264 0
473 263 0
473 262 0
473 261 0
473 260 0
474 259 0
474 258 0
474 257 0
474 256 0
475 255 0
475 254 0
475 253 0
475 252 0
475 251 0
476 250 0
476 249 0
476 248 0
476 247 0
476 246 0
477 245 0
477 244 0
477 243 0
477 242 0
478 241 0
478 240 0
478 239 0
478 238 0
479 237 0
479 236 0
480 235 0
480 234 0
481 233 0
481 232 0
481 231 0
482 230 0
482 229 0
483 228 0
483 227 0
483 226 0
484 225 0
484 224 0
485 223 0
485 222 0
486 221 0
487 220 0
487 219 0
488 218 0
488 217 0
488 216 0
489 215 0
489 214 0
489 213 0
490 212 0
491 212 0
492 212 0
493 212 0
493 213 0
493 214 0
493 215 0
492 216 0
492 217 0
491 218 0
491 219 0
491 220 0
490 221 0
490 222 0
489 223 0
488 224 0
488 225 0
488 226 0
487 227 0
486 228 0
486 229 0
485 230 0
485 231 0
484 232 0
484 233 0
484 234 0
483 235 0
483 236 0
483 237 0
482 238 0
482 239 0
481 240 0
481 241 0
481 242 0
480 243 0
480 244 0
480 245 0
480 246 0
479 247 0
479 248 0
479 249 0
479 250 0
479 251 0
480 252 0
480 253 0
480 254 0
480 255 0
480 256 0
480 257 0
479 258 0
479 259 0
479 260 0
479 261 0
478 262 0
478 263 0
478 264 0
477 265 0
477 266 0
477 267 0
476 268 0
475 269 0
475 270 0
475 271 0
474 272 0
474 273 0
474 274 0
474 275 0
474 276 0
474 277 0
473 278 0
473 279 0
473 280 0
472 281 0
472 282 0
472 283 0
472 284 0
471 285 0
471 286 0
471 287 0
470 288 0
470 289 0
470 290 0
470 291 0
469 292 0
469 293 0
469 294 0
469 295 0
469 296 0
468 297 0
468 298 0
468 299 0
468 300 0
468 301 0
467 302 0
467 303 0
467 304 0
467 305 0
467 306 0
467 307 0
466 308 0
466 309 0
466 310 0
466 311 0
465 312 0
465 313 0
465 314 0
465 315 0
464 316 0
464 317 0
464 318 0
464 317 0
464 316 0
465 315 0
465 314 0
465 313 0
465 312 0
466 311 0
466 310 0
466 309 0
466 308 0
467 307 0
467 306 0
467 305 0
467 304 0
467 303 0
467 302 0
468 301 0
468 300 0
468 299 0
468 298 0
468 297 0
469 296 0
469 295 0
469 294 0
469 293 0
469 292 0
469 291 0
470 290 0
470 289 0
470 288 0
471 287 0
471 286 0
471 285 0
472 284 0
472 283 0
472 282 0
472 281 0
473 280 0
473 279 0
473 278 0
474 277 0
474 276 0
474 275 0
474 274 0
474 273 0
474 272 0
475 271 0
475 270 0
475 269 0
476 268 0
476 267 0
477 266 0
477 265 0
478 264 0
478 263 0
478 262 0
479 261 0
479 260 0
479 259 0
479 258 0
480 257 0
480 256 0
480 255 0
480 254 0
480 253 0
480 252 0
479 251 0
478 251 0
479 250 0
479 249 0
479 248 0
479 247 0
480 246 0
480 245 0
480 244 0
480 243 0
481 242 0
481 241 0
481 240 0
482 239 0
482 238 0
482 237 0
483 236 0
483 235 0
484 234 0
484 233 0
484 232 0
485 231 0
485 230 0
486 229 0
486 228 0
487 227 0
487 226 0
488 225 0
488 224 0
489 223 0
489 222 0
490 221 0
490 220 0
491 219 0
491 218 0
491 217 0
492 216 0
493 215 0
493 214 0
493 213 0
492 212 0
491 212 0
490 213 0
489 214 0
489 215 0
489 216 0
488 217 0
488 218 0
487 219 0
487 220 0
486 221 0
486 222 0
485 223 0
485 224 0
484 225 0
484 226 0
483 227 0
483 228 0
483 229 0
482 230 0
482 231 0
481 232 0
481 233 0
480 234 0
480 235 0
479 236 0
479 237 0
479 238 0
478 239 0
478 240 0
478 241 0
477 242 0
477 243 0
477 244 0
477 245 0
476 246 0
476 247 0
476 248 0
476 249 0
476 250 0
475 251 0
475 252 0
475 253 0
475 254 0
475 255 0
474 256 0
474 257 0
474 258 0
474 259 0
473 260 0
473 261 0
473 262 0
473 263 0
473 264 0
473 265 0
472 266 0
472 267 0
472 268 0
472 269 0
472 270 0
471 271 0
471 272 0
471 273 0
471 274 0
470 275 0
470 276 0
470 277 0
470 278 0
469 279 0
469 280 0
469 281 0
469 282 0
469 283 0
468 284 0
468 285 0
467 286 0
467 287 0
467 288 0
467 289 0
467 290 0
466 291 0
466 292 0
466 293 0
466 294 0
465 295 0
465 296 0
464 297 0
464 298 0
464 299 0
464 300 0
464 301 0
464 302 0
464 303 0
464 304 0
464 305 0
464 306 0
463 307 0
463 308 0
463 309 0
463 310 0
462 311 0
462 312 0
462 313 0
462 314 0
462 315 0
461 316 0
461 317 0
461 318 0
461 319 0
461 320 0
461 321 0
461 322 0
461 323 0
460 324 0
460 325 0
460 326 0
460 327 0
460 328 0
459 329 0
459 330 0
459 331 0
459 332 0
459 333 0
459 334 0
459 335 0
458 336 0
458 337 0
458 338 0
458 339 0
457 340 0
457 341 0
457 342 0
457 343 0
457 344 0
456 345 0
456 346 0
456 347 0
456 348 0
455 349 0
455 350 0
455 351 0
455 352 0
454 353 0
454 354 0
454 355 0
454 356 0
454 357 0
453 358 0
453 359 0
453 360 0
452 361 0
452 362 0
452 363 0
452 364 0
451 365 0
451 366 0
451 367 0
451 368 0
450 369 0
450 370 0
449 371 0
449 372 0
449 373 0
448 374 0
448 375 0
448 376 0
447 377 0
447 378 0
446 379 0
446 380 0
445 381 0
445 382 0
445 383 0
444 384 0
444 385 0
443 386 0
443 387 0
442 388 0
442 389 0
441 390 0
441 391 0
440 392 0
440 393 0
439 394 0
438 395 0
438 396 0
437 397 0
436 398 0
436 399 0
435 400 0
434 401 0
434 402 0
433 403 0
432 404 0
431 405 0
430 406 0
430 407 0
429 407 0
428 408 0
428 409 0
427 410 0
426 411 0
425 412 0
424 413 0
423 414 0
422 415 0
421 416 0
420 417 0
419 417 0
418 418 0
417 419 0
416 420 0
415 420 0
414 421 0
413 422 0
412 422 0
411 423 0
410 423 0
409 424 0
408 424 0
407 425 0
330 438 0
329 437 0
328 437 0
327 437 0
328 437 0
329 437 0
330 438 0
331 438 0
332 438 0
333 438 0
334 438 0
335 438 0
336 438 0
337 438 0
338 438 0
339 438 0
340 438 0
341 438 0
342 438 0
343 438 0
344 438 0
345 438 0
346 437 0
347 437 0
348 438 0
349 437 0
350 437 0
351 437 0
352 437 0
353 437 0
354 437 0
355 437 0
356 437 0
357 437 0
358 437 0
359 437 0
360 437 0
361 437 0
362 437 0
363 437 0
364 437 0
365 438 0
366 438 0
367 438 0
368 438 0
369 438 0
370 438 0
371 437 0
372 437 0
373 437 0
374 437 0
375 437 0
376 437 0
377 437 0
378 437 0
379 437 0
380 437 0
381 437 0
382 436 0
383 436 0
384 436 0
385 436 0
386 436 0
387 436 0
388 436 0
389 436 0
390 436 0
391 435 0
391 434 0
390 433 0
391 434 0
392 435 0
393 434 0
394 434 0
395 434 0
396 433 0
397 433 0
398 433 0
399 432 0
400 432 0
401 431 0
402 431 0
403 430 0
404 430 0
405 429 0
406 429 0
407 428 0
408 428 0
409 427 0
410 426 0
411 426 0
412 425 0
413 425 0
414 424 0
415 423 0
416 423 0
417 422 0
418 421 0
419 420 0
420 420 0
421 419 0
422 418 0
423 417 0
424 416 0
425 415 0
426 414 0
427 413 0
428 412 0
429 411 0
430 410 0
431 409 0
432 408 0
433 407 0
434 406 0
435 405 0
436 404 0
437 403 0
437 402 0
438 401 0
439 400 0
439 399 0
440 398 0
440 397 0
441 396 0
442 395 0
443 394 0
443 393 0
444 392 0
444 391 0
445 390 0
445 389 0
446 388 0
447 387 0
447 386 0
448 385 0
448 384 0
448 383 0
449 382 0
449 381 0
449 380 0
450 379 0
450 378 0
451 377 0
451 376 0
451 375 0
452 374 0
452 373 0
452 372 0
452 371 0
453 370 0
453 369 0
454 368 0
454 367 0
454 366 0
455 365 0
455 364 0
455 363 0
455 362 0
456 361 0
456 360 0
456 359 0
457 358 0
457 357 0
457 356 0
457 355 0
458 354 0
458 353 0
458 352 0
458 351 0
458 350 0
458 349 0
459 348 0
459 347 0
459 346 0
459 345 0
460 344 0
460 343 0
460 342 0
460 341 0
461 340 0
461 339 0
461 338 0
461 337 0
461 336 0
462 335 0
462 334 0
462 333 0
462 332 0
462 331 0
463 330 0
463 329 0
463 328 0
463 327 0
463 326 0
464 325 0
464 324 0
464 323 0
464 322 0
464 321 0
464 320 0
464 321 0
464 322 0
464 323 0
464 324 0
464 325 0
463 326 0
463 327 0
463 328 0
463 329 0
463 330 0
462 331 0
462 332 0
462 333 0
462 334 0
462 335 0
461 336 0
461 337 0
461 338 0
461 339 0
461 340 0
460 341 0
460 342 0
460 343 0
460 344 0
459 345 0
459 346 0
459 347 0
459 348 0
458 349 0
458 350 0
458 351 0
458 352 0
458 353 0
458 354 0
457 355 0
457 356 0
457 357 0
457 358 0
456 359 0
456 360 0
456 361 0
455 362 0
455 363 0
455 364 0
455 365 0
455 366 0
454 367 0
454 368 0
453 369 0
453 370 0
453 371 0
452 372 0
452 373 0
452 374 0
451 375 0
451 376 0
451 377 0
450 378 0
450 379 0
450 380 0
449 381 0
449 382 0
448 383 0
448 384 0
448 385 0
447 386 0
447 387 0
447 388 0
446 389 0
445 390 0
445 391 0
444 392 0
444 393 0
443 394 0
443 395 0
442 396 0
441 397 0
440 398 0
440 399 0
439 400 0
439 401 0
438 402 0
437 403 0
437 404 0
436 405 0
435 406 0
434 407 0
433 408 0
432 409 0
431 410 0
430 411 0
429 412 0
428 413 0
427 414 0
426 415 0
425 416 0
424 417 0
423 418 0
422 419 0
421 420 0
420 420 0
419 421 0
418 422 0
417 423 0
416 423 0
415 424 0
414 425 0
413 425 0
412 426 0
411 426 0
410 427 0
409 428 0
408 428 0
407 429 0
406 429 0
405 430 0
404 430 0
403 431 0
402 431 0
401 431 0
400 432 0
399 433 0
398 433 0
397 433 0
396 433 0
395 434 0
394 434 0
393 435 0
392 435 0
391 436 0
390 436 0
389 436 0
388 436 0
387 436 0
386 436 0
385 436 0
384 436 0
383 436 0
382 436 0
381 437 0
380 437 0
379 437 0
378 437 0
377 437 0
376 437 0
375 437 0
374 437 0
373 437 0
372 437 0
371 437 0
370 438 0
369 438 0
368 438 0
367 438 0
366 438 0
365 438 0
364 437 0
363 437 0
362 437 0
361 437 0
360 437 0
359 437 0
358 437 0
357 437 0
356 437 0
355 437 0
354 437 0
353 437 0
352 437 0
351 437 0
350 437 0
349 437 0
348 438 0
347 437 0
346 437 0
345 438 0
344 438 0
343 438 0
342 438 0
341 438 0
340 438 0
339 438 0
338 438 0
337 438 0
336 438 0
335 438 0
334 438 0
333 438 0
332 438 0
331 438 0
