492 211 0
493 210 0
494 209 0
494 208 0
495 207 0
495 206 0
496 205 0
496 204 0
496 203 0
496 202 0
497 201 0
497 200 0
497 199 0
497 198 0
497 197 0
497 196 0
497 195 0
497 194 0
497 193 0
497 192 0
497 191 0
498 190 0
498 189 0
499 188 0
499 187 0
500 186 0
500 185 0
501 184 0
502 183 0
503 182 0
503 181 0
504 180 0
504 179 0
505 178 0
506 177 0
506 176 0
507 175 0
508 174 0
509 173 0
510 173 0
511 172 0
512 171 0
513 170 0
514 169 0
514 168 0
515 167 0
515 166 0
515 165 0
515 164 0
516 163 0
516 162 0
516 161 0
516 160 0
517 159 0
517 158 0
518 157 0
519 156 0
519 155 0
520 154 0
520 153 0
521 152 0
521 151 0
522 150 0
522 149 0
523 148 0
524 147 0
524 146 0
525 145 0
526 144 0
526 143 0
527 142 0
528 141 0
529 140 0
530 139 0
530 138 0
531 137 0
532 136 0
531 137 0
531 138 0
530 139 0
529 140 0
529 141 0
528 142 0
527 143 0
526 144 0
526 145 0
525 146 0
524 147 0
524 148 0
523 149 0
522 150 0
522 151 0
521 152 0
520 153 0
520 154 0
520 155 0
519 156 0
518 157 0
518 158 0
517 159 0
516 160 0
516 161 0
516 162 0
516 163 0
515 164 0
515 165 0
515 166 0
515 167 0
515 168 0
514 169 0
514 170 0
513 171 0
512 172 0
511 173 0
510 173 0
509 174 0
508 175 0
507 176 0
506 177 0
506 178 0
505 179 0
504 180 0
504 181 0
503 182 0
503 183 0
502 184 0
501 185 0
500 186 0
499 187 0
499 188 0
499 189 0
498 190 0
497 191 0
497 192 0
497 193 0
497 194 0
497 195 0
497 196 0
497 197 0
497 198 0
497 199 0
497 200 0
497 201 0
496 202 0
496 203 0
496 204 0
496 205 0
495 206 0
495 207 0
495 208 0
494 209 0
494 210 0
493 211 0
457 309 0
458 310 0
459 310 0
460 309 0
460 308 0
460 307 0
460 306 0
460 305 0
461 304 0
461 303 0
461 302 0
462 301 0
462 300 0
462 299 0
462 298 0
463 297 0
463 296 0
463 295 0
463 294 0
464 293 0
464 292 0
464 291 0
464 290 0
464 289 0
465 288 0
465 287 0
465 286 0
466 285 0
466 284 0
466 283 0
467 282 0
467 281 0
467 280 0
467 279 0
468 278 0
468 277 0
468 276 0
468 275 0
469 274 0
470 273 0
470 272 0
470 271 0
470 270 0
470 269 0
470 268 0
471 267 0
471 266 0
471 265 0
471 264 0
472 263 0
472 262 0
473 261 0
474 260 0
474 259 0
475 258 0
475 257 0
475 256 0
475 255 0
475 254 0
475 253 0
475 252 0
476 251 0
476 250 0
476 249 0
476 248 0
476 247 0
476 246 0
476 245 0
476 244 0
476 243 0
477 242 0
477 241 0
477 240 0
477 239 0
478 238 0
478 237 0
479 236 0
479 235 0
479 234 0
480 233 0
480 232 0
480 231 0
480 230 0
481 229 0
481 228 0
481 227 0
482 226 0
482 225 0
482 224 0
483 223 0
484 222 0
484 221 0
484 220 0
485 219 0
485 218 0
486 217 0
486 216 0
487 215 0
487 214 0
486 213 0
485 213 0
484 214 0
484 215 0
483 216 0
483 217 0
482 218 0
481 219 0
481 220 0
481 221 0
480 222 0
480 223 0
479 224 0
479 225 0
479 226 0
478 227 0
478 228 0
478 229 0
477 230 0
477 231 0
476 232 0
476 233 0
476 234 0
476 235 0
476 236 0
475 237 0
475 238 0
474 239 0
474 240 0
473 241 0
473 242 0
473 243 0
473 244 0
473 245 0
472 246 0
472 247 0
472 248 0
472 249 0
472 250 0
471 251 0
471 252 0
471 253 0
470 254 0
470 255 0
470 256 0
470 257 0
470 258 0
469 259 0
469 260 0
469 261 0
469 262 0
469 263 0
468 264 0
468 265 0
468 266 0
467 267 0
467 268 0
467 269 0
467 270 0
466 271 0
466 272 0
466 273 0
465 274 0
465 275 0
465 276 0
465 277 0
465 278 0
464 279 0
464 280 0
464 281 0
463 282 0
463 283 0
463 284 0
463 285 0
462 286 0
462 287 0
462 288 0
461 289 0
461 290 0
461 291 0
461 292 0
461 293 0
460 294 0
460 295 0
460 296 0
459 297 0
459 298 0
459 299 0
459 300 0
459 301 0
458 302 0
458 303 0
458 304 0
458 305 0
457 306 0
457 307 0
457 308 0
462 314 0
462 313 0
446 373 0
447 372 0
447 371 0
447 372 0
443 379 0
444 378 0
430 399 0
431 398 0
432 397 0
432 396 0
433 395 0
434 394 0
435 393 0
435 392 0
436 391 0
436 390 0
437 389 0
438 388 0
439 387 0
440 386 0
440 385 0
441 384 0
440 385 0
440 386 0
440 387 0
439 388 0
438 389 0
437 390 0
436 391 0
436 392 0
435 393 0
435 394 0
434 395 0
433 396 0
432 397 0
432 398 0
431 399 0
417 411 0
418 412 0
419 411 0
419 410 0
420 409 0
421 408 0
421 407 0
422 406 0
423 405 0
424 404 0
424 403 0
425 402 0
426 401 0
426 400 0
427 399 0
428 398 0
428 397 0
429 396 0
429 395 0
430 394 0
431 393 0
431 392 0
432 391 0
433 390 0
433 389 0
434 388 0
435 387 0
435 386 0
436 385 0
436 384 0
437 383 0
438 382 0
439 381 0
439 380 0
440 379 0
440 378 0
441 377 0
441 376 0
441 375 0
442 374 0
443 373 0
443 372 0
444 371 0
444 370 0
444 369 0
445 368 0
445 367 0
446 366 0
446 365 0
446 364 0
447 363 0
447 362 0
448 361 0
448 360 0
448 359 0
448 358 0
449 357 0
449 356 0
449 355 0
450 354 0
450 353 0
450 352 0
451 351 0
451 350 0
451 349 0
451 348 0
451 347 0
452 346 0
452 345 0
452 344 0
452 343 0
452 342 0
453 341 0
453 340 0
453 339 0
453 338 0
453 337 0
454 336 0
454 335 0
454 334 0
454 333 0
455 332 0
455 331 0
455 330 0
456 329 0
456 328 0
456 327 0
456 326 0
457 325 0
457 324 0
457 323 0
457 322 0
457 321 0
458 320 0
458 319 0
458 318 0
458 317 0
458 316 0
459 315 0
459 314 0
459 313 0
459 312 0
459 311 0
458 310 0
457 310 0
456 311 0
456 312 0
456 313 0
456 314 0
456 315 0
455 316 0
455 317 0
455 318 0
455 319 0
455 320 0
454 321 0
454 322 0
454 323 0
454 324 0
454 325 0
453 326 0
453 327 0
453 328 0
453 329 0
452 330 0
452 331 0
452 332 0
451 333 0
451 334 0
451 335 0
451 336 0
450 337 0
450 338 0
450 339 0
450 340 0
449 341 0
449 342 0
449 343 0
449 344 0
449 345 0
448 346 0
448 347 0
448 348 0
448 349 0
448 350 0
447 351 0
447 352 0
447 353 0
446 354 0
446 355 0
446 356 0
445 357 0
445 358 0
445 359 0
445 360 0
444 361 0
444 362 0
443 363 0
443 364 0
443 365 0
442 366 0
442 367 0
441 368 0
441 369 0
440 370 0
440 371 0
440 372 0
439 373 0
438 374 0
438 375 0
437 376 0
437 377 0
437 378 0
436 379 0
435 380 0
435 381 0
434 382 0
434 383 0
433 384 0
433 385 0
432 386 0
431 387 0
431 388 0
430 389 0
429 390 0
429 391 0
428 392 0
427 393 0
426 394 0
426 395 0
425 396 0
425 397 0
424 398 0
424 399 0
423 400 0
423 401 0
422 402 0
421 403 0
420 404 0
420 405 0
419 406 0
418 407 0
418 408 0
417 409 0
416 410 0
408 421 0
409 422 0
410 421 0
411 420 0
412 419 0
413 418 0
414 417 0
415 416 0
416 415 0
417 414 0
417 413 0
418 412 0
417 411 0
416 410 0
415 411 0
414 412 0
414 413 0
413 414 0
412 415 0
411 416 0
410 417 0
409 418 0
408 419 0
407 420 0
349 437 0
350 437 0
351 437 0
352 437 0
353 437 0
354 437 0
355 437 0
356 437 0
357 437 0
358 437 0
359 437 0
360 437 0
361 437 0
362 437 0
363 437 0
364 437 0
365 437 0
366 437 0
367 436 0
368 436 0
369 436 0
370 436 0
371 436 0
372 436 0
373 436 0
374 436 0
375 436 0
376 436 0
377 436 0
378 435 0
379 435 0
380 435 0
381 435 0
382 435 0
383 435 0
384 435 0
385 435 0
386 435 0
387 434 0
388 434 0
389 433 0
390 433 0
391 433 0
392 432 0
393 432 0
394 432 0
395 431 0
396 430 0
397 430 0
398 430 0
399 429 0
400 429 0
401 428 0
402 428 0
403 427 0
404 426 0
405 425 0
406 424 0
407 424 0
408 423 0
409 422 0
408 421 0
407 420 0
406 421 0
405 422 0
404 423 0
403 424 0
402 424 0
401 425 0
400 426 0
399 426 0
398 427 0
399 426 0
400 426 0
401 425 0
402 424 0
403 423 0
404 422 0
405 421 0
406 420 0
407 419 0
408 418 0
409 417 0
410 416 0
411 415 0
412 414 0
413 413 0
414 412 0
414 411 0
415 410 0
416 409 0
417 408 0
418 407 0
418 406 0
419 405 0
420 404 0
420 403 0
421 402 0
422 401 0
423 400 0
423 399 0
424 398 0
424 397 0
425 396 0
425 395 0
426 394 0
426 393 0
427 392 0
428 391 0
429 390 0
429 389 0
430 388 0
431 387 0
431 386 0
432 385 0
433 384 0
433 383 0
434 382 0
434 381 0
435 380 0
435 379 0
436 378 0
437 377 0
437 376 0
438 375 0
438 374 0
439 373 0
439 372 0
440 371 0
440 370 0
441 369 0
441 368 0
442 367 0
442 366 0
442 365 0
443 364 0
443 363 0
444 362 0
444 361 0
444 360 0
445 359 0
445 358 0
445 357 0
446 356 0
446 355 0
446 354 0
446 353 0
447 352 0
447 351 0
448 350 0
448 349 0
448 348 0
448 347 0
448 346 0
448 345 0
449 344 0
449 343 0
449 342 0
449 341 0
450 340 0
450 339 0
450 338 0
450 337 0
451 336 0
451 335 0
451 334 0
451 333 0
452 332 0
452 331 0
452 330 0
452 329 0
453 328 0
453 327 0
453 326 0
454 325 0
454 324 0
454 323 0
454 322 0
454 321 0
455 320 0
455 319 0
455 318 0
455 317 0
455 316 0
456 315 0
456 314 0
456 313 0
456 312 0
456 311 0
456 310 0
457 309 0
457 308 0
457 307 0
457 306 0
458 305 0
458 304 0
458 303 0
458 302 0
459 301 0
459 300 0
459 299 0
459 298 0
459 297 0
460 296 0
460 295 0
460 294 0
461 293 0
461 292 0
461 291 0
461 290 0
461 289 0
462 288 0
462 287 0
462 286 0
463 285 0
463 284 0
463 283 0
463 282 0
464 281 0
464 280 0
464 279 0
465 278 0
465 277 0
465 276 0
465 275 0
465 274 0
466 273 0
466 272 0
466 271 0
467 270 0
467 269 0
467 268 0
467 267 0
468 266 0
468 265 0
468 264 0
468 263 0
469 262 0
469 261 0
469 260 0
469 259 0
470 258 0
470 257 0
470 256 0
470 255 0
470 254 0
471 253 0
471 252 0
471 251 0
472 250 0
472 249 0
472 248 0
472 247 0
472 246 0
473 245 0
473 244 0
473 243 0
473 242 0
473 241 0
474 240 0
474 239 0
475 238 0
475 237 0
475 236 0
476 235 0
476 234 0
476 233 0
476 232 0
477 231 0
477 230 0
477 229 0
478 228 0
478 227 0
479 226 0
479 225 0
479 224 0
480 223 0
480 222 0
480 221 0
481 220 0
481 219 0
482 218 0
482 217 0
483 216 0
483 215 0
484 214 0
484 213 0
485 213 0
486 213 0
487 213 0
487 214 0
488 215 0
489 215 0
490 214 0
491 214 0
492 214 0
493 214 0
494 213 0
495 212 0
496 211 0
497 210 0
497 209 0
498 208 0
498 207 0
498 206 0
499 205 0
499 204 0
499 203 0
500 202 0
500 201 0
500 200 0
500 199 0
500 198 0
500 197 0
500 196 0
500 195 0
500 194 0
500 193 0
500 192 0
501 191 0
501 190 0
502 189 0
502 188 0
503 187 0
503 186 0
504 185 0
505 184 0
506 183 0
506 182 0
507 181 0
507 180 0
508 179 0
509 178 0
510 177 0
511 176 0
512 175 0
513 174 0
514 174 0
515 173 0
515 172 0
516 171 0
517 170 0
517 169 0
517 168 0
518 167 0
518 166 0
518 165 0
519 164 0
519 163 0
519 162 0
519 161 0
520 160 0
520 159 0
521 158 0
522 157 0
522 156 0
523 155 0
523 154 0
523 153 0
524 152 0
525 151 0
526 150 0
526 149 0
527 148 0
527 147 0
528 146 0
529 145 0
529 144 0
530 143 0
531 142 0
532 141 0
532 140 0
533 139 0
534 138 0
535 137 0
535 136 0
536 135 0
536 134 0
537 133 0
537 132 0
538 131 0
539 130 0
540 129 0
540 128 0
541 127 0
541 126 0
542 125 0
542 124 0
542 123 0
543 122 0
543 121 0
544 120 0
544 119 0
545 118 0
545 117 0
546 116 0
546 115 0
546 114 0
547 113 0
547 112 0
547 111 0
548 110 0
548 109 0
548 110 0
547 111 0
547 112 0
547 113 0
546 114 0
546 115 0
546 116 0
546 117 0
545 118 0
545 119 0
544 120 0
543 121 0
543 122 0
543 123 0
542 124 0
542 125 0
542 126 0
541 127 0
541 128 0
540 129 0
539 130 0
539 131 0
538 132 0
537 133 0
537 134 0
536 135 0
536 136 0
535 137 0
534 138 0
534 139 0
533 140 0
532 141 0
532 142 0
531 143 0
530 144 0
529 145 0
529 146 0
528 147 0
527 148 0
527 149 0
526 150 0
525 151 0
525 152 0
524 153 0
523 154 0
523 155 0
523 156 0
522 157 0
522 158 0
521 159 0
520 160 0
520 161 0
519 162 0
519 163 0
519 164 0
518 165 0
518 166 0
518 167 0
517 168 0
517 169 0
517 170 0
516 171 0
516 172 0
515 173 0
515 174 0
514 174 0
513 175 0
512 176 0
511 177 0
510 178 0
509 179 0
508 180 0
507 181 0
507 182 0
506 183 0
506 184 0
505 185 0
504 186 0
503 187 0
503 188 0
502 189 0
502 190 0
501 191 0
500 192 0
500 193 0
500 194 0
500 195 0
500 196 0
500 197 0
500 198 0
500 199 0
500 200 0
500 201 0
500 202 0
499 203 0
499 204 0
499 205 0
499 206 0
498 207 0
498 208 0
498 209 0
497 210 0
497 211 0
496 212 0
495 213 0
494 213 0
493 214 0
492 214 0
491 214 0
490 214 0
489 215 0
488 215 0
487 216 0
486 217 0
486 218 0
485 219 0
485 220 0
484 221 0
484 222 0
483 223 0
483 224 0
482 225 0
482 226 0
482 227 0
481 228 0
481 229 0
480 230 0
480 231 0
480 232 0
480 233 0
479 234 0
479 235 0
479 236 0
478 237 0
478 238 0
478 239 0
477 240 0
477 241 0
477 242 0
476 243 0
476 244 0
476 245 0
476 246 0
476 247 0
476 248 0
476 249 0
476 250 0
476 251 0
476 252 0
475 253 0
475 254 0
475 255 0
475 256 0
475 257 0
475 258 0
474 259 0
474 260 0
474 261 0
473 262 0
472 263 0
471 264 0
471 265 0
471 266 0
471 267 0
470 268 0
470 269 0
470 270 0
470 271 0
470 272 0
470 273 0
469 274 0
468 275 0
468 276 0
468 277 0
468 278 0
467 279 0
467 280 0
467 281 0
467 282 0
466 283 0
466 284 0
466 285 0
465 286 0
465 287 0
465 288 0
465 289 0
464 290 0
464 291 0
464 292 0
464 293 0
463 294 0
463 295 0
463 296 0
463 297 0
462 298 0
462 299 0
462 300 0
462 301 0
461 302 0
461 303 0
461 304 0
460 305 0
460 306 0
460 307 0
460 308 0
460 309 0
459 310 0
459 311 0
459 312 0
459 313 0
459 314 0
459 315 0
458 316 0
458 317 0
458 318 0
458 319 0
458 320 0
457 321 0
457 322 0
457 323 0
457 324 0
457 325 0
456 326 0
456 327 0
456 328 0
456 329 0
455 330 0
455 331 0
455 332 0
454 333 0
454 334 0
454 335 0
454 336 0
453 337 0
453 338 0
453 339 0
453 340 0
453 341 0
452 342 0
452 343 0
452 344 0
452 345 0
452 346 0
451 347 0
451 348 0
451 349 0
451 350 0
451 351 0
450 352 0
450 353 0
450 354 0
449 355 0
449 356 0
449 357 0
448 358 0
448 359 0
448 360 0
448 361 0
447 362 0
447 363 0
447 364 0
446 365 0
446 366 0
445 367 0
445 368 0
445 369 0
444 370 0
444 371 0
443 372 0
443 373 0
442 374 0
442 375 0
441 376 0
441 377 0
441 378 0
440 379 0
440 380 0
439 381 0
439 382 0
438 383 0
437 384 0
436 385 0
436 386 0
435 387 0
434 388 0
434 389 0
433 390 0
433 391 0
432 392 0
431 393 0
430 394 0
430 395 0
429 396 0
428 397 0
428 398 0
428 399 0
427 400 0
426 401 0
426 402 0
425 403 0
424 404 0
424 405 0
423 406 0
422 407 0
421 408 0
421 409 0
420 410 0
419 411 0
419 412 0
418 413 0
417 414 0
417 415 0
416 416 0
415 417 0
414 418 0
413 419 0
412 420 0
411 421 0
410 422 0
409 423 0
408 424 0
407 424 0
406 425 0
405 426 0
404 427 0
403 427 0
402 428 0
401 428 0
400 429 0
399 430 0
398 430 0
397 430 0
396 431 0
395 431 0
394 432 0
393 432 0
392 433 0
391 433 0
390 433 0
389 434 0
388 434 0
387 435 0
386 435 0
385 435 0
384 435 0
383 435 0
382 435 0
381 435 0
380 435 0
379 435 0
378 435 0
377 436 0
376 436 0
375 436 0
374 436 0
373 436 0
372 436 0
371 436 0
370 436 0
369 436 0
368 436 0
367 436 0
366 437 0
365 437 0
364 437 0
363 437 0
362 437 0
361 437 0
360 437 0
359 437 0
358 437 0
357 437 0
356 437 0
355 437 0
354 437 0
353 437 0
352 437 0
351 437 0
350 437 0
