529 147 0
529 146 0
530 145 0
530 144 0
531 143 0
532 142 0
532 141 0
533 140 0
534 139 0
534 138 0
535 137 0
536 136 0
536 135 0
537 134 0
537 133 0
538 132 0
539 131 0
539 130 0
540 129 0
541 128 0
541 127 0
542 126 0
543 125 0
543 124 0
544 123 0
544 122 0
545 121 0
546 120 0
546 119 0
547 118 0
547 117 0
548 116 0
548 115 0
549 114 0
549 113 0
549 112 0
550 111 0
551 110 0
552 109 0
552 108 0
553 107 0
553 106 0
554 105 0
554 104 0
554 103 0
555 102 0
556 101 0
556 100 0
556 101 0
555 102 0
555 103 0
554 104 0
554 105 0
553 106 0
553 107 0
552 108 0
552 109 0
552 110 0
551 111 0
550 112 0
549 113 0
549 114 0
548 115 0
548 116 0
547 117 0
547 118 0
547 119 0
546 120 0
546 121 0
545 122 0
544 123 0
544 124 0
543 125 0
543 126 0
542 127 0
541 128 0
541 129 0
540 130 0
539 131 0
539 132 0
538 133 0
537 134 0
537 135 0
536 136 0
536 137 0
535 138 0
534 139 0
534 140 0
533 141 0
532 142 0
532 143 0
531 144 0
530 145 0
530 146 0
494 211 0
495 211 0
496 210 0
496 209 0
497 208 0
498 207 0
498 206 0
498 205 0
498 204 0
499 203 0
499 202 0
499 201 0
499 200 0
500 199 0
500 198 0
500 197 0
500 196 0
500 195 0
500 194 0
500 193 0
500 192 0
500 191 0
500 190 0
501 189 0
501 188 0
502 187 0
503 186 0
504 185 0
504 184 0
505 183 0
505 182 0
506 181 0
507 180 0
507 179 0
508 178 0
509 177 0
509 176 0
510 175 0
511 174 0
511 173 0
512 172 0
513 171 0
514 171 0
515 170 0
516 170 0
517 169 0
518 169 0
519 168 0
519 167 0
520 166 0
520 165 0
520 164 0
520 163 0
520 162 0
521 161 0
521 160 0
521 159 0
521 158 0
522 157 0
522 156 0
523 155 0
524 154 0
524 153 0
525 152 0
525 153 0
524 154 0
524 155 0
523 156 0
522 157 0
522 158 0
521 159 0
521 160 0
521 161 0
521 162 0
520 163 0
520 164 0
520 165 0
520 166 0
519 167 0
519 168 0
518 169 0
517 170 0
516 170 0
515 170 0
514 171 0
513 172 0
512 173 0
511 174 0
511 175 0
510 176 0
509 177 0
509 178 0
508 179 0
507 180 0
507 181 0
506 182 0
505 183 0
505 184 0
504 185 0
504 186 0
503 187 0
502 188 0
501 189 0
500 190 0
500 191 0
500 192 0
500 193 0
500 194 0
500 195 0
500 196 0
500 197 0
500 198 0
500 199 0
499 200 0
499 201 0
499 202 0
499 203 0
499 204 0
498 205 0
498 206 0
498 207 0
497 208 0
497 209 0
496 210 0
496 211 0
495 211 0
495 214 0
496 214 0
497 213 0
498 212 0
498 211 0
499 210 0
500 209 0
500 208 0
500 207 0
501 206 0
501 205 0
501 204 0
502 203 0
502 202 0
502 201 0
502 200 0
503 199 0
503 198 0
502 197 0
503 196 0
503 195 0
503 194 0
503 193 0
503 192 0
503 191 0
504 190 0
504 189 0
505 188 0
506 187 0
507 186 0
507 185 0
508 184 0
509 183 0
509 182 0
510 181 0
510 180 0
511 179 0
512 178 0
512 177 0
513 176 0
514 175 0
514 174 0
515 173 0
516 173 0
517 173 0
518 172 0
519 172 0
520 171 0
521 170 0
521 169 0
522 168 0
522 167 0
523 166 0
523 165 0
523 164 0
523 163 0
523 162 0
524 161 0
524 160 0
524 159 0
525 158 0
526 157 0
526 156 0
527 155 0
528 154 0
528 153 0
529 152 0
530 151 0
530 150 0
531 149 0
531 148 0
532 147 0
533 146 0
533 145 0
534 144 0
535 143 0
536 142 0
536 141 0
537 140 0
538 139 0
539 138 0
539 137 0
540 136 0
540 135 0
541 134 0
542 133 0
542 132 0
543 131 0
543 130 0
544 129 0
545 128 0
545 127 0
546 126 0
547 125 0
547 124 0
548 123 0
548 122 0
549 121 0
550 120 0
550 119 0
550 118 0
551 117 0
551 116 0
551 115 0
552 114 0
553 113 0
553 112 0
554 111 0
555 110 0
555 109 0
556 108 0
556 107 0
557 106 0
557 105 0
558 104 0
558 103 0
559 102 0
559 101 0
559 100 0
559 101 0
559 102 0
559 103 0
558 104 0
558 105 0
557 106 0
557 107 0
556 108 0
556 109 0
555 110 0
554 111 0
553 112 0
553 113 0
553 114 0
552 115 0
551 116 0
551 117 0
551 118 0
550 119 0
550 120 0
549 121 0
549 122 0
548 123 0
548 124 0
547 125 0
547 126 0
546 127 0
545 128 0
545 129 0
544 130 0
543 131 0
543 132 0
542 133 0
542 134 0
541 135 0
540 136 0
540 137 0
539 138 0
539 139 0
538 140 0
537 141 0
536 142 0
536 143 0
535 144 0
534 145 0
533 146 0
533 147 0
532 148 0
531 149 0
531 150 0
530 151 0
529 152 0
529 153 0
528 154 0
528 155 0
527 156 0
526 157 0
526 158 0
525 159 0
524 160 0
524 161 0
523 162 0
523 163 0
523 164 0
523 165 0
523 166 0
522 167 0
522 168 0
522 169 0
521 170 0
521 171 0
520 171 0
519 172 0
518 172 0
517 173 0
516 173 0
515 174 0
514 175 0
514 176 0
513 177 0
512 178 0
512 179 0
511 180 0
510 181 0
510 182 0
509 183 0
509 184 0
508 185 0
507 186 0
507 187 0
506 188 0
505 189 0
504 190 0
503 191 0
503 192 0
503 193 0
503 194 0
503 195 0
503 196 0
503 197 0
503 198 0
503 199 0
502 200 0
502 201 0
502 202 0
502 203 0
501 204 0
501 205 0
501 206 0
501 207 0
500 208 0
500 209 0
499 210 0
499 211 0
498 212 0
498 213 0
497 213 0
496 214 0
359 437 0
360 437 0
361 437 0
362 437 0
363 437 0
364 437 0
365 437 0
366 437 0
367 437 0
368 437 0
369 436 0
370 436 0
371 436 0
372 436 0
373 436 0
374 436 0
375 436 0
376 436 0
377 436 0
378 436 0
379 436 0
380 436 0
381 436 0
382 436 0
383 436 0
384 436 0
385 436 0
386 436 0
387 436 0
388 436 0
389 436 0
390 435 0
391 435 0
392 435 0
393 434 0
394 434 0
395 434 0
396 433 0
397 433 0
398 432 0
399 432 0
400 431 0
401 431 0
402 431 0
403 430 0
404 430 0
405 429 0
406 429 0
407 428 0
408 428 0
409 427 0
410 426 0
411 426 0
412 425 0
413 424 0
414 424 0
415 423 0
416 422 0
417 421 0
418 420 0
419 419 0
420 418 0
421 417 0
422 416 0
423 415 0
424 414 0
425 414 0
426 413 0
427 412 0
428 411 0
429 410 0
430 409 0
431 408 0
432 407 0
433 406 0
434 405 0
435 404 0
435 403 0
436 402 0
436 401 0
437 400 0
438 399 0
438 398 0
439 397 0
440 396 0
440 395 0
440 394 0
441 393 0
442 392 0
443 391 0
443 390 0
444 389 0
444 388 0
445 387 0
445 386 0
446 385 0
446 384 0
447 383 0
447 382 0
448 381 0
448 380 0
448 379 0
449 378 0
449 377 0
450 376 0
450 375 0
451 374 0
451 373 0
451 372 0
452 371 0
452 370 0
452 369 0
452 368 0
453 367 0
453 366 0
453 365 0
454 364 0
454 363 0
454 362 0
454 361 0
455 360 0
455 359 0
455 358 0
455 357 0
455 356 0
456 355 0
456 354 0
456 353 0
456 352 0
456 351 0
457 350 0
457 349 0
457 348 0
457 347 0
457 346 0
458 345 0
458 344 0
458 343 0
458 342 0
458 341 0
459 340 0
459 339 0
459 338 0
460 337 0
460 336 0
460 335 0
460 334 0
460 333 0
461 332 0
461 331 0
461 330 0
461 329 0
462 328 0
462 327 0
462 326 0
462 325 0
462 324 0
462 323 0
463 322 0
463 321 0
463 320 0
463 319 0
463 318 0
463 317 0
464 316 0
464 315 0
464 314 0
464 313 0
465 312 0
465 311 0
465 310 0
465 309 0
465 308 0
466 307 0
466 306 0
466 305 0
466 304 0
467 303 0
467 302 0
467 301 0
467 300 0
467 299 0
468 298 0
468 297 0
468 296 0
468 295 0
469 294 0
469 293 0
469 292 0
469 291 0
470 290 0
470 289 0
470 288 0
470 287 0
470 286 0
471 285 0
471 284 0
471 283 0
471 282 0
472 281 0
472 280 0
472 279 0
472 278 0
473 277 0
473 276 0
473 275 0
473 274 0
474 273 0
474 272 0
474 271 0
474 270 0
475 269 0
475 268 0
476 267 0
477 266 0
477 265 0
477 264 0
478 263 0
478 262 0
478 261 0
478 260 0
479 259 0
479 258 0
479 257 0
479 256 0
479 255 0
480 254 0
480 253 0
480 252 0
480 251 0
479 250 0
479 249 0
479 248 0
479 247 0
479 246 0
480 245 0
480 244 0
480 243 0
480 242 0
480 241 0
481 240 0
481 239 0
482 238 0
482 237 0
482 236 0
482 235 0
483 234 0
483 233 0
483 232 0
484 231 0
484 230 0
484 229 0
485 228 0
485 227 0
485 226 0
486 225 0
487 224 0
487 223 0
487 222 0
488 221 0
488 220 0
489 219 0
489 218 0
490 217 0
490 216 0
491 215 0
491 214 0
490 213 0
489 213 0
488 214 0
488 215 0
487 216 0
487 217 0
486 218 0
486 219 0
485 220 0
485 221 0
484 222 0
484 223 0
483 224 0
483 225 0
482 226 0
482 227 0
481 228 0
481 229 0
481 230 0
480 231 0
480 232 0
479 233 0
479 234 0
479 235 0
479 236 0
478 237 0
478 238 0
477 239 0
477 240 0
477 241 0
477 242 0
476 243 0
476 244 0
476 245 0
476 246 0
476 247 0
476 248 0
476 249 0
476 250 0
475 251 0
476 250 0
476 249 0
476 248 0
476 247 0
475 246 0
474 247 0
473 248 0
473 249 0
472 250 0
472 251 0
472 252 0
472 253 0
472 254 0
472 255 0
472 256 0
472 257 0
473 258 0
474 258 0
475 258 0
476 259 0
476 260 0
476 261 0
476 260 0
475 259 0
474 258 0
473 258 0
472 259 0
472 260 0
473 261 0
472 262 0
472 263 0
472 264 0
472 265 0
472 266 0
472 267 0
471 268 0
471 269 0
471 270 0
471 271 0
471 272 0
470 273 0
470 274 0
470 275 0
470 276 0
470 277 0
469 278 0
469 279 0
469 280 0
468 281 0
468 282 0
468 283 0
468 284 0
468 285 0
467 286 0
467 287 0
467 288 0
467 289 0
466 290 0
466 291 0
466 292 0
466 293 0
465 294 0
465 295 0
465 296 0
465 297 0
464 298 0
464 299 0
464 300 0
464 301 0
464 302 0
463 303 0
463 304 0
463 305 0
463 306 0
462 307 0
462 308 0
462 309 0
462 310 0
462 311 0
462 312 0
461 313 0
461 314 0
461 315 0
461 316 0
461 317 0
460 318 0
460 319 0
460 320 0
460 321 0
460 322 0
460 323 0
459 324 0
459 325 0
459 326 0
459 327 0
459 328 0
458 329 0
458 330 0
458 331 0
458 332 0
458 333 0
457 334 0
457 335 0
457 336 0
457 337 0
456 338 0
456 339 0
456 340 0
455 341 0
455 342 0
455 343 0
455 344 0
455 345 0
454 346 0
454 347 0
454 348 0
454 349 0
453 350 0
453 351 0
453 352 0
453 353 0
453 354 0
453 355 0
452 356 0
452 357 0
452 358 0
452 359 0
451 360 0
451 361 0
451 362 0
450 363 0
450 364 0
450 365 0
450 366 0
449 367 0
449 368 0
449 369 0
448 370 0
448 371 0
448 372 0
447 373 0
447 374 0
447 375 0
446 376 0
446 377 0
445 378 0
445 379 0
445 380 0
444 381 0
444 382 0
443 383 0
443 384 0
442 385 0
442 386 0
441 387 0
441 388 0
440 389 0
440 390 0
439 391 0
439 392 0
438 393 0
437 394 0
437 395 0
436 396 0
436 397 0
435 398 0
434 399 0
433 400 0
433 401 0
432 402 0
431 403 0
431 404 0
430 405 0
430 406 0
429 407 0
428 408 0
427 409 0
426 410 0
425 411 0
424 411 0
423 412 0
422 413 0
421 414 0
420 415 0
419 416 0
418 417 0
417 418 0
416 419 0
415 420 0
414 421 0
413 421 0
412 422 0
411 423 0
410 423 0
409 424 0
408 425 0
407 425 0
406 426 0
405 426 0
404 427 0
403 427 0
404 427 0
405 426 0
406 426 0
407 425 0
408 424 0
409 424 0
410 423 0
411 422 0
412 421 0
413 421 0
414 420 0
415 419 0
416 418 0
417 417 0
418 416 0
419 415 0
420 414 0
421 413 0
422 412 0
423 411 0
424 411 0
425 410 0
426 409 0
427 408 0
428 407 0
429 406 0
430 405 0
430 404 0
431 403 0
431 402 0
432 401 0
433 400 0
433 399 0
434 398 0
435 397 0
436 396 0
436 395 0
437 394 0
437 393 0
438 392 0
439 391 0
439 390 0
440 389 0
440 388 0
441 387 0
442 386 0
442 385 0
442 384 0
443 383 0
443 382 0
444 381 0
444 380 0
445 379 0
445 378 0
446 377 0
446 376 0
447 375 0
447 374 0
447 373 0
448 372 0
448 371 0
448 370 0
449 369 0
449 368 0
449 367 0
450 366 0
450 365 0
450 364 0
450 363 0
451 362 0
451 361 0
451 360 0
452 359 0
452 358 0
452 357 0
452 356 0
453 355 0
453 354 0
453 353 0
453 352 0
453 351 0
453 350 0
454 349 0
454 348 0
454 347 0
454 346 0
455 345 0
455 344 0
455 343 0
455 342 0
455 341 0
456 340 0
456 339 0
456 338 0
456 337 0
457 336 0
457 335 0
457 334 0
458 333 0
458 332 0
458 331 0
458 330 0
458 329 0
459 328 0
459 327 0
459 326 0
459 325 0
459 324 0
459 323 0
460 322 0
460 321 0
460 320 0
460 319 0
460 318 0
461 317 0
461 316 0
461 315 0
461 314 0
461 313 0
462 312 0
462 311 0
462 310 0
462 309 0
462 308 0
462 307 0
463 306 0
463 305 0
463 304 0
463 303 0
464 302 0
464 301 0
464 300 0
464 299 0
464 298 0
464 297 0
465 296 0
465 295 0
465 294 0
466 293 0
466 292 0
466 291 0
466 290 0
467 289 0
467 288 0
467 287 0
467 286 0
468 285 0
468 284 0
468 283 0
468 282 0
468 281 0
469 280 0
469 279 0
469 278 0
470 277 0
470 276 0
470 275 0
470 274 0
470 273 0
471 272 0
471 271 0
471 270 0
471 269 0
471 268 0
472 267 0
472 266 0
472 265 0
472 264 0
472 263 0
472 262 0
473 261 0
472 260 0
472 259 0
472 258 0
472 257 0
472 256 0
472 255 0
472 254 0
472 253 0
472 252 0
472 251 0
472 250 0
473 249 0
473 248 0
473 247 0
474 246 0
475 246 0
476 245 0
476 244 0
476 243 0
477 242 0
477 241 0
477 240 0
477 239 0
478 238 0
478 237 0
479 236 0
479 235 0
479 234 0
479 233 0
480 232 0
480 231 0
480 230 0
481 229 0
481 228 0
482 227 0
482 226 0
482 225 0
483 224 0
483 223 0
484 222 0
484 221 0
485 220 0
485 219 0
486 218 0
486 217 0
487 216 0
487 215 0
488 214 0
488 213 0
489 213 0
490 213 0
491 213 0
491 214 0
491 215 0
491 216 0
490 217 0
490 218 0
489 219 0
489 220 0
488 221 0
487 222 0
487 223 0
487 224 0
486 225 0
486 226 0
485 227 0
485 228 0
485 229 0
484 230 0
484 231 0
483 232 0
483 233 0
483 234 0
483 235 0
482 236 0
482 237 0
482 238 0
481 239 0
481 240 0
480 241 0
480 242 0
480 243 0
480 244 0
480 245 0
479 246 0
479 247 0
479 248 0
479 249 0
479 250 0
480 251 0
480 252 0
480 253 0
480 254 0
479 255 0
479 256 0
479 257 0
479 258 0
479 259 0
478 260 0
478 261 0
478 262 0
478 263 0
477 264 0
477 265 0
477 266 0
476 267 0
475 268 0
475 269 0
474 270 0
474 271 0
474 272 0
474 273 0
473 274 0
473 275 0
473 276 0
473 277 0
472 278 0
472 279 0
472 280 0
472 281 0
471 282 0
471 283 0
471 284 0
471 285 0
470 286 0
470 287 0
470 288 0
470 289 0
470 290 0
469 291 0
469 292 0
469 293 0
469 294 0
468 295 0
468 296 0
468 297 0
468 298 0
467 299 0
467 300 0
467 301 0
467 302 0
467 303 0
466 304 0
466 305 0
466 306 0
466 307 0
465 308 0
465 309 0
465 310 0
465 311 0
465 312 0
464 313 0
464 314 0
464 315 0
464 316 0
464 317 0
464 318 0
463 319 0
463 320 0
463 321 0
463 322 0
462 323 0
462 324 0
462 325 0
462 326 0
462 327 0
462 328 0
461 329 0
461 330 0
461 331 0
461 332 0
460 333 0
460 334 0
460 335 0
460 336 0
460 337 0
459 338 0
459 339 0
459 340 0
458 341 0
458 342 0
458 343 0
458 344 0
458 345 0
457 346 0
457 347 0
457 348 0
457 349 0
457 350 0
456 351 0
456 352 0
456 353 0
456 354 0
456 355 0
455 356 0
455 357 0
455 358 0
455 359 0
455 360 0
454 361 0
454 362 0
454 363 0
454 364 0
453 365 0
453 366 0
453 367 0
453 368 0
452 369 0
452 370 0
452 371 0
451 372 0
451 373 0
451 374 0
450 375 0
450 376 0
450 377 0
449 378 0
449 379 0
448 380 0
448 381 0
448 382 0
447 383 0
446 384 0
446 385 0
446 386 0
445 387 0
445 388 0
444 389 0
444 390 0
443 391 0
443 392 0
442 393 0
441 394 0
440 395 0
440 396 0
440 397 0
439 398 0
438 399 0
438 400 0
437 401 0
436 402 0
436 403 0
435 404 0
435 405 0
434 406 0
433 407 0
432 408 0
431 409 0
430 410 0
429 411 0
428 412 0
427 413 0
426 414 0
425 414 0
424 415 0
423 416 0
422 417 0
421 418 0
420 419 0
419 420 0
418 421 0
417 422 0
416 423 0
415 424 0
414 424 0
413 425 0
412 426 0
411 426 0
410 427 0
409 428 0
408 428 0
407 429 0
406 429 0
405 429 0
404 430 0
403 430 0
402 431 0
401 431 0
400 432 0
399 432 0
398 433 0
397 433 0
396 433 0
395 434 0
394 434 0
393 434 0
392 435 0
391 435 0
390 435 0
389 436 0
388 436 0
387 436 0
386 436 0
385 436 0
384 436 0
383 436 0
382 436 0
381 436 0
380 436 0
379 436 0
378 436 0
377 436 0
376 436 0
375 436 0
374 436 0
373 436 0
372 436 0
371 436 0
370 436 0
369 436 0
368 437 0
367 437 0
366 437 0
365 437 0
364 437 0
363 437 0
362 437 0
361 437 0
360 437 0
