491 207 0
492 206 0
493 205 0
494 204 0
494 203 0
495 202 0
495 201 0
495 200 0
496 199 0
496 198 0
496 197 0
496 196 0
496 195 0
496 194 0
496 193 0
496 192 0
496 191 0
496 190 0
496 189 0
496 188 0
496 187 0
497 186 0
497 185 0
498 184 0
498 183 0
499 182 0
500 181 0
501 180 0
501 179 0
502 178 0
502 177 0
503 176 0
504 175 0
504 174 0
505 173 0
505 172 0
506 171 0
507 170 0
507 169 0
508 168 0
508 167 0
509 167 0
510 167 0
511 166 0
512 166 0
513 165 0
514 164 0
515 163 0
515 162 0
516 161 0
516 160 0
517 159 0
518 158 0
519 157 0
519 156 0
519 155 0
519 154 0
519 153 0
519 152 0
519 151 0
520 150 0
520 149 0
520 148 0
521 147 0
521 146 0
522 145 0
523 144 0
523 143 0
524 142 0
524 141 0
525 140 0
525 139 0
526 138 0
527 137 0
527 136 0
528 135 0
529 134 0
529 133 0
529 132 0
530 131 0
531 130 0
532 129 0
532 128 0
532 127 0
533 126 0
533 125 0
534 124 0
534 123 0
535 122 0
536 121 0
535 122 0
535 123 0
534 124 0
534 125 0
533 126 0
533 127 0
532 128 0
532 129 0
531 130 0
531 131 0
530 132 0
529 133 0
529 134 0
528 135 0
528 136 0
527 137 0
527 138 0
526 139 0
525 140 0
525 141 0
524 142 0
524 143 0
523 144 0
523 145 0
522 146 0
521 147 0
521 148 0
520 149 0
520 150 0
519 151 0
519 152 0
519 153 0
519 154 0
519 155 0
519 156 0
519 157 0
519 158 0
518 159 0
517 160 0
516 161 0
516 162 0
515 163 0
515 164 0
514 165 0
513 166 0
512 166 0
511 166 0
510 167 0
509 167 0
508 168 0
508 169 0
507 170 0
506 171 0
506 172 0
505 173 0
505 174 0
504 175 0
504 176 0
503 177 0
502 178 0
502 179 0
501 180 0
500 181 0
500 182 0
499 183 0
498 184 0
498 185 0
497 186 0
497 187 0
496 188 0
496 189 0
496 190 0
496 191 0
496 192 0
496 193 0
496 194 0
496 195 0
496 196 0
496 197 0
496 198 0
496 199 0
495 200 0
495 201 0
495 202 0
494 203 0
494 204 0
494 205 0
493 206 0
492 206 0
410 423 0
411 422 0
412 421 0
413 421 0
414 420 0
415 419 0
416 418 0
417 417 0
418 417 0
419 416 0
420 415 0
421 414 0
422 413 0
423 412 0
424 411 0
425 410 0
426 409 0
427 408 0
428 407 0
429 406 0
430 405 0
431 404 0
432 403 0
432 402 0
433 401 0
433 400 0
434 399 0
434 398 0
435 397 0
436 396 0
437 395 0
438 394 0
439 393 0
439 392 0
440 391 0
440 390 0
441 389 0
441 388 0
442 387 0
442 386 0
443 385 0
444 384 0
444 383 0
444 382 0
445 381 0
445 380 0
445 379 0
446 378 0
446 377 0
447 376 0
447 375 0
448 374 0
448 373 0
449 372 0
449 371 0
449 370 0
449 369 0
450 368 0
450 367 0
451 366 0
451 365 0
451 364 0
451 363 0
452 362 0
452 361 0
452 360 0
452 359 0
453 358 0
453 357 0
453 356 0
453 355 0
453 354 0
453 353 0
454 352 0
454 351 0
454 350 0
454 349 0
454 348 0
455 347 0
455 346 0
455 345 0
455 344 0
455 343 0
456 342 0
456 341 0
456 340 0
456 339 0
457 338 0
457 337 0
457 336 0
457 335 0
457 334 0
458 333 0
458 332 0
458 331 0
458 330 0
458 329 0
458 328 0
458 327 0
459 326 0
459 325 0
459 324 0
459 323 0
459 322 0
459 321 0
460 320 0
460 319 0
460 318 0
460 317 0
460 316 0
460 315 0
461 314 0
461 313 0
461 312 0
461 311 0
461 310 0
461 309 0
461 308 0
462 307 0
462 306 0
462 305 0
462 304 0
462 303 0
462 302 0
463 301 0
463 300 0
463 299 0
463 298 0
463 297 0
463 296 0
463 295 0
464 294 0
464 293 0
464 292 0
464 291 0
465 290 0
465 289 0
465 288 0
465 287 0
466 286 0
466 285 0
466 284 0
466 283 0
467 282 0
467 281 0
467 280 0
467 279 0
467 278 0
467 277 0
468 276 0
468 275 0
468 274 0
468 273 0
468 272 0
469 271 0
469 270 0
469 269 0
469 268 0
469 267 0
470 266 0
470 265 0
470 264 0
470 263 0
470 262 0
470 261 0
471 260 0
471 259 0
471 258 0
471 257 0
471 256 0
472 255 0
472 254 0
472 253 0
473 252 0
473 251 0
473 250 0
473 249 0
473 248 0
473 247 0
474 246 0
474 245 0
474 244 0
474 243 0
474 242 0
474 241 0
474 240 0
475 239 0
475 238 0
475 237 0
476 236 0
476 235 0
476 234 0
476 233 0
476 232 0
477 231 0
477 230 0
477 229 0
478 228 0
478 227 0
478 226 0
479 225 0
479 224 0
479 223 0
479 222 0
480 221 0
480 220 0
481 219 0
481 218 0
481 217 0
482 216 0
482 215 0
482 214 0
483 213 0
483 212 0
483 211 0
484 210 0
485 209 0
485 208 0
486 208 0
487 208 0
487 209 0
488 210 0
489 210 0
490 210 0
491 209 0
492 209 0
493 209 0
494 208 0
495 207 0
496 206 0
496 205 0
497 204 0
497 203 0
498 202 0
498 201 0
498 200 0
499 199 0
499 198 0
499 197 0
499 196 0
499 195 0
499 194 0
499 193 0
499 192 0
499 191 0
499 190 0
499 189 0
500 188 0
500 187 0
500 186 0
501 185 0
502 184 0
502 183 0
503 182 0
504 181 0
504 180 0
505 179 0
506 178 0
506 177 0
507 176 0
507 175 0
508 174 0
508 173 0
509 172 0
510 171 0
510 170 0
511 169 0
512 169 0
513 168 0
514 168 0
515 167 0
516 166 0
517 165 0
518 164 0
518 163 0
519 162 0
520 161 0
521 160 0
521 159 0
521 158 0
521 157 0
521 156 0
522 155 0
522 154 0
522 153 0
522 152 0
522 151 0
523 150 0
523 149 0
524 148 0
525 147 0
525 146 0
526 145 0
527 144 0
527 143 0
528 142 0
528 141 0
529 140 0
529 139 0
530 138 0
530 137 0
531 136 0
531 135 0
532 134 0
533 133 0
534 132 0
534 131 0
535 130 0
535 129 0
535 128 0
536 127 0
537 126 0
537 125 0
538 124 0
538 123 0
539 122 0
539 123 0
538 124 0
538 125 0
537 126 0
537 127 0
536 128 0
535 129 0
535 130 0
534 131 0
534 132 0
533 133 0
533 134 0
532 135 0
531 136 0
531 137 0
530 138 0
529 139 0
529 140 0
529 141 0
528 142 0
528 143 0
527 144 0
527 145 0
526 146 0
525 147 0
525 148 0
524 149 0
523 150 0
523 151 0
522 152 0
522 153 0
522 154 0
522 155 0
521 156 0
521 157 0
521 158 0
521 159 0
521 160 0
520 161 0
520 162 0
519 163 0
518 164 0
518 165 0
517 166 0
516 167 0
515 167 0
514 168 0
513 168 0
512 169 0
511 170 0
510 171 0
510 172 0
509 173 0
508 174 0
508 175 0
507 176 0
507 177 0
506 178 0
506 179 0
505 180 0
504 181 0
504 182 0
503 183 0
502 184 0
502 185 0
501 186 0
500 187 0
500 188 0
499 189 0
499 190 0
499 191 0
499 192 0
499 193 0
499 194 0
499 195 0
499 196 0
499 197 0
499 198 0
499 199 0
498 200 0
498 201 0
498 202 0
498 203 0
497 204 0
497 205 0
496 206 0
496 207 0
495 208 0
494 208 0
493 209 0
492 209 0
491 209 0
490 210 0
489 210 0
488 211 0
487 212 0
487 213 0
486 214 0
485 215 0
485 216 0
485 217 0
484 218 0
484 219 0
484 220 0
483 221 0
483 222 0
482 223 0
482 224 0
482 225 0
482 226 0
481 227 0
481 228 0
481 229 0
480 230 0
480 231 0
480 232 0
480 233 0
479 234 0
479 235 0
479 236 0
479 237 0
479 238 0
478 239 0
478 240 0
478 241 0
477 242 0
477 243 0
477 244 0
477 245 0
477 246 0
477 247 0
477 248 0
477 249 0
478 250 0
477 251 0
477 252 0
477 253 0
477 254 0
477 255 0
477 256 0
477 257 0
477 256 0
477 255 0
477 254 0
477 253 0
477 252 0
477 251 0
478 250 0
477 249 0
477 248 0
477 247 0
477 246 0
477 245 0
477 244 0
477 243 0
477 242 0
478 241 0
478 240 0
478 239 0
479 238 0
479 237 0
479 236 0
479 235 0
479 234 0
480 233 0
480 232 0
480 231 0
480 230 0
481 229 0
481 228 0
481 227 0
482 226 0
482 225 0
482 224 0
482 223 0
483 222 0
483 221 0
483 220 0
484 219 0
484 218 0
485 217 0
485 216 0
485 215 0
486 214 0
486 213 0
487 212 0
487 211 0
488 210 0
487 209 0
486 208 0
485 209 0
485 210 0
484 211 0
483 212 0
483 213 0
482 214 0
482 215 0
482 216 0
481 217 0
481 218 0
481 219 0
480 220 0
480 221 0
480 222 0
479 223 0
479 224 0
479 225 0
478 226 0
478 227 0
478 228 0
477 229 0
477 230 0
477 231 0
476 232 0
476 233 0
476 234 0
476 235 0
476 236 0
475 237 0
475 238 0
475 239 0
475 240 0
474 241 0
474 242 0
474 243 0
474 244 0
474 245 0
474 246 0
473 247 0
473 248 0
473 249 0
473 250 0
473 251 0
473 252 0
472 253 0
472 254 0
472 255 0
472 256 0
471 257 0
471 258 0
471 259 0
471 260 0
470 261 0
470 262 0
470 263 0
470 264 0
470 265 0
470 266 0
470 267 0
469 268 0
469 269 0
469 270 0
469 271 0
468 272 0
468 273 0
468 274 0
468 275 0
468 276 0
467 277 0
467 278 0
467 279 0
467 280 0
467 281 0
467 282 0
466 283 0
466 284 0
466 285 0
466 286 0
465 287 0
465 288 0
465 289 0
465 290 0
465 291 0
464 292 0
464 293 0
464 294 0
463 295 0
463 296 0
463 297 0
463 298 0
463 299 0
463 300 0
463 301 0
462 302 0
462 303 0
462 304 0
462 305 0
462 306 0
462 307 0
461 308 0
461 309 0
461 310 0
461 311 0
461 312 0
461 313 0
461 314 0
460 315 0
460 316 0
460 317 0
460 318 0
460 319 0
460 320 0
459 321 0
459 322 0
459 323 0
459 324 0
459 325 0
459 326 0
458 327 0
458 328 0
458 329 0
458 330 0
458 331 0
458 332 0
458 333 0
457 334 0
457 335 0
457 336 0
457 337 0
457 338 0
456 339 0
456 340 0
456 341 0
456 342 0
455 343 0
455 344 0
455 345 0
455 346 0
455 347 0
454 348 0
454 349 0
454 350 0
454 351 0
454 352 0
453 353 0
453 354 0
453 355 0
453 356 0
453 357 0
453 358 0
453 359 0
452 360 0
452 361 0
452 362 0
451 363 0
451 364 0
451 365 0
451 366 0
450 367 0
450 368 0
449 369 0
449 370 0
449 371 0
449 372 0
448 373 0
448 374 0
447 375 0
447 376 0
447 377 0
446 378 0
446 379 0
445 380 0
445 381 0
445 382 0
444 383 0
444 384 0
443 385 0
443 386 0
442 387 0
442 388 0
441 389 0
441 390 0
440 391 0
440 392 0
439 393 0
439 394 0
438 395 0
437 396 0
436 397 0
435 398 0
434 399 0
434 400 0
433 401 0
433 402 0
432 403 0
432 404 0
431 405 0
430 406 0
429 407 0
428 408 0
427 409 0
426 410 0
425 411 0
424 412 0
423 413 0
422 414 0
421 415 0
420 416 0
419 417 0
418 417 0
417 418 0
416 419 0
415 420 0
414 420 0
413 421 0
412 421 0
411 422 0
388 433 0
389 433 0
390 433 0
391 433 0
392 433 0
393 433 0
394 433 0
395 433 0
396 432 0
397 432 0
398 431 0
397 430 0
396 430 0
395 430 0
396 430 0
397 430 0
398 431 0
399 431 0
400 431 0
401 430 0
402 430 0
403 429 0
404 429 0
405 429 0
406 428 0
407 427 0
408 427 0
409 426 0
410 426 0
411 425 0
412 424 0
413 424 0
414 423 0
415 423 0
416 422 0
417 421 0
418 420 0
419 420 0
420 419 0
421 418 0
422 417 0
423 416 0
424 415 0
425 415 0
426 414 0
427 413 0
428 412 0
428 411 0
429 411 0
430 410 0
431 409 0
432 408 0
432 407 0
433 406 0
434 405 0
435 404 0
436 403 0
437 402 0
437 401 0
438 400 0
438 399 0
439 398 0
440 397 0
441 397 0
442 396 0
442 395 0
443 394 0
443 393 0
443 392 0
444 391 0
444 390 0
445 389 0
445 388 0
446 387 0
447 386 0
447 385 0
447 384 0
448 383 0
448 382 0
448 381 0
449 380 0
449 379 0
450 378 0
450 377 0
451 376 0
451 375 0
451 374 0
451 373 0
452 372 0
452 371 0
452 370 0
453 369 0
453 368 0
453 367 0
454 366 0
454 365 0
454 364 0
454 363 0
455 362 0
455 361 0
455 360 0
455 359 0
456 358 0
456 357 0
456 356 0
456 355 0
456 354 0
457 353 0
457 352 0
457 351 0
457 350 0
458 349 0
458 348 0
458 347 0
458 346 0
458 345 0
458 344 0
459 343 0
459 342 0
459 341 0
459 340 0
459 339 0
460 338 0
460 337 0
460 336 0
460 335 0
460 334 0
460 333 0
461 332 0
461 331 0
461 330 0
461 329 0
461 328 0
462 327 0
462 326 0
462 325 0
462 324 0
462 323 0
462 322 0
463 321 0
463 320 0
463 319 0
463 318 0
463 317 0
463 316 0
464 315 0
464 314 0
464 313 0
464 312 0
464 311 0
464 310 0
464 309 0
464 308 0
465 307 0
465 306 0
465 305 0
465 304 0
465 303 0
466 302 0
466 301 0
466 300 0
466 299 0
466 298 0
466 297 0
467 296 0
467 295 0
467 294 0
467 293 0
467 292 0
468 291 0
468 290 0
468 289 0
468 288 0
469 287 0
469 286 0
469 285 0
469 284 0
470 283 0
470 282 0
470 281 0
470 280 0
470 279 0
471 278 0
471 277 0
471 276 0
471 275 0
471 274 0
472 273 0
472 272 0
471 271 0
472 270 0
472 269 0
472 268 0
473 267 0
473 266 0
474 265 0
475 264 0
475 263 0
476 262 0
476 261 0
476 260 0
476 259 0
476 260 0
476 261 0
476 262 0
475 263 0
475 264 0
474 265 0
473 266 0
473 267 0
472 268 0
472 269 0
472 270 0
472 271 0
472 272 0
472 273 0
471 274 0
471 275 0
471 276 0
471 277 0
471 278 0
470 279 0
470 280 0
470 281 0
470 282 0
470 283 0
469 284 0
469 285 0
469 286 0
469 287 0
468 288 0
468 289 0
468 290 0
468 291 0
467 292 0
467 293 0
467 294 0
467 295 0
467 296 0
466 297 0
466 298 0
466 299 0
466 300 0
466 301 0
466 302 0
465 303 0
465 304 0
465 305 0
465 306 0
465 307 0
464 308 0
464 309 0
464 310 0
464 311 0
464 312 0
464 313 0
464 314 0
464 315 0
463 316 0
463 317 0
463 318 0
463 319 0
463 320 0
463 321 0
462 322 0
462 323 0
462 324 0
462 325 0
462 326 0
462 327 0
461 328 0
461 329 0
461 330 0
461 331 0
461 332 0
460 333 0
460 334 0
460 335 0
460 336 0
460 337 0
460 338 0
459 339 0
459 340 0
459 341 0
459 342 0
459 343 0
458 344 0
458 345 0
458 346 0
458 347 0
458 348 0
458 349 0
457 350 0
457 351 0
457 352 0
457 353 0
456 354 0
456 355 0
456 356 0
456 357 0
456 358 0
455 359 0
455 360 0
455 361 0
455 362 0
454 363 0
454 364 0
454 365 0
454 366 0
453 367 0
453 368 0
453 369 0
452 370 0
452 371 0
452 372 0
452 373 0
451 374 0
451 375 0
451 376 0
451 377 0
450 378 0
450 379 0
449 380 0
448 381 0
448 382 0
448 383 0
448 384 0
447 385 0
447 386 0
446 387 0
446 388 0
445 389 0
445 390 0
444 391 0
444 392 0
443 393 0
443 394 0
443 395 0
442 396 0
442 397 0
441 397 0
440 398 0
439 399 0
438 400 0
438 401 0
437 402 0
437 403 0
436 404 0
435 405 0
434 406 0
433 407 0
432 408 0
432 409 0
431 410 0
430 411 0
429 411 0
428 412 0
428 413 0
427 414 0
426 415 0
425 415 0
424 416 0
423 417 0
422 418 0
421 419 0
420 420 0
419 420 0
418 421 0
417 422 0
416 422 0
415 423 0
414 424 0
413 424 0
412 425 0
411 426 0
410 426 0
409 427 0
408 427 0
407 428 0
406 428 0
405 429 0
404 429 0
403 429 0
402 430 0
401 431 0
400 431 0
399 431 0
398 432 0
397 432 0
396 432 0
395 433 0
394 433 0
393 433 0
392 433 0
391 433 0
390 433 0
389 433 0
