493 211 0
494 211 0
495 210 0
496 209 0
497 208 0
497 207 0
497 206 0
498 205 0
498 204 0
498 203 0
499 202 0
499 201 0
499 200 0
499 199 0
499 198 0
500 197 0
500 196 0
500 195 0
500 194 0
500 193 0
500 192 0
500 191 0
500 190 0
501 189 0
501 188 0
502 187 0
502 186 0
503 185 0
504 184 0
505 183 0
505 182 0
506 181 0
507 180 0
508 179 0
508 178 0
508 177 0
509 176 0
509 175 0
510 174 0
511 173 0
512 172 0
513 172 0
514 171 0
515 171 0
516 170 0
517 169 0
518 168 0
519 167 0
519 166 0
520 165 0
520 164 0
520 163 0
520 162 0
520 161 0
521 160 0
521 159 0
521 158 0
522 157 0
522 156 0
523 155 0
523 154 0
524 153 0
525 152 0
525 151 0
526 150 0
527 149 0
527 150 0
526 151 0
525 152 0
524 153 0
524 154 0
523 155 0
523 156 0
522 157 0
522 158 0
521 159 0
521 160 0
520 161 0
520 162 0
520 163 0
520 164 0
520 165 0
519 166 0
519 167 0
519 168 0
518 169 0
517 170 0
516 170 0
515 171 0
514 171 0
513 172 0
512 173 0
511 174 0
510 175 0
509 176 0
509 177 0
508 178 0
508 179 0
507 180 0
507 181 0
506 182 0
505 183 0
505 184 0
504 185 0
503 186 0
502 187 0
502 188 0
501 189 0
501 190 0
500 191 0
500 192 0
500 193 0
500 194 0
500 195 0
500 196 0
500 197 0
499 198 0
499 199 0
499 200 0
499 201 0
499 202 0
499 203 0
498 204 0
498 205 0
498 206 0
497 207 0
497 208 0
496 209 0
496 210 0
495 210 0
494 211 0
493 214 0
494 214 0
495 213 0
496 213 0
497 213 0
498 212 0
499 211 0
499 210 0
500 209 0
500 208 0
501 207 0
501 206 0
501 205 0
501 204 0
502 203 0
502 202 0
502 201 0
502 200 0
502 199 0
503 198 0
503 197 0
503 196 0
503 195 0
503 194 0
503 193 0
503 192 0
504 191 0
504 190 0
504 189 0
505 188 0
505 187 0
506 186 0
507 185 0
508 184 0
508 183 0
509 182 0
510 181 0
510 180 0
511 179 0
511 178 0
512 177 0
513 176 0
514 175 0
514 174 0
515 173 0
516 173 0
517 173 0
518 172 0
519 172 0
520 171 0
520 170 0
521 169 0
522 168 0
522 167 0
522 166 0
523 165 0
523 164 0
523 163 0
523 162 0
523 161 0
523 160 0
524 159 0
525 158 0
525 157 0
526 156 0
526 155 0
527 154 0
528 153 0
528 152 0
529 151 0
530 150 0
531 149 0
531 148 0
532 147 0
532 146 0
533 145 0
534 144 0
535 143 0
535 142 0
536 141 0
537 140 0
537 139 0
538 138 0
539 137 0
539 136 0
540 135 0
541 134 0
541 133 0
542 132 0
543 131 0
543 130 0
544 129 0
545 128 0
545 127 0
545 126 0
546 125 0
547 124 0
548 123 0
548 122 0
549 121 0
549 120 0
550 119 0
551 118 0
551 117 0
551 116 0
552 115 0
552 114 0
553 113 0
554 112 0
554 111 0
554 110 0
555 109 0
556 108 0
556 107 0
556 106 0
557 105 0
557 104 0
558 103 0
558 102 0
559 101 0
559 100 0
559 101 0
558 102 0
558 103 0
558 104 0
557 105 0
557 106 0
556 107 0
556 108 0
556 109 0
555 110 0
554 111 0
554 112 0
553 113 0
553 114 0
552 115 0
552 116 0
551 117 0
551 118 0
550 119 0
550 120 0
549 121 0
549 122 0
548 123 0
548 124 0
547 125 0
546 126 0
545 127 0
545 128 0
544 129 0
544 130 0
543 131 0
543 132 0
542 133 0
541 134 0
541 135 0
540 136 0
539 137 0
539 138 0
538 139 0
537 140 0
537 141 0
536 142 0
535 143 0
535 144 0
534 145 0
533 146 0
532 147 0
532 148 0
531 149 0
530 150 0
530 151 0
529 152 0
528 153 0
528 154 0
527 155 0
526 156 0
526 157 0
525 158 0
524 159 0
524 160 0
523 161 0
523 162 0
523 163 0
523 164 0
523 165 0
523 166 0
522 167 0
522 168 0
521 169 0
521 170 0
520 171 0
519 172 0
518 172 0
517 173 0
516 173 0
515 174 0
514 175 0
513 176 0
513 177 0
512 178 0
511 179 0
511 180 0
510 181 0
510 182 0
509 183 0
508 184 0
508 185 0
507 186 0
506 187 0
505 188 0
505 189 0
504 190 0
504 191 0
503 192 0
503 193 0
503 194 0
503 195 0
503 196 0
503 197 0
503 198 0
502 199 0
502 200 0
502 201 0
502 202 0
502 203 0
501 204 0
501 205 0
501 206 0
501 207 0
500 208 0
500 209 0
500 210 0
499 211 0
499 212 0
498 212 0
497 213 0
496 213 0
495 213 0
494 214 0
443 393 0
444 392 0
354 437 0
355 437 0
356 437 0
357 437 0
358 437 0
359 437 0
360 437 0
361 437 0
362 437 0
363 437 0
364 437 0
365 437 0
366 437 0
367 437 0
368 436 0
369 436 0
370 436 0
371 436 0
372 436 0
373 436 0
374 436 0
375 436 0
376 436 0
377 436 0
378 436 0
379 436 0
380 435 0
381 435 0
382 435 0
383 436 0
384 436 0
385 436 0
386 436 0
387 436 0
388 435 0
389 435 0
390 435 0
391 434 0
392 434 0
393 434 0
394 433 0
395 433 0
396 433 0
397 432 0
398 432 0
399 431 0
400 431 0
401 431 0
402 430 0
403 430 0
404 429 0
405 428 0
406 428 0
407 427 0
408 427 0
409 426 0
410 426 0
411 425 0
412 424 0
413 423 0
414 423 0
415 422 0
416 421 0
417 420 0
418 420 0
419 419 0
420 418 0
421 417 0
422 416 0
423 415 0
424 414 0
425 413 0
426 412 0
427 411 0
428 410 0
429 409 0
430 408 0
431 407 0
432 406 0
433 405 0
434 404 0
435 403 0
436 402 0
436 401 0
437 400 0
438 399 0
438 398 0
438 397 0
439 396 0
439 395 0
440 394 0
440 393 0
441 392 0
441 391 0
442 390 0
442 389 0
443 388 0
444 387 0
444 386 0
445 385 0
446 384 0
446 383 0
446 382 0
447 381 0
447 380 0
448 379 0
448 378 0
449 377 0
449 376 0
449 375 0
450 374 0
450 373 0
450 372 0
451 371 0
451 370 0
451 369 0
451 368 0
452 367 0
452 366 0
453 365 0
453 364 0
453 363 0
454 362 0
454 361 0
454 360 0
454 359 0
454 358 0
455 357 0
455 356 0
455 355 0
456 354 0
456 353 0
456 352 0
456 351 0
456 350 0
456 349 0
457 348 0
457 347 0
457 346 0
457 345 0
457 344 0
458 343 0
458 342 0
458 341 0
458 340 0
459 339 0
459 338 0
459 337 0
459 336 0
459 335 0
460 334 0
460 333 0
460 332 0
460 331 0
460 330 0
461 329 0
461 328 0
461 327 0
461 326 0
462 325 0
462 324 0
462 323 0
462 322 0
463 321 0
463 320 0
463 319 0
463 318 0
463 317 0
464 316 0
464 315 0
464 314 0
464 313 0
464 312 0
464 311 0
465 310 0
465 309 0
465 308 0
465 307 0
465 306 0
466 305 0
466 304 0
466 303 0
466 302 0
466 301 0
466 300 0
466 299 0
467 298 0
467 297 0
468 296 0
468 295 0
468 294 0
469 293 0
469 292 0
469 291 0
469 290 0
469 289 0
470 288 0
470 287 0
470 286 0
471 285 0
471 284 0
471 283 0
471 282 0
471 281 0
472 280 0
472 279 0
472 278 0
472 277 0
472 276 0
473 275 0
473 274 0
473 273 0
474 272 0
474 271 0
474 270 0
474 269 0
474 268 0
475 267 0
476 266 0
477 265 0
477 264 0
477 263 0
477 262 0
477 261 0
478 260 0
477 259 0
477 258 0
478 257 0
478 256 0
479 255 0
479 254 0
479 253 0
479 252 0
479 251 0
479 250 0
478 249 0
479 248 0
479 247 0
479 246 0
479 245 0
479 244 0
480 243 0
480 242 0
480 241 0
480 240 0
480 239 0
481 238 0
481 237 0
481 236 0
481 235 0
482 234 0
482 233 0
483 232 0
483 231 0
483 230 0
484 229 0
484 228 0
484 227 0
485 226 0
485 225 0
486 224 0
486 223 0
487 222 0
487 221 0
488 220 0
488 219 0
488 218 0
489 217 0
490 216 0
491 215 0
490 214 0
489 213 0
488 214 0
487 215 0
486 216 0
486 217 0
485 218 0
485 219 0
484 220 0
484 221 0
483 222 0
483 223 0
483 224 0
482 225 0
482 226 0
481 227 0
481 228 0
480 229 0
480 230 0
480 231 0
479 232 0
479 233 0
479 234 0
478 235 0
479 236 0
478 237 0
477 238 0
477 239 0
477 240 0
477 241 0
477 242 0
476 243 0
476 244 0
476 245 0
476 246 0
475 247 0
475 248 0
475 249 0
475 250 0
475 251 0
474 252 0
474 253 0
474 254 0
474 255 0
474 256 0
473 257 0
473 258 0
473 259 0
473 260 0
473 261 0
472 262 0
472 263 0
472 264 0
471 265 0
471 266 0
471 267 0
471 268 0
471 269 0
471 270 0
470 271 0
470 272 0
470 273 0
469 274 0
469 275 0
469 276 0
469 277 0
469 278 0
469 279 0
468 280 0
468 281 0
468 282 0
468 283 0
468 284 0
467 285 0
467 286 0
467 287 0
467 288 0
466 289 0
466 290 0
466 291 0
466 292 0
465 293 0
465 294 0
465 295 0
464 296 0
464 297 0
464 298 0
463 299 0
463 300 0
463 301 0
463 302 0
463 303 0
463 304 0
462 305 0
462 306 0
462 307 0
462 308 0
462 309 0
462 310 0
461 311 0
461 312 0
461 313 0
461 314 0
461 315 0
460 316 0
460 317 0
460 318 0
460 319 0
460 320 0
459 321 0
459 322 0
459 323 0
459 324 0
458 325 0
458 326 0
458 327 0
458 328 0
458 329 0
457 330 0
457 331 0
457 332 0
457 333 0
457 334 0
457 335 0
456 336 0
456 337 0
456 338 0
455 339 0
455 340 0
455 341 0
455 342 0
455 343 0
454 344 0
454 345 0
454 346 0
454 347 0
453 348 0
453 349 0
453 350 0
453 351 0
453 352 0
452 353 0
452 354 0
452 355 0
452 356 0
452 357 0
451 358 0
451 359 0
451 360 0
451 361 0
450 362 0
450 363 0
450 364 0
449 365 0
449 366 0
449 367 0
448 368 0
448 369 0
448 370 0
447 371 0
447 372 0
447 373 0
447 374 0
446 375 0
446 376 0
445 377 0
445 378 0
444 379 0
444 380 0
443 381 0
443 382 0
442 383 0
441 384 0
441 385 0
441 386 0
440 387 0
440 388 0
439 389 0
439 390 0
438 391 0
438 392 0
437 393 0
437 394 0
436 395 0
435 396 0
435 397 0
434 398 0
433 399 0
433 400 0
432 401 0
432 402 0
431 403 0
430 404 0
430 405 0
429 406 0
428 407 0
427 408 0
426 409 0
425 410 0
424 411 0
423 412 0
422 412 0
421 413 0
420 414 0
420 415 0
419 416 0
418 416 0
417 417 0
416 418 0
415 419 0
414 420 0
413 420 0
412 421 0
411 422 0
410 423 0
409 423 0
408 424 0
407 424 0
406 425 0
405 425 0
404 426 0
403 427 0
402 427 0
401 428 0
400 428 0
399 429 0
398 429 0
397 430 0
396 430 0
395 431 0
394 431 0
393 431 0
392 431 0
391 432 0
390 432 0
389 432 0
390 432 0
391 432 0
392 431 0
393 431 0
394 431 0
395 431 0
396 430 0
397 429 0
398 429 0
399 429 0
400 428 0
401 427 0
402 427 0
403 426 0
404 426 0
405 425 0
406 425 0
407 424 0
408 423 0
409 423 0
410 422 0
411 421 0
412 420 0
413 420 0
414 419 0
415 418 0
416 417 0
417 416 0
418 416 0
419 415 0
420 414 0
420 413 0
421 412 0
422 412 0
423 411 0
424 410 0
425 409 0
426 408 0
427 407 0
428 406 0
429 405 0
430 404 0
430 403 0
431 402 0
432 401 0
432 400 0
433 399 0
433 398 0
434 397 0
435 396 0
435 395 0
436 394 0
437 393 0
437 392 0
438 391 0
438 390 0
439 389 0
439 388 0
440 387 0
440 386 0
441 385 0
441 384 0
442 383 0
442 382 0
443 381 0
443 380 0
444 379 0
445 378 0
445 377 0
445 376 0
446 375 0
446 374 0
447 373 0
447 372 0
447 371 0
448 370 0
448 369 0
448 368 0
449 367 0
449 366 0
449 365 0
450 364 0
450 363 0
450 362 0
451 361 0
451 360 0
451 359 0
451 358 0
451 357 0
452 356 0
452 355 0
452 354 0
452 353 0
453 352 0
453 351 0
453 350 0
453 349 0
453 348 0
454 347 0
454 346 0
454 345 0
454 344 0
455 343 0
455 342 0
455 341 0
455 340 0
455 339 0
456 338 0
456 337 0
456 336 0
456 335 0
457 334 0
457 333 0
457 332 0
457 331 0
457 330 0
458 329 0
458 328 0
458 327 0
458 326 0
458 325 0
459 324 0
459 323 0
459 322 0
459 321 0
460 320 0
460 319 0
460 318 0
460 317 0
460 316 0
461 315 0
461 314 0
461 313 0
461 312 0
461 311 0
462 310 0
462 309 0
462 308 0
462 307 0
462 306 0
462 305 0
463 304 0
463 303 0
463 302 0
463 301 0
463 300 0
463 299 0
463 298 0
464 297 0
464 296 0
465 295 0
465 294 0
465 293 0
466 292 0
466 291 0
466 290 0
466 289 0
467 288 0
467 287 0
467 286 0
467 285 0
468 284 0
468 283 0
468 282 0
468 281 0
468 280 0
469 279 0
469 278 0
469 277 0
469 276 0
469 275 0
469 274 0
470 273 0
470 272 0
470 271 0
471 270 0
471 269 0
471 268 0
471 267 0
471 266 0
471 265 0
472 264 0
472 263 0
472 262 0
473 261 0
473 260 0
473 259 0
473 258 0
473 257 0
474 256 0
474 255 0
474 254 0
474 253 0
474 252 0
475 251 0
475 250 0
475 249 0
475 248 0
475 247 0
476 246 0
476 245 0
476 244 0
476 243 0
477 242 0
477 241 0
477 240 0
477 239 0
477 238 0
478 237 0
478 236 0
478 235 0
478 234 0
479 233 0
479 232 0
480 231 0
480 230 0
480 229 0
481 228 0
481 227 0
482 226 0
482 225 0
482 224 0
483 223 0
483 222 0
484 221 0
484 220 0
484 219 0
485 218 0
486 217 0
486 216 0
487 215 0
487 214 0
488 213 0
489 213 0
490 213 0
491 214 0
491 215 0
490 216 0
490 217 0
489 218 0
488 219 0
488 220 0
487 221 0
487 222 0
487 223 0
486 224 0
486 225 0
485 226 0
485 227 0
484 228 0
484 229 0
483 230 0
483 231 0
483 232 0
482 233 0
482 234 0
481 235 0
481 236 0
481 237 0
481 238 0
480 239 0
480 240 0
480 241 0
480 242 0
480 243 0
479 244 0
479 245 0
479 246 0
479 247 0
479 248 0
479 249 0
479 250 0
479 251 0
479 252 0
479 253 0
479 254 0
479 255 0
478 256 0
478 257 0
478 258 0
478 259 0
478 260 0
477 261 0
477 262 0
477 263 0
477 264 0
477 265 0
476 266 0
475 267 0
474 268 0
474 269 0
474 270 0
474 271 0
474 272 0
473 273 0
473 274 0
473 275 0
472 276 0
472 277 0
472 278 0
472 279 0
472 280 0
471 281 0
471 282 0
471 283 0
471 284 0
471 285 0
470 286 0
470 287 0
470 288 0
469 289 0
469 290 0
469 291 0
469 292 0
469 293 0
468 294 0
468 295 0
468 296 0
467 297 0
467 298 0
466 299 0
466 300 0
466 301 0
466 302 0
466 303 0
466 304 0
466 305 0
465 306 0
465 307 0
465 308 0
465 309 0
465 310 0
464 311 0
464 312 0
464 313 0
464 314 0
464 315 0
464 316 0
463 317 0
463 318 0
463 319 0
463 320 0
463 321 0
462 322 0
462 323 0
462 324 0
462 325 0
461 326 0
461 327 0
461 328 0
461 329 0
460 330 0
460 331 0
460 332 0
460 333 0
460 334 0
459 335 0
459 336 0
459 337 0
459 338 0
459 339 0
458 340 0
458 341 0
458 342 0
458 343 0
457 344 0
457 345 0
457 346 0
457 347 0
457 348 0
456 349 0
456 350 0
456 351 0
456 352 0
456 353 0
456 354 0
455 355 0
455 356 0
455 357 0
454 358 0
454 359 0
454 360 0
454 361 0
454 362 0
453 363 0
453 364 0
453 365 0
453 366 0
452 367 0
452 368 0
451 369 0
451 370 0
451 371 0
450 372 0
450 373 0
450 374 0
449 375 0
449 376 0
449 377 0
448 378 0
448 379 0
448 380 0
447 381 0
447 382 0
446 383 0
446 384 0
445 385 0
445 386 0
444 387 0
444 388 0
443 389 0
442 390 0
442 391 0
441 392 0
441 393 0
440 394 0
440 395 0
439 396 0
439 397 0
438 398 0
438 399 0
438 400 0
437 401 0
436 402 0
436 403 0
435 404 0
434 405 0
433 406 0
432 407 0
431 408 0
430 409 0
429 410 0
428 411 0
427 412 0
426 413 0
425 414 0
424 415 0
423 416 0
422 417 0
421 418 0
420 419 0
419 420 0
418 420 0
417 421 0
416 422 0
415 423 0
414 423 0
413 424 0
412 425 0
411 426 0
410 426 0
409 427 0
408 427 0
407 428 0
406 428 0
405 429 0
404 430 0
403 430 0
402 430 0
401 431 0
400 431 0
399 432 0
398 432 0
397 432 0
396 433 0
395 433 0
394 433 0
393 434 0
392 434 0
391 434 0
390 435 0
389 435 0
388 435 0
387 436 0
386 436 0
385 436 0
384 436 0
383 436 0
382 435 0
381 435 0
380 435 0
379 436 0
378 436 0
377 436 0
376 436 0
375 436 0
374 436 0
373 436 0
372 436 0
371 436 0
370 436 0
369 436 0
368 436 0
367 437 0
366 437 0
365 437 0
364 437 0
363 437 0
362 437 0
361 437 0
360 437 0
359 437 0
358 437 0
357 437 0
356 437 0
355 437 0
