442 388 0
442 387 0
409 422 0
410 423 0
411 422 0
412 422 0
413 421 0
414 420 0
415 419 0
416 418 0
417 417 0
418 416 0
419 415 0
420 414 0
421 413 0
422 412 0
423 411 0
424 410 0
424 409 0
425 408 0
426 407 0
427 406 0
428 405 0
429 404 0
430 403 0
430 402 0
431 401 0
431 400 0
432 399 0
433 398 0
433 397 0
434 396 0
435 395 0
435 394 0
436 393 0
437 393 0
438 392 0
438 391 0
438 390 0
438 389 0
439 388 0
439 387 0
440 386 0
440 385 0
441 384 0
442 383 0
443 382 0
444 381 0
443 380 0
444 379 0
444 378 0
444 377 0
445 376 0
445 375 0
446 374 0
446 373 0
446 372 0
446 371 0
447 370 0
447 369 0
447 368 0
448 367 0
448 366 0
448 365 0
448 364 0
449 363 0
449 362 0
449 361 0
450 360 0
450 359 0
450 358 0
450 357 0
450 356 0
451 355 0
451 354 0
451 353 0
451 352 0
451 351 0
452 350 0
452 349 0
452 348 0
452 347 0
452 346 0
452 345 0
453 344 0
453 343 0
453 342 0
453 341 0
453 340 0
454 339 0
454 338 0
454 337 0
454 336 0
455 335 0
455 334 0
455 333 0
455 332 0
456 331 0
456 330 0
456 329 0
456 328 0
457 327 0
457 326 0
457 325 0
458 324 0
458 323 0
458 322 0
458 321 0
458 320 0
458 319 0
459 318 0
459 317 0
459 316 0
459 315 0
459 314 0
459 313 0
460 312 0
460 311 0
460 310 0
460 309 0
460 308 0
461 307 0
461 306 0
461 305 0
461 304 0
461 303 0
462 302 0
462 301 0
462 300 0
462 299 0
463 298 0
463 297 0
463 296 0
463 295 0
464 294 0
464 293 0
464 292 0
464 291 0
464 290 0
465 289 0
465 288 0
465 287 0
466 286 0
466 285 0
466 284 0
467 283 0
467 282 0
467 281 0
468 280 0
468 279 0
468 278 0
468 277 0
469 276 0
469 275 0
469 274 0
470 273 0
470 272 0
470 271 0
470 270 0
471 269 0
471 268 0
471 267 0
471 266 0
472 265 0
472 264 0
473 263 0
474 262 0
474 261 0
474 260 0
475 259 0
475 258 0
475 257 0
475 256 0
476 255 0
476 254 0
476 253 0
476 252 0
476 251 0
477 250 0
476 249 0
476 248 0
477 247 0
477 246 0
477 245 0
476 244 0
477 243 0
477 242 0
477 241 0
477 240 0
478 239 0
478 238 0
478 237 0
478 236 0
479 235 0
479 234 0
479 233 0
480 232 0
480 231 0
481 230 0
481 229 0
481 228 0
482 227 0
482 226 0
482 225 0
483 224 0
483 223 0
483 222 0
484 221 0
485 220 0
485 219 0
485 218 0
486 217 0
486 216 0
487 215 0
487 214 0
486 213 0
485 214 0
484 215 0
483 216 0
483 217 0
482 218 0
482 219 0
482 220 0
481 221 0
480 222 0
480 223 0
479 224 0
479 225 0
479 226 0
478 227 0
478 228 0
478 229 0
477 230 0
476 231 0
475 232 0
475 233 0
475 234 0
475 235 0
475 236 0
475 237 0
475 238 0
474 239 0
474 240 0
474 241 0
473 242 0
473 243 0
473 244 0
473 245 0
473 246 0
473 247 0
472 248 0
472 249 0
472 250 0
472 251 0
471 252 0
471 253 0
471 254 0
470 255 0
470 256 0
470 257 0
470 258 0
470 259 0
470 260 0
469 261 0
469 262 0
469 263 0
468 264 0
468 265 0
468 266 0
468 267 0
467 268 0
467 269 0
467 270 0
467 271 0
466 272 0
466 273 0
466 274 0
466 275 0
465 276 0
465 277 0
465 278 0
465 279 0
465 280 0
464 281 0
464 282 0
463 283 0
463 284 0
463 285 0
462 286 0
462 287 0
462 288 0
461 289 0
461 290 0
461 291 0
461 292 0
461 293 0
460 294 0
460 295 0
460 296 0
460 297 0
459 298 0
459 299 0
459 300 0
459 301 0
459 302 0
458 303 0
458 304 0
458 305 0
458 306 0
458 307 0
457 308 0
457 309 0
457 310 0
457 311 0
456 312 0
456 313 0
456 314 0
456 315 0
456 316 0
456 317 0
455 318 0
455 319 0
455 320 0
455 321 0
455 322 0
454 323 0
454 324 0
454 325 0
454 326 0
454 327 0
453 328 0
453 329 0
453 330 0
453 331 0
452 332 0
451 333 0
451 334 0
451 335 0
451 336 0
451 337 0
451 338 0
451 339 0
450 340 0
450 341 0
450 342 0
450 343 0
450 344 0
449 345 0
449 346 0
449 347 0
449 348 0
449 349 0
448 350 0
448 351 0
448 352 0
448 353 0
448 354 0
447 355 0
447 356 0
447 357 0
447 358 0
446 359 0
446 360 0
446 361 0
446 362 0
445 363 0
445 364 0
445 365 0
444 366 0
444 367 0
444 368 0
443 369 0
443 370 0
442 371 0
442 372 0
442 373 0
442 374 0
442 375 0
441 376 0
441 377 0
440 378 0
440 379 0
440 380 0
439 381 0
439 382 0
438 383 0
437 384 0
437 385 0
436 386 0
436 387 0
436 388 0
435 389 0
435 390 0
434 391 0
433 392 0
433 393 0
432 394 0
431 395 0
431 396 0
430 397 0
429 398 0
429 399 0
428 400 0
427 401 0
427 402 0
426 403 0
426 404 0
425 405 0
424 406 0
423 407 0
422 408 0
421 409 0
421 410 0
420 411 0
419 412 0
418 413 0
417 414 0
416 415 0
415 416 0
414 417 0
413 417 0
412 418 0
411 419 0
410 420 0
409 420 0
408 421 0
383 435 0
384 436 0
385 436 0
386 435 0
385 434 0
384 434 0
382 436 0
383 435 0
383 434 0
384 434 0
385 433 0
386 432 0
387 431 0
388 431 0
389 431 0
390 430 0
391 430 0
392 430 0
393 429 0
394 429 0
393 429 0
392 430 0
391 430 0
390 430 0
389 431 0
388 431 0
387 431 0
386 432 0
385 433 0
385 434 0
386 435 0
387 434 0
388 434 0
389 433 0
390 433 0
391 433 0
392 432 0
393 432 0
394 431 0
395 431 0
396 430 0
397 430 0
398 430 0
399 429 0
400 429 0
401 429 0
402 428 0
403 428 0
404 427 0
405 426 0
406 426 0
407 425 0
408 425 0
409 424 0
410 423 0
409 422 0
408 421 0
407 422 0
406 423 0
405 423 0
404 424 0
405 423 0
406 422 0
407 421 0
408 420 0
409 420 0
410 419 0
411 418 0
412 417 0
413 417 0
414 416 0
415 415 0
416 414 0
417 413 0
418 412 0
419 411 0
420 410 0
421 409 0
421 408 0
422 407 0
423 406 0
424 405 0
425 404 0
426 403 0
426 402 0
427 401 0
427 400 0
428 399 0
429 398 0
429 397 0
430 396 0
431 395 0
431 394 0
432 393 0
433 392 0
433 391 0
434 390 0
435 389 0
435 388 0
436 387 0
436 386 0
436 385 0
437 384 0
437 383 0
438 382 0
439 381 0
439 380 0
440 379 0
440 378 0
441 377 0
441 376 0
442 375 0
442 374 0
442 373 0
442 372 0
442 371 0
443 370 0
443 369 0
444 368 0
444 367 0
444 366 0
445 365 0
445 364 0
445 363 0
446 362 0
446 361 0
446 360 0
446 359 0
447 358 0
447 357 0
447 356 0
447 355 0
448 354 0
448 353 0
448 352 0
448 351 0
448 350 0
449 349 0
449 348 0
449 347 0
449 346 0
449 345 0
450 344 0
450 343 0
450 342 0
450 341 0
450 340 0
451 339 0
451 338 0
451 337 0
451 336 0
451 335 0
451 334 0
451 333 0
451 332 0
452 331 0
453 330 0
453 329 0
453 328 0
454 327 0
454 326 0
454 325 0
454 324 0
454 323 0
455 322 0
455 321 0
455 320 0
455 319 0
455 318 0
456 317 0
456 316 0
456 315 0
456 314 0
456 313 0
456 312 0
457 311 0
457 310 0
457 309 0
457 308 0
458 307 0
458 306 0
458 305 0
458 304 0
458 303 0
459 302 0
459 301 0
459 300 0
459 299 0
459 298 0
460 297 0
460 296 0
460 295 0
460 294 0
461 293 0
461 292 0
461 291 0
461 290 0
461 289 0
462 288 0
462 287 0
462 286 0
463 285 0
463 284 0
463 283 0
464 282 0
464 281 0
464 280 0
465 279 0
465 278 0
465 277 0
465 276 0
466 275 0
466 274 0
466 273 0
466 272 0
467 271 0
467 270 0
467 269 0
467 268 0
468 267 0
468 266 0
468 265 0
468 264 0
469 263 0
469 262 0
469 261 0
470 260 0
470 259 0
470 258 0
470 257 0
470 256 0
470 255 0
471 254 0
471 253 0
471 252 0
472 251 0
472 250 0
472 249 0
472 248 0
473 247 0
473 246 0
473 245 0
473 244 0
473 243 0
473 242 0
474 241 0
474 240 0
474 239 0
475 238 0
475 237 0
475 236 0
475 235 0
475 234 0
475 233 0
475 232 0
475 231 0
476 230 0
477 229 0
478 228 0
478 227 0
479 226 0
479 225 0
479 224 0
480 223 0
480 222 0
480 221 0
481 220 0
482 219 0
482 218 0
483 217 0
483 216 0
483 215 0
484 214 0
485 213 0
486 213 0
487 213 0
488 212 0
489 212 0
490 211 0
491 210 0
492 209 0
493 208 0
494 207 0
494 206 0
494 205 0
495 204 0
495 203 0
496 202 0
496 201 0
496 200 0
496 199 0
496 198 0
496 197 0
496 196 0
497 195 0
497 194 0
497 193 0
497 192 0
497 191 0
498 190 0
498 189 0
498 188 0
499 187 0
500 186 0
500 185 0
501 184 0
502 183 0
502 182 0
502 181 0
503 180 0
504 179 0
504 178 0
505 177 0
505 176 0
506 175 0
507 174 0
508 174 0
509 174 0
510 173 0
511 172 0
512 171 0
512 170 0
513 169 0
513 168 0
513 167 0
514 166 0
514 165 0
515 164 0
515 163 0
515 162 0
515 161 0
516 160 0
517 159 0
517 158 0
518 157 0
519 156 0
520 155 0
520 154 0
521 153 0
522 152 0
523 151 0
523 150 0
524 149 0
524 148 0
525 147 0
526 146 0
526 145 0
527 144 0
527 143 0
528 142 0
529 141 0
530 140 0
530 139 0
531 138 0
532 137 0
532 136 0
533 135 0
534 134 0
534 133 0
535 132 0
535 131 0
536 130 0
537 129 0
538 128 0
538 127 0
538 126 0
539 125 0
540 124 0
540 123 0
541 122 0
541 121 0
542 120 0
542 119 0
543 118 0
543 117 0
543 116 0
544 115 0
545 114 0
545 113 0
546 112 0
547 111 0
547 110 0
547 109 0
548 108 0
548 107 0
549 106 0
549 105 0
550 104 0
550 103 0
550 102 0
551 101 0
551 100 0
552 99 0
552 98 0
552 97 0
553 96 0
553 97 0
552 98 0
552 99 0
552 100 0
551 101 0
551 102 0
550 103 0
550 104 0
550 105 0
549 106 0
549 107 0
548 108 0
548 109 0
547 110 0
547 111 0
546 112 0
546 113 0
545 114 0
545 115 0
544 116 0
543 117 0
543 118 0
542 119 0
542 120 0
541 121 0
541 122 0
541 123 0
540 124 0
540 125 0
539 126 0
538 127 0
538 128 0
537 129 0
537 130 0
536 131 0
535 132 0
535 133 0
534 134 0
534 135 0
533 136 0
532 137 0
531 138 0
531 139 0
530 140 0
530 141 0
529 142 0
528 143 0
527 144 0
527 145 0
526 146 0
526 147 0
525 148 0
524 149 0
524 150 0
523 151 0
522 152 0
522 153 0
521 154 0
520 155 0
520 156 0
519 157 0
518 158 0
517 159 0
517 160 0
516 161 0
515 162 0
515 163 0
515 164 0
514 165 0
514 166 0
514 167 0
513 168 0
513 169 0
513 170 0
512 171 0
511 172 0
511 173 0
510 173 0
509 174 0
508 174 0
507 175 0
506 176 0
505 177 0
505 178 0
504 179 0
504 180 0
503 181 0
502 182 0
502 183 0
502 184 0
501 185 0
500 186 0
500 187 0
499 188 0
498 189 0
498 190 0
497 191 0
497 192 0
497 193 0
497 194 0
497 195 0
496 196 0
496 197 0
496 198 0
496 199 0
496 200 0
496 201 0
496 202 0
495 203 0
495 204 0
495 205 0
494 206 0
494 207 0
494 208 0
493 209 0
492 210 0
491 211 0
490 211 0
489 212 0
488 212 0
487 213 0
487 214 0
488 215 0
489 215 0
490 215 0
491 214 0
492 213 0
493 212 0
494 212 0
495 211 0
495 210 0
496 209 0
497 208 0
497 207 0
498 206 0
498 205 0
498 204 0
498 203 0
499 202 0
499 201 0
499 200 0
499 199 0
499 198 0
499 197 0
500 196 0
500 195 0
500 194 0
500 193 0
500 192 0
500 191 0
501 190 0
502 189 0
502 188 0
503 187 0
504 186 0
504 185 0
504 184 0
505 183 0
506 182 0
506 181 0
507 180 0
507 179 0
508 178 0
508 177 0
509 176 0
510 176 0
511 176 0
512 175 0
513 174 0
514 173 0
514 172 0
515 171 0
515 170 0
516 169 0
516 168 0
517 167 0
517 166 0
517 165 0
518 164 0
518 163 0
518 162 0
519 161 0
520 160 0
520 159 0
521 158 0
522 157 0
523 156 0
523 155 0
524 154 0
525 153 0
525 152 0
526 151 0
527 150 0
527 149 0
528 148 0
529 147 0
529 146 0
530 145 0
531 144 0
531 143 0
532 142 0
533 141 0
533 140 0
534 139 0
535 138 0
536 137 0
536 136 0
537 135 0
537 134 0
538 133 0
539 132 0
539 131 0
540 130 0
540 129 0
541 128 0
542 127 0
542 126 0
543 125 0
543 124 0
544 123 0
544 122 0
545 121 0
545 120 0
546 119 0
546 118 0
547 117 0
547 116 0
548 115 0
549 114 0
549 113 0
550 112 0
550 111 0
551 110 0
551 109 0
552 108 0
552 107 0
552 106 0
553 105 0
553 104 0
554 103 0
554 102 0
555 101 0
555 100 0
555 99 0
556 98 0
556 97 0
556 96 0
557 95 0
557 94 0
557 95 0
556 96 0
556 97 0
556 98 0
555 99 0
555 100 0
555 101 0
554 102 0
554 103 0
553 104 0
553 105 0
552 106 0
552 107 0
552 108 0
551 109 0
551 110 0
551 111 0
550 112 0
549 113 0
549 114 0
549 115 0
548 116 0
547 117 0
547 118 0
546 119 0
546 120 0
545 121 0
545 122 0
544 123 0
544 124 0
543 125 0
543 126 0
542 127 0
542 128 0
541 129 0
540 130 0
540 131 0
539 132 0
539 133 0
538 134 0
537 135 0
537 136 0
536 137 0
536 138 0
535 139 0
534 140 0
533 141 0
533 142 0
532 143 0
531 144 0
531 145 0
530 146 0
529 147 0
529 148 0
528 149 0
527 150 0
527 151 0
526 152 0
525 153 0
525 154 0
524 155 0
523 156 0
523 157 0
522 158 0
521 159 0
520 160 0
520 161 0
519 162 0
518 163 0
518 164 0
518 165 0
517 166 0
517 167 0
516 168 0
516 169 0
515 170 0
515 171 0
515 172 0
514 173 0
514 174 0
513 175 0
512 175 0
511 176 0
510 176 0
509 177 0
508 178 0
507 179 0
507 180 0
507 181 0
506 182 0
506 183 0
505 184 0
504 185 0
504 186 0
503 187 0
503 188 0
502 189 0
502 190 0
501 191 0
500 192 0
500 193 0
500 194 0
500 195 0
500 196 0
499 197 0
499 198 0
499 199 0
499 200 0
499 201 0
499 202 0
498 203 0
498 204 0
498 205 0
498 206 0
497 207 0
497 208 0
497 209 0
496 210 0
495 211 0
495 212 0
494 212 0
493 213 0
492 213 0
491 214 0
490 215 0
489 215 0
488 215 0
487 216 0
486 217 0
486 218 0
485 219 0
485 220 0
484 221 0
484 222 0
483 223 0
483 224 0
482 225 0
482 226 0
482 227 0
481 228 0
481 229 0
481 230 0
480 231 0
480 232 0
480 233 0
479 234 0
479 235 0
478 236 0
478 237 0
478 238 0
478 239 0
477 240 0
477 241 0
477 242 0
477 243 0
476 244 0
477 245 0
477 246 0
477 247 0
477 248 0
477 249 0
477 250 0
476 251 0
476 252 0
476 253 0
476 254 0
476 255 0
475 256 0
475 257 0
475 258 0
475 259 0
474 260 0
474 261 0
474 262 0
474 263 0
473 264 0
472 265 0
471 266 0
471 267 0
471 268 0
471 269 0
470 270 0
470 271 0
470 272 0
470 273 0
469 274 0
469 275 0
469 276 0
468 277 0
468 278 0
468 279 0
468 280 0
467 281 0
467 282 0
467 283 0
466 284 0
466 285 0
466 286 0
465 287 0
465 288 0
465 289 0
464 290 0
464 291 0
464 292 0
464 293 0
464 294 0
463 295 0
463 296 0
463 297 0
463 298 0
462 299 0
462 300 0
462 301 0
462 302 0
461 303 0
461 304 0
461 305 0
461 306 0
461 307 0
460 308 0
460 309 0
460 310 0
460 311 0
460 312 0
459 313 0
459 314 0
459 315 0
459 316 0
459 317 0
459 318 0
458 319 0
458 320 0
458 321 0
458 322 0
458 323 0
458 324 0
457 325 0
457 326 0
457 327 0
456 328 0
456 329 0
456 330 0
456 331 0
455 332 0
455 333 0
455 334 0
455 335 0
454 336 0
454 337 0
454 338 0
454 339 0
453 340 0
453 341 0
453 342 0
453 343 0
453 344 0
452 345 0
452 346 0
452 347 0
452 348 0
452 349 0
452 350 0
451 351 0
451 352 0
451 353 0
451 354 0
451 355 0
450 356 0
450 357 0
450 358 0
450 359 0
450 360 0
449 361 0
449 362 0
449 363 0
449 364 0
448 365 0
448 366 0
448 367 0
447 368 0
447 369 0
447 370 0
446 371 0
446 372 0
446 373 0
446 374 0
445 375 0
445 376 0
445 377 0
444 378 0
444 379 0
444 380 0
444 381 0
444 382 0
443 383 0
442 384 0
441 385 0
440 386 0
439 387 0
439 388 0
439 389 0
438 390 0
438 391 0
438 392 0
438 393 0
437 393 0
436 394 0
435 395 0
435 396 0
434 397 0
433 398 0
433 399 0
432 400 0
431 401 0
431 402 0
430 403 0
430 404 0
429 405 0
428 406 0
427 407 0
426 408 0
425 409 0
424 410 0
424 411 0
423 412 0
422 413 0
421 414 0
420 415 0
419 416 0
418 417 0
417 418 0
416 419 0
415 420 0
414 421 0
413 422 0
412 422 0
411 423 0
410 424 0
409 424 0
408 425 0
407 425 0
406 426 0
405 427 0
404 428 0
403 428 0
402 428 0
401 429 0
400 429 0
399 429 0
398 430 0
397 430 0
396 431 0
395 431 0
394 432 0
393 432 0
392 432 0
391 433 0
390 433 0
389 434 0
388 434 0
387 435 0
386 436 0
385 436 0
384 436 0
383 436 0
