515 164 0
516 165 0
517 164 0
518 163 0
519 162 0
520 161 0
520 160 0
521 159 0
522 158 0
522 157 0
523 156 0
523 155 0
524 154 0
524 153 0
525 152 0
526 151 0
527 150 0
527 149 0
528 148 0
529 147 0
530 146 0
529 145 0
528 144 0
527 145 0
527 146 0
526 147 0
525 148 0
524 149 0
524 150 0
523 151 0
522 152 0
522 153 0
521 154 0
520 155 0
520 156 0
519 157 0
519 158 0
518 159 0
517 160 0
517 161 0
516 162 0
515 163 0
515 165 0
515 164 0
515 163 0
515 162 0
516 161 0
517 160 0
517 159 0
518 158 0
519 157 0
519 156 0
520 155 0
520 154 0
521 153 0
522 152 0
522 151 0
523 150 0
524 149 0
524 148 0
525 147 0
526 146 0
527 145 0
527 144 0
528 143 0
529 143 0
528 144 0
529 145 0
530 145 0
531 145 0
532 144 0
531 145 0
530 146 0
529 147 0
529 148 0
528 149 0
527 150 0
527 151 0
526 152 0
525 153 0
524 154 0
524 155 0
523 156 0
523 157 0
522 158 0
522 159 0
521 160 0
520 161 0
520 162 0
519 163 0
518 164 0
517 165 0
516 165 0
512 175 0
513 176 0
514 175 0
515 174 0
516 173 0
516 172 0
517 171 0
517 170 0
516 169 0
515 169 0
514 170 0
514 171 0
513 172 0
513 173 0
512 174 0
490 216 0
491 215 0
492 215 0
493 215 0
494 214 0
495 213 0
496 212 0
496 211 0
497 210 0
498 209 0
498 208 0
498 207 0
498 206 0
498 205 0
498 204 0
498 203 0
499 202 0
499 201 0
499 200 0
499 199 0
499 198 0
499 197 0
499 196 0
499 195 0
499 194 0
499 193 0
500 192 0
500 191 0
501 190 0
501 189 0
502 188 0
503 187 0
504 186 0
504 185 0
505 184 0
506 183 0
506 182 0
507 181 0
507 180 0
508 179 0
508 178 0
509 177 0
509 176 0
508 175 0
507 176 0
506 177 0
506 178 0
505 179 0
504 180 0
504 181 0
503 182 0
503 183 0
502 184 0
501 185 0
501 186 0
500 187 0
499 188 0
498 189 0
498 190 0
497 191 0
496 192 0
496 193 0
496 194 0
496 195 0
496 196 0
496 197 0
496 198 0
496 199 0
496 200 0
495 201 0
495 202 0
495 203 0
495 204 0
495 205 0
495 206 0
495 207 0
495 208 0
494 209 0
494 210 0
493 211 0
493 212 0
492 213 0
491 213 0
490 213 0
491 213 0
492 212 0
493 211 0
494 210 0
494 209 0
495 208 0
495 207 0
495 206 0
495 205 0
495 204 0
495 203 0
495 202 0
495 201 0
496 200 0
496 199 0
496 198 0
496 197 0
496 196 0
496 195 0
496 194 0
496 193 0
496 192 0
496 191 0
497 190 0
498 189 0
498 188 0
499 187 0
500 186 0
501 185 0
501 184 0
502 183 0
503 182 0
503 181 0
504 180 0
504 179 0
505 178 0
506 177 0
506 176 0
507 175 0
508 175 0
509 175 0
510 174 0
511 174 0
512 173 0
513 172 0
513 171 0
514 170 0
514 169 0
515 168 0
516 169 0
517 169 0
517 170 0
517 171 0
516 172 0
516 173 0
516 174 0
515 175 0
514 175 0
513 176 0
512 176 0
512 175 0
511 174 0
510 174 0
509 175 0
509 176 0
510 177 0
509 178 0
508 179 0
508 180 0
507 181 0
507 182 0
506 183 0
506 184 0
505 185 0
504 186 0
504 187 0
503 188 0
502 189 0
501 190 0
501 191 0
500 192 0
500 193 0
499 194 0
499 195 0
499 196 0
499 197 0
499 198 0
499 199 0
499 200 0
499 201 0
499 202 0
498 203 0
498 204 0
498 205 0
498 206 0
498 207 0
498 208 0
498 209 0
497 210 0
497 211 0
496 212 0
496 213 0
495 214 0
494 215 0
493 215 0
492 215 0
491 215 0
451 341 0
452 342 0
453 342 0
454 341 0
454 340 0
454 339 0
455 338 0
455 337 0
455 336 0
455 335 0
456 334 0
456 333 0
456 332 0
456 331 0
456 330 0
457 329 0
457 328 0
457 327 0
457 326 0
458 325 0
458 324 0
458 323 0
458 322 0
458 321 0
458 320 0
458 319 0
459 318 0
459 317 0
459 316 0
459 315 0
460 314 0
460 313 0
460 312 0
460 311 0
461 310 0
461 309 0
461 308 0
461 307 0
461 306 0
462 305 0
462 304 0
462 303 0
462 302 0
462 301 0
463 300 0
463 299 0
463 298 0
463 297 0
464 296 0
464 295 0
464 294 0
465 293 0
465 292 0
465 291 0
465 290 0
466 289 0
466 288 0
466 287 0
466 286 0
467 285 0
467 284 0
467 283 0
468 282 0
468 281 0
468 280 0
468 279 0
468 278 0
469 277 0
469 276 0
469 275 0
470 274 0
471 273 0
471 272 0
471 271 0
471 270 0
471 269 0
471 268 0
471 267 0
471 266 0
472 265 0
473 264 0
473 263 0
473 262 0
474 261 0
475 260 0
475 259 0
475 258 0
475 257 0
476 256 0
476 255 0
476 254 0
476 253 0
477 252 0
477 251 0
476 250 0
475 249 0
475 248 0
476 247 0
476 246 0
476 245 0
477 244 0
477 243 0
477 242 0
478 241 0
478 240 0
478 239 0
478 238 0
479 237 0
479 236 0
479 235 0
480 234 0
480 233 0
480 232 0
481 231 0
481 230 0
482 229 0
482 228 0
482 227 0
483 226 0
483 225 0
483 224 0
484 223 0
484 222 0
485 221 0
485 220 0
485 219 0
486 218 0
486 217 0
487 216 0
486 215 0
485 214 0
484 215 0
484 216 0
483 217 0
482 218 0
482 219 0
481 220 0
481 221 0
481 222 0
480 223 0
480 224 0
480 225 0
479 226 0
479 227 0
478 228 0
478 229 0
478 230 0
477 231 0
477 232 0
477 233 0
476 234 0
476 235 0
476 236 0
475 237 0
475 238 0
474 239 0
474 240 0
474 241 0
474 242 0
474 243 0
473 244 0
473 245 0
473 246 0
473 247 0
472 248 0
472 249 0
472 250 0
472 251 0
471 252 0
471 253 0
471 254 0
471 255 0
471 256 0
470 257 0
470 258 0
470 259 0
470 260 0
469 261 0
469 262 0
469 263 0
469 264 0
469 265 0
468 266 0
468 267 0
468 268 0
467 269 0
467 270 0
467 271 0
467 272 0
467 273 0
467 274 0
466 275 0
466 276 0
466 277 0
466 278 0
465 279 0
465 280 0
465 281 0
464 282 0
464 283 0
464 284 0
463 285 0
463 286 0
463 287 0
463 288 0
462 289 0
462 290 0
462 291 0
461 292 0
461 293 0
461 294 0
461 295 0
460 296 0
460 297 0
460 298 0
460 299 0
460 300 0
459 301 0
459 302 0
459 303 0
459 304 0
459 305 0
458 306 0
458 307 0
458 308 0
458 309 0
457 310 0
457 311 0
457 312 0
457 313 0
456 314 0
456 315 0
456 316 0
456 317 0
456 318 0
455 319 0
455 320 0
455 321 0
455 322 0
455 323 0
454 324 0
454 325 0
454 326 0
454 327 0
454 328 0
453 329 0
453 330 0
453 331 0
453 332 0
453 333 0
452 334 0
452 335 0
452 336 0
452 337 0
451 338 0
451 339 0
451 340 0
440 388 0
441 389 0
442 388 0
443 387 0
443 386 0
442 385 0
441 386 0
440 387 0
414 419 0
415 420 0
416 419 0
417 418 0
418 418 0
419 417 0
420 416 0
421 415 0
422 414 0
423 413 0
424 412 0
425 411 0
425 410 0
426 409 0
427 408 0
428 407 0
429 406 0
430 405 0
430 404 0
431 403 0
432 402 0
433 401 0
434 400 0
435 399 0
435 398 0
436 397 0
436 396 0
437 395 0
437 394 0
438 393 0
439 392 0
439 391 0
440 390 0
440 389 0
440 388 0
440 387 0
441 386 0
441 385 0
442 384 0
443 383 0
443 382 0
444 381 0
444 380 0
444 379 0
444 378 0
445 377 0
445 376 0
446 375 0
446 374 0
446 373 0
447 372 0
447 371 0
447 370 0
448 369 0
448 368 0
448 367 0
449 366 0
449 365 0
449 364 0
449 363 0
450 362 0
450 361 0
450 360 0
450 359 0
451 358 0
451 357 0
451 356 0
451 355 0
452 354 0
452 353 0
452 352 0
452 351 0
452 350 0
453 349 0
453 348 0
453 347 0
453 346 0
453 345 0
453 344 0
453 343 0
452 342 0
451 341 0
450 342 0
450 343 0
450 344 0
450 345 0
450 346 0
450 347 0
450 348 0
449 349 0
449 350 0
449 351 0
449 352 0
448 353 0
448 354 0
448 355 0
448 356 0
448 357 0
447 358 0
447 359 0
447 360 0
447 361 0
446 362 0
446 363 0
446 364 0
446 365 0
445 366 0
445 367 0
445 368 0
445 369 0
444 370 0
444 371 0
443 372 0
443 373 0
443 374 0
442 375 0
442 376 0
441 377 0
441 378 0
440 379 0
440 380 0
439 381 0
439 382 0
439 383 0
438 384 0
437 385 0
437 386 0
437 387 0
437 388 0
436 389 0
436 390 0
435 391 0
435 392 0
434 393 0
434 394 0
433 395 0
433 396 0
432 397 0
431 398 0
430 399 0
430 400 0
429 401 0
428 402 0
428 403 0
427 404 0
426 405 0
426 406 0
425 407 0
424 408 0
423 409 0
422 410 0
421 411 0
420 412 0
419 413 0
418 414 0
417 415 0
416 416 0
415 417 0
414 418 0
382 435 0
383 436 0
384 436 0
385 435 0
384 434 0
383 434 0
334 438 0
335 438 0
336 438 0
337 438 0
338 438 0
339 438 0
340 437 0
341 438 0
342 438 0
343 437 0
344 437 0
345 438 0
346 438 0
347 438 0
348 438 0
349 438 0
350 438 0
351 437 0
352 437 0
353 437 0
354 437 0
355 437 0
356 437 0
357 437 0
358 437 0
359 437 0
360 437 0
361 437 0
362 437 0
363 437 0
364 437 0
365 437 0
366 437 0
367 437 0
368 437 0
369 437 0
370 437 0
371 437 0
372 437 0
373 437 0
374 437 0
375 437 0
376 437 0
377 437 0
378 437 0
379 437 0
380 437 0
381 436 0
382 435 0
382 434 0
383 434 0
384 434 0
385 434 0
386 435 0
387 434 0
388 434 0
389 433 0
390 433 0
391 432 0
392 432 0
393 432 0
394 432 0
395 431 0
396 431 0
397 431 0
398 430 0
399 430 0
400 429 0
401 429 0
402 428 0
403 428 0
404 428 0
405 427 0
406 427 0
407 426 0
408 425 0
409 424 0
410 424 0
411 423 0
412 423 0
413 422 0
414 421 0
415 420 0
414 419 0
413 419 0
412 419 0
411 420 0
410 421 0
409 421 0
408 422 0
407 423 0
406 424 0
405 424 0
404 425 0
403 425 0
402 426 0
401 426 0
400 426 0
399 426 0
398 427 0
397 427 0
398 427 0
399 426 0
400 426 0
401 426 0
402 426 0
403 425 0
404 425 0
405 424 0
406 423 0
407 422 0
408 422 0
409 421 0
410 420 0
411 420 0
412 419 0
413 418 0
414 417 0
415 416 0
416 415 0
417 415 0
418 414 0
419 413 0
419 412 0
420 411 0
421 410 0
422 409 0
423 408 0
424 407 0
425 406 0
426 405 0
426 404 0
427 403 0
428 402 0
428 401 0
429 400 0
430 399 0
430 398 0
431 397 0
432 396 0
433 395 0
433 394 0
434 393 0
434 392 0
435 391 0
435 390 0
436 389 0
436 388 0
437 387 0
437 386 0
437 385 0
437 384 0
438 384 0
439 383 0
439 382 0
439 381 0
440 380 0
440 379 0
441 378 0
441 377 0
441 376 0
442 375 0
442 374 0
443 373 0
443 372 0
444 371 0
444 370 0
445 369 0
445 368 0
445 367 0
445 366 0
446 365 0
446 364 0
446 363 0
446 362 0
447 361 0
447 360 0
447 359 0
447 358 0
448 357 0
448 356 0
448 355 0
448 354 0
448 353 0
449 352 0
449 351 0
449 350 0
449 349 0
450 348 0
450 347 0
450 346 0
450 345 0
450 344 0
450 343 0
450 342 0
451 341 0
451 340 0
451 339 0
451 338 0
452 337 0
452 336 0
452 335 0
452 334 0
453 333 0
453 332 0
453 331 0
453 330 0
453 329 0
454 328 0
454 327 0
454 326 0
454 325 0
454 324 0
455 323 0
455 322 0
455 321 0
455 320 0
455 319 0
456 318 0
456 317 0
456 316 0
456 315 0
456 314 0
457 313 0
457 312 0
457 311 0
457 310 0
457 309 0
458 308 0
458 307 0
458 306 0
459 305 0
459 304 0
459 303 0
459 302 0
459 301 0
460 300 0
460 299 0
460 298 0
460 297 0
460 296 0
461 295 0
461 294 0
461 293 0
461 292 0
462 291 0
462 290 0
462 289 0
463 288 0
463 287 0
463 286 0
463 285 0
464 284 0
464 283 0
464 282 0
465 281 0
465 280 0
465 279 0
465 278 0
466 277 0
466 276 0
466 275 0
467 274 0
467 273 0
467 272 0
467 271 0
467 270 0
467 269 0
468 268 0
468 267 0
468 266 0
468 265 0
469 264 0
469 263 0
469 262 0
469 261 0
470 260 0
470 259 0
470 258 0
470 257 0
471 256 0
471 255 0
471 254 0
471 253 0
471 252 0
472 251 0
472 250 0
472 249 0
472 248 0
473 247 0
473 246 0
473 245 0
473 244 0
474 243 0
474 242 0
474 241 0
474 240 0
474 239 0
475 238 0
475 237 0
475 236 0
476 235 0
476 234 0
477 233 0
477 232 0
477 231 0
478 230 0
478 229 0
478 228 0
479 227 0
479 226 0
480 225 0
480 224 0
480 223 0
480 222 0
481 221 0
481 220 0
482 219 0
482 218 0
483 217 0
483 216 0
484 215 0
484 214 0
485 214 0
486 214 0
487 215 0
488 216 0
487 217 0
486 218 0
486 219 0
485 220 0
485 221 0
484 222 0
484 223 0
483 224 0
483 225 0
483 226 0
482 227 0
482 228 0
482 229 0
481 230 0
481 231 0
480 232 0
480 233 0
480 234 0
479 235 0
479 236 0
479 237 0
478 238 0
478 239 0
478 240 0
478 241 0
477 242 0
477 243 0
477 244 0
476 245 0
476 246 0
476 247 0
476 248 0
476 249 0
476 250 0
477 251 0
477 252 0
476 253 0
476 254 0
476 255 0
476 256 0
475 257 0
475 258 0
475 259 0
475 260 0
474 261 0
474 262 0
473 263 0
473 264 0
472 265 0
471 266 0
471 267 0
471 268 0
471 269 0
471 270 0
471 271 0
471 272 0
471 273 0
471 274 0
470 275 0
469 276 0
469 277 0
468 278 0
468 279 0
468 280 0
468 281 0
468 282 0
467 283 0
467 284 0
467 285 0
466 286 0
466 287 0
466 288 0
466 289 0
465 290 0
465 291 0
465 292 0
465 293 0
464 294 0
464 295 0
464 296 0
463 297 0
463 298 0
463 299 0
463 300 0
462 301 0
462 302 0
462 303 0
462 304 0
462 305 0
461 306 0
461 307 0
461 308 0
461 309 0
461 310 0
460 311 0
460 312 0
460 313 0
460 314 0
459 315 0
459 316 0
459 317 0
459 318 0
459 319 0
458 320 0
458 321 0
458 322 0
458 323 0
458 324 0
458 325 0
457 326 0
457 327 0
457 328 0
457 329 0
456 330 0
456 331 0
456 332 0
456 333 0
456 334 0
455 335 0
455 336 0
455 337 0
455 338 0
454 339 0
454 340 0
454 341 0
453 342 0
453 343 0
453 344 0
453 345 0
453 346 0
453 347 0
453 348 0
453 349 0
452 350 0
452 351 0
452 352 0
452 353 0
452 354 0
451 355 0
451 356 0
451 357 0
451 358 0
450 359 0
450 360 0
450 361 0
450 362 0
449 363 0
449 364 0
449 365 0
449 366 0
448 367 0
448 368 0
448 369 0
448 370 0
447 371 0
447 372 0
447 373 0
446 374 0
446 375 0
446 376 0
445 377 0
445 378 0
444 379 0
444 380 0
444 381 0
443 382 0
443 383 0
443 384 0
442 385 0
443 386 0
443 387 0
443 388 0
442 389 0
441 389 0
440 390 0
440 391 0
439 392 0
439 393 0
438 394 0
437 395 0
437 396 0
436 397 0
436 398 0
435 399 0
435 400 0
434 401 0
433 402 0
432 403 0
431 404 0
430 405 0
430 406 0
429 407 0
428 408 0
427 409 0
426 410 0
425 411 0
425 412 0
424 413 0
423 414 0
422 415 0
421 416 0
420 417 0
419 418 0
418 418 0
417 419 0
416 420 0
415 421 0
414 422 0
413 423 0
412 423 0
411 423 0
410 424 0
409 425 0
408 426 0
407 426 0
406 427 0
405 427 0
404 428 0
403 428 0
402 429 0
401 429 0
400 429 0
399 430 0
398 430 0
397 431 0
396 431 0
395 431 0
394 432 0
393 432 0
392 432 0
391 433 0
390 433 0
389 433 0
388 434 0
387 435 0
386 435 0
385 436 0
384 436 0
383 436 0
382 436 0
381 437 0
380 437 0
379 437 0
378 437 0
377 437 0
376 437 0
375 437 0
374 437 0
373 437 0
372 437 0
371 437 0
370 437 0
369 437 0
368 437 0
367 437 0
366 437 0
365 437 0
364 437 0
363 437 0
362 437 0
361 437 0
360 437 0
359 437 0
358 437 0
357 437 0
356 437 0
355 437 0
354 437 0
353 437 0
352 437 0
351 437 0
350 438 0
349 438 0
348 438 0
347 438 0
346 438 0
345 438 0
344 437 0
343 437 0
342 438 0
341 438 0
340 437 0
339 438 0
338 438 0
337 438 0
336 438 0
335 438 0
