526 149 0
526 148 0
527 147 0
527 146 0
528 145 0
529 144 0
529 143 0
530 143 0
531 142 0
531 141 0
531 140 0
532 139 0
532 138 0
533 137 0
533 136 0
534 135 0
535 134 0
535 133 0
536 132 0
537 131 0
537 130 0
538 129 0
538 128 0
539 127 0
540 126 0
540 125 0
541 124 0
541 123 0
542 122 0
543 121 0
543 120 0
544 119 0
544 118 0
544 117 0
545 116 0
545 115 0
546 114 0
547 113 0
548 112 0
548 111 0
549 110 0
550 109 0
550 108 0
551 107 0
551 106 0
552 105 0
552 104 0
553 103 0
553 102 0
554 101 0
554 100 0
554 101 0
554 102 0
553 103 0
553 104 0
552 105 0
552 106 0
551 107 0
551 108 0
550 109 0
549 110 0
549 111 0
548 112 0
548 113 0
547 114 0
546 115 0
545 116 0
545 117 0
544 118 0
544 119 0
543 120 0
543 121 0
542 122 0
542 123 0
541 124 0
541 125 0
540 126 0
540 127 0
539 128 0
538 129 0
538 130 0
537 131 0
537 132 0
536 133 0
535 134 0
535 135 0
534 136 0
533 137 0
533 138 0
532 139 0
531 140 0
531 141 0
531 142 0
530 143 0
529 144 0
529 145 0
528 146 0
527 147 0
526 148 0
514 175 0
515 175 0
516 174 0
516 173 0
517 172 0
518 171 0
519 170 0
519 169 0
519 168 0
519 167 0
519 166 0
520 165 0
520 164 0
520 163 0
520 162 0
521 161 0
522 160 0
523 159 0
523 158 0
524 157 0
524 156 0
525 155 0
526 154 0
527 153 0
527 152 0
528 151 0
528 150 0
529 149 0
530 148 0
530 147 0
531 146 0
532 145 0
532 144 0
533 143 0
534 142 0
534 141 0
535 140 0
535 139 0
536 138 0
537 137 0
537 136 0
538 135 0
539 134 0
539 133 0
540 132 0
541 131 0
541 130 0
542 129 0
542 128 0
543 127 0
544 126 0
544 125 0
545 124 0
545 123 0
546 122 0
547 121 0
547 120 0
547 119 0
548 118 0
548 117 0
549 116 0
550 115 0
550 114 0
551 113 0
552 112 0
552 111 0
553 110 0
553 109 0
554 108 0
555 107 0
555 106 0
555 105 0
556 104 0
556 103 0
557 102 0
557 101 0
558 100 0
558 99 0
558 100 0
557 101 0
557 102 0
556 103 0
556 104 0
555 105 0
555 106 0
555 107 0
554 108 0
554 109 0
553 110 0
553 111 0
552 112 0
552 113 0
551 114 0
550 115 0
549 116 0
549 117 0
548 118 0
548 119 0
547 120 0
547 121 0
547 122 0
546 123 0
545 124 0
544 125 0
544 126 0
544 127 0
543 128 0
542 129 0
542 130 0
541 131 0
540 132 0
540 133 0
539 134 0
539 135 0
538 136 0
537 137 0
537 138 0
536 138 0
535 139 0
535 140 0
535 141 0
534 142 0
534 143 0
533 144 0
532 145 0
532 146 0
531 147 0
530 148 0
530 149 0
529 150 0
528 151 0
528 152 0
527 153 0
526 154 0
526 155 0
525 156 0
524 157 0
524 158 0
523 159 0
523 160 0
522 161 0
521 162 0
520 163 0
520 164 0
520 165 0
519 166 0
519 167 0
519 168 0
519 169 0
519 170 0
518 171 0
518 172 0
517 173 0
516 174 0
515 175 0
505 180 0
505 179 0
506 178 0
507 177 0
508 176 0
508 175 0
509 175 0
510 174 0
511 174 0
512 173 0
513 172 0
514 171 0
515 170 0
516 169 0
516 168 0
516 167 0
516 166 0
517 165 0
517 164 0
517 163 0
517 162 0
517 161 0
518 160 0
518 159 0
519 158 0
520 157 0
521 156 0
521 155 0
522 154 0
523 153 0
523 154 0
522 155 0
521 156 0
521 157 0
520 158 0
519 159 0
518 160 0
517 161 0
517 162 0
517 163 0
517 164 0
517 165 0
516 166 0
516 167 0
516 168 0
516 169 0
515 170 0
515 171 0
514 172 0
513 173 0
512 173 0
511 174 0
510 174 0
509 175 0
508 176 0
507 177 0
507 178 0
506 179 0
494 215 0
494 214 0
494 213 0
494 212 0
494 211 0
495 210 0
495 209 0
495 208 0
495 207 0
495 206 0
496 205 0
496 204 0
496 203 0
496 202 0
496 201 0
496 200 0
496 199 0
496 198 0
496 197 0
496 196 0
496 195 0
496 194 0
497 193 0
497 192 0
498 191 0
498 190 0
499 189 0
499 188 0
500 187 0
501 186 0
502 185 0
502 186 0
501 187 0
500 188 0
499 189 0
499 190 0
498 191 0
498 192 0
497 193 0
496 194 0
496 195 0
496 196 0
496 197 0
496 198 0
496 199 0
496 200 0
496 201 0
496 202 0
496 203 0
496 204 0
496 205 0
495 206 0
495 207 0
495 208 0
495 209 0
495 210 0
495 211 0
494 212 0
494 213 0
494 214 0
495 215 0
496 214 0
497 213 0
497 212 0
498 211 0
498 210 0
498 209 0
498 208 0
499 207 0
499 206 0
499 205 0
499 204 0
499 203 0
499 202 0
499 201 0
499 200 0
499 199 0
499 198 0
499 197 0
500 196 0
500 195 0
500 194 0
500 193 0
501 192 0
502 191 0
502 190 0
503 189 0
504 188 0
504 187 0
505 186 0
505 185 0
506 184 0
506 183 0
507 182 0
507 181 0
508 180 0
509 179 0
510 178 0
510 177 0
511 176 0
512 176 0
511 177 0
510 178 0
510 179 0
509 180 0
508 181 0
507 182 0
507 183 0
506 184 0
506 185 0
505 186 0
505 187 0
504 188 0
503 189 0
503 190 0
502 191 0
501 192 0
501 193 0
500 194 0
500 195 0
500 196 0
499 197 0
499 198 0
499 199 0
499 200 0
499 201 0
499 202 0
499 203 0
499 204 0
499 205 0
499 206 0
499 207 0
498 208 0
498 209 0
498 210 0
498 211 0
497 212 0
497 213 0
497 214 0
496 215 0
495 215 0
382 433 0
383 433 0
384 433 0
383 433 0
371 437 0
372 437 0
373 437 0
374 437 0
375 437 0
376 436 0
377 436 0
378 436 0
379 436 0
380 436 0
381 436 0
382 435 0
383 436 0
384 435 0
385 435 0
386 435 0
387 434 0
388 434 0
389 434 0
390 433 0
391 433 0
392 433 0
393 433 0
394 432 0
395 432 0
396 431 0
397 431 0
398 430 0
399 430 0
400 430 0
401 429 0
402 429 0
403 428 0
404 428 0
405 427 0
406 427 0
407 426 0
408 426 0
409 425 0
410 424 0
411 424 0
412 423 0
413 422 0
414 422 0
415 421 0
416 420 0
417 419 0
418 418 0
419 417 0
420 417 0
421 416 0
421 415 0
422 414 0
423 413 0
424 412 0
425 411 0
426 410 0
427 409 0
428 408 0
429 407 0
429 406 0
430 405 0
431 404 0
431 403 0
432 402 0
433 401 0
434 400 0
434 399 0
434 398 0
435 397 0
435 396 0
436 395 0
436 394 0
437 393 0
438 392 0
439 391 0
439 390 0
440 389 0
440 388 0
441 387 0
441 386 0
442 385 0
442 384 0
443 383 0
443 382 0
444 381 0
445 380 0
445 379 0
445 378 0
446 377 0
446 376 0
446 375 0
447 374 0
447 373 0
447 372 0
448 371 0
448 370 0
448 369 0
448 368 0
448 367 0
449 366 0
449 365 0
449 364 0
450 363 0
450 362 0
450 361 0
450 360 0
450 359 0
451 358 0
451 357 0
451 356 0
451 355 0
452 354 0
452 353 0
452 352 0
453 351 0
453 350 0
453 349 0
453 348 0
453 347 0
454 346 0
454 345 0
454 344 0
454 343 0
454 342 0
454 341 0
455 340 0
455 339 0
455 338 0
456 337 0
456 336 0
456 335 0
456 334 0
456 333 0
456 332 0
457 331 0
457 330 0
457 329 0
458 328 0
458 327 0
458 326 0
458 325 0
458 324 0
458 323 0
459 322 0
459 321 0
459 320 0
460 319 0
460 318 0
460 317 0
460 316 0
460 315 0
461 314 0
461 313 0
461 312 0
461 311 0
462 310 0
462 309 0
463 308 0
463 307 0
464 306 0
464 305 0
464 304 0
464 303 0
464 302 0
464 301 0
464 300 0
464 299 0
464 298 0
464 297 0
464 296 0
465 295 0
465 294 0
465 293 0
465 292 0
465 291 0
466 290 0
466 289 0
467 288 0
467 287 0
467 286 0
467 285 0
468 284 0
468 283 0
468 282 0
468 281 0
469 280 0
469 279 0
469 278 0
469 277 0
470 276 0
470 275 0
470 274 0
470 273 0
471 272 0
471 271 0
471 270 0
471 269 0
472 268 0
472 267 0
472 266 0
472 265 0
473 264 0
473 263 0
474 262 0
475 261 0
475 260 0
475 259 0
476 258 0
476 257 0
476 256 0
476 255 0
477 254 0
477 253 0
477 252 0
477 251 0
477 250 0
477 249 0
476 248 0
476 247 0
476 246 0
476 245 0
477 244 0
477 243 0
478 242 0
478 241 0
478 240 0
479 239 0
479 238 0
479 237 0
479 236 0
480 235 0
480 234 0
480 233 0
480 232 0
481 231 0
481 230 0
482 229 0
482 228 0
482 227 0
482 226 0
483 225 0
483 224 0
484 223 0
484 222 0
485 221 0
485 220 0
486 219 0
486 218 0
486 217 0
486 216 0
486 215 0
485 214 0
484 215 0
484 216 0
483 217 0
482 218 0
482 219 0
482 220 0
481 221 0
481 222 0
480 223 0
480 224 0
480 225 0
479 226 0
479 227 0
479 228 0
478 229 0
478 230 0
477 231 0
477 232 0
477 233 0
477 234 0
476 235 0
476 236 0
476 237 0
476 238 0
475 239 0
475 240 0
475 241 0
474 242 0
474 243 0
474 244 0
473 245 0
473 246 0
473 247 0
473 248 0
473 249 0
472 250 0
472 251 0
472 252 0
472 253 0
471 254 0
471 255 0
471 256 0
471 257 0
470 258 0
470 259 0
470 260 0
470 261 0
470 262 0
469 263 0
469 264 0
469 265 0
469 266 0
469 267 0
469 268 0
468 269 0
467 270 0
466 270 0
465 271 0
466 272 0
466 273 0
466 274 0
466 275 0
466 276 0
466 277 0
466 278 0
466 279 0
465 280 0
465 281 0
465 282 0
465 283 0
465 284 0
464 285 0
464 286 0
464 287 0
463 288 0
463 289 0
463 290 0
462 291 0
462 292 0
462 293 0
462 294 0
462 295 0
461 296 0
461 297 0
460 298 0
459 299 0
459 300 0
460 301 0
460 302 0
460 303 0
460 304 0
460 305 0
459 306 0
459 307 0
459 308 0
459 309 0
458 310 0
458 311 0
458 312 0
458 313 0
457 314 0
457 315 0
457 316 0
457 317 0
457 318 0
456 319 0
456 320 0
456 321 0
456 322 0
455 323 0
455 324 0
455 325 0
455 326 0
455 327 0
455 328 0
455 329 0
454 330 0
454 331 0
453 332 0
453 333 0
453 334 0
453 335 0
453 336 0
453 337 0
452 338 0
452 339 0
452 340 0
451 341 0
451 342 0
451 343 0
451 344 0
451 345 0
450 346 0
450 347 0
450 348 0
450 349 0
450 350 0
449 351 0
449 352 0
449 353 0
449 354 0
448 355 0
448 356 0
448 357 0
448 358 0
447 359 0
447 360 0
447 361 0
447 362 0
446 363 0
446 364 0
446 365 0
446 366 0
445 367 0
445 368 0
445 369 0
444 370 0
444 371 0
444 372 0
444 373 0
443 374 0
443 375 0
442 376 0
442 377 0
442 378 0
441 379 0
441 380 0
440 381 0
440 382 0
439 383 0
439 384 0
438 385 0
438 386 0
437 387 0
437 388 0
436 389 0
436 390 0
435 391 0
435 392 0
434 393 0
433 394 0
433 395 0
432 396 0
432 397 0
431 398 0
431 399 0
430 400 0
430 401 0
429 402 0
428 403 0
428 404 0
427 405 0
426 406 0
426 407 0
425 408 0
424 409 0
423 410 0
422 411 0
421 412 0
420 413 0
419 414 0
418 415 0
417 416 0
416 417 0
415 418 0
414 418 0
413 419 0
412 420 0
411 421 0
410 421 0
409 422 0
408 423 0
407 423 0
406 424 0
405 424 0
404 425 0
403 425 0
402 425 0
401 425 0
400 425 0
399 426 0
398 426 0
397 427 0
397 428 0
396 428 0
395 429 0
394 429 0
395 428 0
396 428 0
397 427 0
398 426 0
399 426 0
400 425 0
401 425 0
402 425 0
403 425 0
404 424 0
405 424 0
406 424 0
407 423 0
408 422 0
409 421 0
410 421 0
411 420 0
412 419 0
413 418 0
414 418 0
415 417 0
416 416 0
417 415 0
418 414 0
419 413 0
420 412 0
421 411 0
422 410 0
423 409 0
424 408 0
425 407 0
426 406 0
426 405 0
427 404 0
428 403 0
428 402 0
429 401 0
430 400 0
430 399 0
431 398 0
431 397 0
432 396 0
433 395 0
433 394 0
433 393 0
434 392 0
435 391 0
435 390 0
436 389 0
436 388 0
437 387 0
437 386 0
438 385 0
439 384 0
439 383 0
439 382 0
440 381 0
440 380 0
441 379 0
442 378 0
442 377 0
442 376 0
443 375 0
443 374 0
443 373 0
444 372 0
444 371 0
444 370 0
445 369 0
445 368 0
445 367 0
446 366 0
446 365 0
446 364 0
446 363 0
447 362 0
447 361 0
447 360 0
447 359 0
448 358 0
448 357 0
448 356 0
448 355 0
448 354 0
449 353 0
449 352 0
449 351 0
450 350 0
450 349 0
450 348 0
450 347 0
450 346 0
451 345 0
451 344 0
451 343 0
451 342 0
451 341 0
452 340 0
452 339 0
452 338 0
452 337 0
453 336 0
453 335 0
453 334 0
453 333 0
453 332 0
454 331 0
454 330 0
454 329 0
455 328 0
455 327 0
455 326 0
455 325 0
455 324 0
455 323 0
456 322 0
456 321 0
456 320 0
456 319 0
457 318 0
457 317 0
457 316 0
457 315 0
457 314 0
458 313 0
458 312 0
458 311 0
458 310 0
459 309 0
459 308 0
459 307 0
459 306 0
460 305 0
460 304 0
460 303 0
460 302 0
460 301 0
459 300 0
459 299 0
460 298 0
460 297 0
461 296 0
461 295 0
462 294 0
462 293 0
462 292 0
462 291 0
463 290 0
463 289 0
463 288 0
464 287 0
464 286 0
464 285 0
465 284 0
465 283 0
465 282 0
465 281 0
465 280 0
466 279 0
466 278 0
466 277 0
466 276 0
466 275 0
466 274 0
466 273 0
466 272 0
465 271 0
466 270 0
467 269 0
468 268 0
469 267 0
469 266 0
469 265 0
469 264 0
469 263 0
470 262 0
470 261 0
470 260 0
470 259 0
470 258 0
471 257 0
471 256 0
471 255 0
471 254 0
472 253 0
472 252 0
472 251 0
472 250 0
473 249 0
473 248 0
473 247 0
473 246 0
473 245 0
474 244 0
474 243 0
474 242 0
475 241 0
475 240 0
475 239 0
476 238 0
476 237 0
476 236 0
476 235 0
477 234 0
477 233 0
477 232 0
477 231 0
477 230 0
478 229 0
478 228 0
479 227 0
479 226 0
480 225 0
480 224 0
480 223 0
481 222 0
481 221 0
481 220 0
482 219 0
482 218 0
482 217 0
483 216 0
484 215 0
484 214 0
485 214 0
486 214 0
486 215 0
486 216 0
486 217 0
486 218 0
486 219 0
485 220 0
485 221 0
485 222 0
484 223 0
484 224 0
483 225 0
483 226 0
482 227 0
482 228 0
482 229 0
481 230 0
481 231 0
480 232 0
480 233 0
480 234 0
480 235 0
479 236 0
479 237 0
479 238 0
479 239 0
478 240 0
478 241 0
478 242 0
477 243 0
477 244 0
477 245 0
476 246 0
476 247 0
476 248 0
477 249 0
477 250 0
477 251 0
477 252 0
477 253 0
477 254 0
476 255 0
476 256 0
476 257 0
476 258 0
475 259 0
475 260 0
475 261 0
475 262 0
474 263 0
473 264 0
472 265 0
472 266 0
472 267 0
472 268 0
471 269 0
471 270 0
471 271 0
471 272 0
470 273 0
470 274 0
470 275 0
470 276 0
469 277 0
469 278 0
469 279 0
469 280 0
468 281 0
468 282 0
468 283 0
468 284 0
467 285 0
467 286 0
467 287 0
467 288 0
466 289 0
466 290 0
466 291 0
465 292 0
465 293 0
465 294 0
465 295 0
464 296 0
464 297 0
464 298 0
464 299 0
464 300 0
464 301 0
464 302 0
464 303 0
464 304 0
464 305 0
464 306 0
463 307 0
463 308 0
462 309 0
462 310 0
461 311 0
461 312 0
461 313 0
461 314 0
460 315 0
460 316 0
460 317 0
460 318 0
460 319 0
459 320 0
459 321 0
459 322 0
458 323 0
458 324 0
458 325 0
458 326 0
458 327 0
458 328 0
457 329 0
457 330 0
457 331 0
457 332 0
456 333 0
456 334 0
456 335 0
456 336 0
456 337 0
455 338 0
455 339 0
455 340 0
454 341 0
454 342 0
454 343 0
454 344 0
454 345 0
454 346 0
453 347 0
453 348 0
453 349 0
453 350 0
453 351 0
452 352 0
452 353 0
452 354 0
451 355 0
451 356 0
451 357 0
451 358 0
450 359 0
450 360 0
450 361 0
450 362 0
450 363 0
449 364 0
449 365 0
449 366 0
449 367 0
448 368 0
448 369 0
448 370 0
448 371 0
447 372 0
447 373 0
447 374 0
446 375 0
446 376 0
446 377 0
446 378 0
445 379 0
445 380 0
445 381 0
444 382 0
443 383 0
443 384 0
442 385 0
442 386 0
441 387 0
441 388 0
440 389 0
440 390 0
439 391 0
438 392 0
438 393 0
437 394 0
436 395 0
436 396 0
435 397 0
435 398 0
434 399 0
434 400 0
434 401 0
433 402 0
432 403 0
431 404 0
431 405 0
430 406 0
429 407 0
429 408 0
428 409 0
427 410 0
426 411 0
425 412 0
424 413 0
423 414 0
422 415 0
421 416 0
421 417 0
420 417 0
419 418 0
418 419 0
417 420 0
416 421 0
415 422 0
414 422 0
413 423 0
412 424 0
411 424 0
410 425 0
409 426 0
408 426 0
407 427 0
406 427 0
405 427 0
404 428 0
403 428 0
402 429 0
401 429 0
400 430 0
399 430 0
398 431 0
397 431 0
396 431 0
395 432 0
394 432 0
393 433 0
392 433 0
391 433 0
390 434 0
389 434 0
388 434 0
387 434 0
386 435 0
385 435 0
384 435 0
383 436 0
382 436 0
381 436 0
380 436 0
379 436 0
378 436 0
377 436 0
376 436 0
375 437 0
374 437 0
373 437 0
372 437 0
