553 110 0
554 109 0
554 108 0
555 107 0
555 106 0
555 105 0
556 104 0
557 103 0
557 102 0
558 101 0
558 100 0
559 99 0
558 100 0
558 101 0
557 102 0
557 103 0
557 104 0
556 105 0
555 106 0
555 107 0
555 108 0
554 109 0
554 110 0
531 142 0
532 143 0
533 143 0
534 142 0
535 141 0
536 140 0
536 139 0
537 138 0
538 137 0
538 136 0
539 135 0
540 134 0
540 133 0
539 132 0
538 132 0
537 133 0
536 134 0
536 135 0
535 136 0
535 137 0
534 138 0
533 139 0
532 140 0
532 141 0
497 211 0
498 212 0
499 212 0
500 211 0
500 210 0
501 209 0
501 208 0
502 207 0
502 206 0
502 205 0
503 204 0
503 203 0
503 202 0
503 201 0
503 200 0
503 199 0
503 198 0
503 197 0
503 196 0
503 195 0
503 194 0
503 193 0
503 192 0
504 191 0
504 190 0
505 189 0
505 188 0
506 187 0
506 186 0
507 185 0
508 184 0
508 183 0
509 182 0
510 181 0
510 180 0
511 179 0
511 178 0
512 177 0
512 176 0
513 175 0
514 174 0
514 173 0
515 172 0
516 171 0
517 170 0
518 170 0
519 169 0
520 168 0
521 167 0
522 166 0
522 165 0
523 164 0
524 163 0
524 162 0
524 161 0
524 160 0
525 159 0
525 158 0
525 157 0
526 156 0
526 155 0
527 154 0
528 153 0
528 152 0
529 151 0
530 150 0
530 149 0
531 148 0
532 147 0
532 146 0
532 145 0
533 144 0
532 143 0
531 143 0
530 144 0
529 145 0
529 146 0
528 147 0
528 148 0
527 149 0
527 150 0
526 151 0
525 152 0
525 153 0
524 154 0
523 155 0
523 156 0
522 157 0
522 158 0
522 159 0
521 160 0
521 161 0
521 162 0
521 163 0
520 164 0
520 165 0
519 166 0
518 167 0
517 168 0
516 168 0
515 169 0
514 170 0
513 171 0
512 172 0
511 173 0
511 174 0
510 175 0
510 176 0
509 177 0
508 178 0
508 179 0
507 180 0
506 181 0
506 182 0
505 183 0
505 184 0
504 185 0
503 186 0
503 187 0
502 188 0
501 189 0
501 190 0
501 191 0
500 192 0
500 193 0
500 194 0
500 195 0
500 196 0
500 197 0
500 198 0
500 199 0
500 200 0
500 201 0
500 202 0
500 203 0
499 204 0
499 205 0
499 206 0
499 207 0
498 208 0
498 209 0
497 210 0
492 213 0
493 214 0
494 213 0
495 213 0
496 213 0
497 213 0
498 212 0
497 211 0
496 210 0
495 210 0
494 210 0
493 211 0
492 212 0
467 289 0
468 290 0
469 290 0
470 289 0
470 288 0
471 287 0
472 286 0
472 285 0
472 284 0
472 283 0
472 282 0
472 281 0
472 280 0
472 279 0
473 278 0
473 277 0
473 276 0
474 275 0
474 274 0
474 273 0
474 272 0
475 271 0
475 270 0
475 269 0
476 268 0
476 267 0
477 266 0
477 265 0
478 264 0
478 263 0
478 262 0
478 261 0
479 260 0
479 259 0
479 258 0
479 257 0
479 256 0
479 255 0
479 254 0
478 253 0
478 252 0
478 251 0
478 250 0
479 249 0
479 248 0
479 247 0
480 246 0
480 245 0
480 244 0
480 243 0
481 242 0
481 241 0
481 240 0
482 239 0
482 238 0
482 237 0
482 236 0
483 235 0
483 234 0
484 233 0
484 232 0
485 231 0
485 230 0
486 229 0
486 228 0
487 227 0
487 226 0
487 225 0
488 224 0
488 223 0
489 222 0
489 221 0
490 220 0
490 219 0
491 218 0
491 217 0
492 216 0
492 215 0
493 214 0
492 213 0
491 212 0
490 213 0
490 214 0
489 215 0
489 216 0
488 217 0
487 218 0
487 219 0
487 220 0
486 221 0
486 222 0
485 223 0
485 224 0
484 225 0
484 226 0
483 227 0
483 228 0
482 229 0
482 230 0
481 231 0
481 232 0
480 233 0
480 234 0
479 235 0
479 236 0
479 237 0
478 238 0
478 239 0
478 240 0
478 241 0
477 242 0
477 243 0
477 244 0
477 245 0
476 246 0
477 247 0
476 248 0
476 249 0
476 250 0
475 251 0
475 252 0
475 253 0
475 254 0
475 255 0
474 256 0
474 257 0
474 258 0
474 259 0
474 260 0
473 261 0
473 262 0
473 263 0
473 264 0
473 265 0
473 266 0
472 267 0
472 268 0
472 269 0
471 270 0
471 271 0
471 272 0
471 273 0
471 274 0
470 275 0
470 276 0
470 277 0
470 278 0
469 279 0
469 280 0
469 281 0
469 282 0
469 283 0
468 284 0
468 285 0
468 286 0
468 287 0
467 288 0
466 294 0
467 295 0
468 294 0
469 293 0
469 292 0
469 291 0
468 290 0
467 291 0
466 292 0
466 293 0
467 318 0
467 317 0
467 316 0
467 317 0
461 349 0
428 410 0
429 411 0
430 410 0
431 409 0
431 408 0
432 407 0
433 407 0
434 406 0
434 405 0
435 404 0
436 403 0
437 402 0
438 401 0
438 400 0
439 399 0
440 398 0
440 397 0
441 397 0
442 396 0
443 395 0
443 394 0
443 393 0
443 392 0
444 391 0
444 390 0
445 389 0
445 388 0
446 387 0
447 386 0
447 385 0
448 384 0
448 383 0
448 382 0
449 381 0
449 380 0
450 379 0
450 378 0
451 377 0
451 376 0
451 375 0
452 374 0
452 373 0
452 372 0
453 371 0
453 370 0
453 369 0
454 368 0
454 367 0
454 366 0
454 365 0
455 364 0
455 363 0
455 362 0
455 361 0
456 360 0
456 359 0
456 358 0
456 357 0
457 356 0
457 355 0
457 354 0
457 353 0
457 352 0
458 351 0
458 350 0
458 349 0
458 348 0
458 347 0
459 346 0
459 345 0
459 344 0
459 343 0
460 342 0
460 341 0
460 340 0
460 339 0
461 338 0
461 337 0
461 336 0
461 335 0
462 334 0
462 333 0
462 332 0
462 331 0
462 330 0
463 329 0
463 328 0
463 327 0
463 326 0
463 325 0
463 324 0
464 323 0
464 322 0
464 321 0
464 320 0
464 319 0
464 318 0
465 317 0
465 316 0
465 315 0
465 314 0
465 313 0
466 312 0
466 311 0
466 310 0
466 309 0
466 308 0
467 307 0
467 306 0
467 305 0
467 304 0
467 303 0
468 302 0
468 301 0
468 300 0
468 299 0
468 298 0
468 297 0
468 296 0
467 295 0
466 294 0
465 295 0
465 296 0
465 297 0
465 298 0
465 299 0
465 300 0
465 301 0
464 302 0
464 303 0
464 304 0
464 305 0
464 306 0
463 307 0
463 308 0
463 309 0
463 310 0
463 311 0
463 312 0
462 313 0
462 314 0
462 315 0
462 316 0
462 317 0
461 318 0
461 319 0
461 320 0
461 321 0
461 322 0
461 323 0
460 324 0
460 325 0
460 326 0
460 327 0
460 328 0
460 329 0
459 330 0
459 331 0
459 332 0
459 333 0
459 334 0
458 335 0
458 336 0
458 337 0
458 338 0
457 339 0
457 340 0
457 341 0
457 342 0
456 343 0
456 344 0
456 345 0
455 346 0
455 347 0
455 348 0
455 349 0
455 350 0
454 351 0
454 352 0
454 353 0
454 354 0
453 355 0
453 356 0
453 357 0
453 358 0
452 359 0
452 360 0
452 361 0
452 362 0
451 363 0
451 364 0
451 365 0
451 366 0
450 367 0
450 368 0
450 369 0
450 370 0
449 371 0
449 372 0
449 373 0
448 374 0
448 375 0
447 376 0
447 377 0
447 378 0
446 379 0
446 380 0
445 381 0
445 382 0
445 383 0
444 384 0
443 385 0
443 386 0
443 387 0
442 388 0
442 389 0
441 390 0
440 391 0
440 392 0
439 393 0
439 394 0
438 395 0
438 396 0
437 397 0
436 398 0
435 399 0
435 400 0
434 401 0
433 402 0
433 403 0
432 404 0
431 405 0
430 406 0
429 407 0
428 408 0
427 409 0
338 438 0
339 438 0
340 438 0
341 438 0
342 438 0
343 438 0
344 438 0
345 438 0
346 438 0
347 437 0
348 437 0
349 437 0
350 437 0
351 437 0
352 437 0
353 437 0
354 437 0
355 437 0
356 437 0
357 437 0
358 437 0
359 437 0
360 437 0
361 437 0
362 437 0
363 437 0
364 437 0
365 437 0
366 437 0
367 437 0
368 437 0
369 437 0
370 437 0
371 437 0
372 437 0
373 437 0
374 437 0
375 437 0
376 437 0
377 437 0
378 437 0
379 437 0
380 437 0
381 436 0
382 436 0
383 436 0
384 436 0
385 436 0
386 436 0
387 436 0
388 435 0
389 436 0
390 436 0
391 435 0
392 435 0
393 434 0
394 434 0
395 434 0
396 433 0
397 433 0
398 433 0
399 432 0
400 432 0
401 431 0
402 431 0
403 430 0
404 430 0
405 430 0
406 429 0
407 428 0
408 428 0
409 427 0
410 427 0
411 426 0
412 425 0
413 425 0
414 424 0
415 423 0
416 423 0
417 422 0
418 421 0
419 420 0
420 420 0
421 419 0
422 418 0
423 417 0
424 416 0
425 415 0
426 414 0
427 413 0
428 412 0
429 411 0
428 410 0
427 409 0
426 410 0
426 411 0
425 412 0
424 413 0
423 414 0
422 415 0
421 415 0
420 416 0
419 417 0
418 418 0
417 419 0
416 419 0
415 420 0
414 421 0
413 422 0
412 422 0
411 423 0
410 424 0
409 424 0
408 425 0
407 425 0
406 426 0
405 427 0
404 427 0
403 427 0
402 428 0
403 427 0
404 427 0
405 426 0
406 426 0
407 425 0
408 425 0
409 424 0
410 423 0
411 422 0
412 422 0
413 421 0
414 420 0
415 419 0
416 419 0
417 418 0
418 417 0
419 416 0
420 415 0
421 415 0
422 414 0
423 413 0
424 412 0
425 411 0
426 410 0
426 409 0
427 408 0
428 407 0
429 406 0
430 405 0
431 404 0
432 403 0
433 402 0
433 401 0
434 400 0
435 399 0
435 398 0
436 397 0
437 396 0
438 395 0
438 394 0
439 393 0
440 392 0
440 391 0
440 390 0
441 389 0
442 388 0
442 387 0
443 386 0
443 385 0
444 384 0
444 383 0
445 382 0
445 381 0
445 380 0
446 379 0
447 378 0
447 377 0
447 376 0
448 375 0
448 374 0
449 373 0
449 372 0
449 371 0
450 370 0
450 369 0
450 368 0
450 367 0
451 366 0
451 365 0
451 364 0
451 363 0
452 362 0
452 361 0
452 360 0
452 359 0
453 358 0
453 357 0
453 356 0
453 355 0
454 354 0
454 353 0
454 352 0
454 351 0
455 350 0
455 349 0
455 348 0
455 347 0
455 346 0
456 345 0
456 344 0
456 343 0
457 342 0
457 341 0
457 340 0
457 339 0
457 338 0
458 337 0
458 336 0
458 335 0
459 334 0
459 333 0
459 332 0
459 331 0
459 330 0
460 329 0
460 328 0
460 327 0
460 326 0
460 325 0
460 324 0
461 323 0
461 322 0
461 321 0
461 320 0
461 319 0
461 318 0
462 317 0
462 316 0
462 315 0
462 314 0
462 313 0
463 312 0
463 311 0
463 310 0
463 309 0
463 308 0
463 307 0
464 306 0
464 305 0
464 304 0
464 303 0
464 302 0
465 301 0
465 300 0
465 299 0
465 298 0
465 297 0
465 296 0
465 295 0
466 294 0
466 293 0
466 292 0
466 291 0
467 290 0
467 289 0
467 288 0
467 287 0
468 286 0
468 285 0
468 284 0
469 283 0
469 282 0
469 281 0
469 280 0
469 279 0
470 278 0
470 277 0
470 276 0
470 275 0
471 274 0
471 273 0
471 272 0
471 271 0
471 270 0
472 269 0
472 268 0
472 267 0
473 266 0
473 265 0
473 264 0
473 263 0
473 262 0
473 261 0
474 260 0
474 259 0
474 258 0
474 257 0
474 256 0
475 255 0
475 254 0
475 253 0
475 252 0
475 251 0
476 250 0
476 249 0
476 248 0
476 247 0
476 246 0
477 245 0
477 244 0
477 243 0
477 242 0
478 241 0
478 240 0
478 239 0
478 238 0
479 237 0
479 236 0
479 235 0
480 234 0
480 233 0
481 232 0
481 231 0
481 230 0
482 229 0
482 228 0
483 227 0
483 226 0
484 225 0
484 224 0
485 223 0
485 222 0
486 221 0
486 220 0
487 219 0
487 218 0
488 217 0
488 216 0
489 215 0
489 214 0
490 213 0
490 212 0
491 212 0
492 212 0
493 211 0
493 210 0
494 210 0
495 210 0
496 210 0
497 209 0
498 208 0
498 207 0
499 206 0
499 205 0
499 204 0
500 203 0
500 202 0
500 201 0
500 200 0
500 199 0
500 198 0
500 197 0
500 196 0
500 195 0
500 194 0
500 193 0
500 192 0
501 191 0
501 190 0
501 189 0
502 188 0
502 187 0
503 186 0
503 185 0
504 184 0
505 183 0
505 182 0
506 181 0
506 180 0
507 179 0
508 178 0
508 177 0
509 176 0
510 175 0
510 174 0
511 173 0
511 172 0
512 171 0
513 170 0
514 169 0
515 168 0
516 168 0
517 167 0
518 166 0
519 165 0
520 164 0
520 163 0
521 162 0
521 161 0
521 160 0
522 159 0
522 158 0
522 157 0
522 156 0
523 155 0
523 154 0
524 153 0
525 152 0
525 151 0
526 150 0
527 149 0
527 148 0
528 147 0
528 146 0
529 145 0
530 144 0
531 143 0
531 142 0
531 141 0
532 140 0
532 139 0
533 138 0
534 137 0
535 136 0
535 135 0
536 134 0
537 133 0
537 132 0
538 131 0
539 131 0
539 132 0
540 133 0
541 132 0
542 131 0
541 132 0
540 133 0
540 134 0
539 135 0
539 136 0
538 137 0
538 138 0
537 139 0
536 140 0
536 141 0
535 142 0
534 143 0
533 144 0
533 145 0
532 146 0
532 147 0
531 148 0
530 149 0
530 150 0
530 151 0
529 152 0
528 153 0
528 154 0
527 155 0
526 156 0
526 157 0
525 158 0
525 159 0
524 160 0
524 161 0
524 162 0
524 163 0
523 164 0
523 165 0
522 166 0
522 167 0
521 168 0
520 169 0
519 170 0
518 170 0
517 171 0
516 172 0
515 173 0
514 174 0
514 175 0
513 176 0
512 177 0
512 178 0
511 179 0
511 180 0
510 181 0
509 182 0
509 183 0
508 184 0
508 185 0
507 186 0
506 187 0
506 188 0
505 189 0
505 190 0
504 191 0
504 192 0
503 193 0
503 194 0
503 195 0
503 196 0
503 197 0
503 198 0
503 199 0
503 200 0
503 201 0
503 202 0
503 203 0
503 204 0
502 205 0
502 206 0
502 207 0
501 208 0
501 209 0
501 210 0
500 211 0
500 212 0
499 212 0
498 212 0
497 213 0
496 213 0
495 213 0
494 214 0
493 214 0
492 215 0
492 216 0
492 217 0
491 218 0
491 219 0
490 220 0
490 221 0
489 222 0
489 223 0
488 224 0
487 225 0
487 226 0
487 227 0
487 228 0
486 229 0
486 230 0
485 231 0
485 232 0
484 233 0
484 234 0
483 235 0
483 236 0
482 237 0
482 238 0
482 239 0
481 240 0
481 241 0
481 242 0
480 243 0
480 244 0
480 245 0
480 246 0
479 247 0
479 248 0
479 249 0
479 250 0
478 251 0
478 252 0
478 253 0
479 254 0
479 255 0
479 256 0
479 257 0
479 258 0
479 259 0
479 260 0
478 261 0
478 262 0
478 263 0
478 264 0
477 265 0
477 266 0
476 267 0
476 268 0
475 269 0
475 270 0
475 271 0
474 272 0
474 273 0
474 274 0
474 275 0
473 276 0
473 277 0
473 278 0
472 279 0
472 280 0
472 281 0
472 282 0
472 283 0
472 284 0
472 285 0
472 286 0
471 287 0
470 288 0
470 289 0
469 290 0
469 291 0
469 292 0
469 293 0
468 294 0
468 295 0
468 296 0
468 297 0
468 298 0
468 299 0
468 300 0
468 301 0
468 302 0
467 303 0
467 304 0
467 305 0
467 306 0
467 307 0
466 308 0
466 309 0
466 310 0
466 311 0
466 312 0
465 313 0
465 314 0
465 315 0
465 316 0
465 317 0
465 318 0
464 319 0
464 320 0
464 321 0
464 322 0
464 323 0
463 324 0
463 325 0
463 326 0
463 327 0
463 328 0
463 329 0
462 330 0
462 331 0
462 332 0
462 333 0
462 334 0
461 335 0
461 336 0
461 337 0
461 338 0
460 339 0
460 340 0
460 341 0
460 342 0
459 343 0
459 344 0
459 345 0
459 346 0
458 347 0
458 348 0
458 349 0
458 350 0
458 351 0
457 352 0
457 353 0
457 354 0
457 355 0
457 356 0
456 357 0
456 358 0
456 359 0
456 360 0
455 361 0
455 362 0
455 363 0
455 364 0
454 365 0
454 366 0
454 367 0
454 368 0
453 369 0
453 370 0
453 371 0
452 372 0
452 373 0
452 374 0
451 375 0
451 376 0
451 377 0
450 378 0
450 379 0
450 380 0
449 381 0
449 382 0
448 383 0
448 384 0
447 385 0
447 386 0
447 387 0
446 388 0
445 389 0
445 390 0
444 391 0
444 392 0
443 393 0
443 394 0
443 395 0
443 396 0
442 397 0
441 397 0
440 398 0
440 399 0
439 400 0
438 401 0
438 402 0
437 403 0
436 404 0
435 405 0
434 406 0
434 407 0
433 407 0
432 408 0
431 409 0
431 410 0
430 411 0
429 412 0
428 413 0
427 414 0
426 415 0
425 416 0
424 417 0
423 418 0
422 419 0
421 420 0
420 420 0
419 421 0
418 422 0
417 423 0
416 423 0
415 424 0
414 425 0
413 425 0
412 426 0
411 426 0
410 427 0
409 428 0
408 428 0
407 429 0
406 429 0
405 430 0
404 430 0
403 430 0
402 431 0
401 432 0
400 432 0
399 432 0
398 433 0
397 433 0
396 433 0
395 434 0
394 434 0
393 435 0
392 435 0
391 435 0
390 436 0
389 436 0
388 436 0
387 436 0
386 436 0
385 436 0
384 436 0
383 436 0
382 436 0
381 436 0
380 437 0
379 437 0
378 437 0
377 437 0
376 437 0
375 437 0
374 437 0
373 437 0
372 437 0
371 437 0
370 437 0
369 437 0
368 437 0
367 437 0
366 437 0
365 437 0
364 437 0
363 437 0
362 437 0
361 437 0
360 437 0
359 437 0
358 437 0
357 437 0
356 437 0
355 437 0
354 437 0
353 437 0
352 437 0
351 437 0
350 437 0
349 437 0
348 437 0
347 437 0
346 438 0
345 438 0
344 438 0
343 438 0
342 438 0
341 438 0
340 438 0
339 438 0
