511 161 0
512 162 0
513 162 0
514 162 0
515 161 0
516 161 0
517 160 0
518 159 0
519 158 0
520 157 0
520 156 0
521 155 0
521 154 0
522 153 0
522 152 0
522 151 0
523 150 0
523 149 0
523 148 0
523 147 0
523 146 0
523 145 0
523 144 0
523 143 0
524 142 0
524 141 0
524 140 0
525 139 0
526 138 0
526 137 0
527 136 0
527 135 0
528 134 0
528 133 0
528 132 0
529 131 0
530 130 0
530 129 0
531 128 0
532 127 0
531 126 0
530 125 0
529 126 0
529 127 0
528 128 0
528 129 0
527 130 0
526 131 0
525 132 0
525 133 0
524 134 0
524 135 0
523 136 0
523 137 0
522 138 0
522 139 0
521 140 0
521 141 0
520 142 0
520 143 0
520 144 0
520 145 0
520 146 0
520 147 0
520 148 0
520 149 0
519 150 0
519 151 0
519 152 0
519 153 0
518 154 0
518 155 0
517 156 0
517 157 0
516 158 0
515 158 0
514 159 0
513 159 0
512 160 0
403 431 0
404 432 0
405 431 0
406 431 0
407 430 0
408 429 0
409 429 0
410 428 0
411 427 0
412 427 0
413 426 0
414 426 0
415 425 0
416 425 0
417 424 0
418 423 0
419 423 0
420 422 0
421 421 0
422 420 0
423 420 0
424 419 0
425 418 0
426 417 0
427 416 0
428 415 0
429 414 0
430 413 0
431 412 0
432 412 0
433 411 0
433 410 0
434 409 0
435 408 0
436 407 0
437 406 0
438 405 0
439 404 0
439 403 0
440 402 0
441 401 0
441 400 0
442 399 0
443 398 0
443 397 0
444 396 0
445 395 0
446 394 0
446 393 0
447 392 0
447 391 0
447 390 0
448 389 0
448 388 0
449 387 0
450 386 0
450 385 0
451 384 0
451 383 0
452 382 0
452 381 0
452 380 0
453 379 0
453 378 0
454 377 0
454 376 0
454 375 0
455 374 0
455 373 0
455 372 0
456 371 0
456 370 0
456 369 0
456 368 0
456 367 0
457 366 0
457 365 0
458 364 0
458 363 0
458 362 0
459 361 0
459 360 0
459 359 0
460 358 0
460 357 0
460 356 0
460 355 0
460 354 0
460 353 0
460 352 0
461 351 0
461 350 0
461 349 0
461 348 0
461 347 0
461 346 0
461 345 0
461 344 0
462 343 0
462 342 0
462 341 0
462 340 0
462 339 0
463 338 0
463 337 0
463 336 0
463 335 0
463 334 0
463 333 0
464 332 0
464 331 0
464 330 0
464 329 0
464 328 0
464 327 0
464 326 0
465 325 0
465 324 0
465 323 0
465 322 0
465 321 0
465 320 0
465 319 0
465 318 0
465 317 0
465 316 0
465 315 0
465 314 0
465 313 0
465 312 0
466 311 0
466 310 0
466 309 0
466 308 0
466 307 0
466 306 0
466 305 0
467 304 0
467 303 0
467 302 0
467 301 0
467 300 0
468 299 0
468 298 0
468 297 0
468 296 0
468 295 0
468 294 0
468 293 0
469 292 0
469 291 0
469 290 0
469 289 0
469 288 0
470 287 0
470 286 0
470 285 0
471 284 0
471 283 0
471 282 0
471 281 0
471 280 0
471 279 0
471 278 0
471 277 0
471 276 0
472 275 0
472 274 0
472 273 0
473 272 0
473 271 0
473 270 0
473 269 0
473 268 0
474 267 0
475 266 0
475 265 0
475 264 0
475 263 0
476 262 0
476 261 0
476 260 0
476 259 0
476 258 0
477 257 0
477 256 0
477 255 0
477 254 0
477 253 0
477 252 0
476 251 0
476 250 0
477 249 0
477 248 0
477 247 0
477 246 0
477 245 0
476 244 0
477 243 0
477 242 0
477 241 0
477 240 0
478 239 0
478 238 0
478 237 0
478 236 0
478 235 0
479 234 0
479 233 0
479 232 0
479 231 0
479 230 0
480 229 0
480 228 0
480 227 0
480 226 0
481 225 0
481 224 0
481 223 0
482 222 0
482 221 0
483 220 0
483 219 0
483 218 0
484 217 0
484 216 0
484 215 0
485 214 0
485 213 0
486 212 0
486 211 0
487 210 0
487 209 0
488 208 0
488 207 0
488 206 0
487 205 0
486 206 0
485 207 0
484 208 0
484 209 0
484 210 0
483 211 0
483 212 0
482 213 0
482 214 0
481 215 0
481 216 0
481 217 0
480 218 0
480 219 0
480 220 0
479 221 0
479 222 0
478 223 0
478 224 0
477 225 0
477 226 0
477 227 0
476 228 0
476 229 0
476 230 0
476 231 0
475 232 0
475 233 0
475 234 0
475 235 0
475 236 0
475 237 0
474 238 0
475 239 0
475 240 0
474 241 0
474 242 0
474 243 0
474 244 0
474 245 0
473 246 0
473 247 0
473 248 0
473 249 0
473 250 0
473 251 0
473 252 0
472 253 0
472 254 0
472 255 0
472 256 0
472 257 0
472 258 0
471 259 0
471 260 0
471 261 0
471 262 0
471 263 0
470 264 0
470 265 0
470 266 0
470 267 0
470 268 0
470 269 0
469 270 0
469 271 0
469 272 0
469 273 0
469 274 0
468 275 0
468 276 0
468 277 0
468 278 0
468 279 0
468 280 0
468 281 0
468 282 0
467 283 0
467 284 0
467 285 0
467 286 0
466 287 0
466 288 0
466 289 0
466 290 0
466 291 0
465 292 0
465 293 0
465 294 0
465 295 0
465 296 0
465 297 0
465 298 0
464 299 0
464 300 0
464 301 0
464 302 0
464 303 0
463 304 0
463 305 0
463 306 0
463 307 0
463 308 0
463 309 0
463 310 0
463 311 0
462 312 0
462 313 0
462 314 0
462 315 0
462 316 0
462 317 0
462 318 0
462 319 0
462 320 0
462 321 0
462 322 0
461 323 0
461 324 0
461 325 0
461 326 0
461 327 0
461 328 0
461 329 0
461 330 0
461 331 0
460 332 0
460 333 0
460 334 0
460 335 0
460 336 0
460 337 0
459 338 0
459 339 0
459 340 0
459 341 0
459 342 0
459 343 0
458 344 0
458 345 0
458 346 0
458 347 0
458 348 0
458 349 0
457 350 0
457 351 0
457 352 0
457 353 0
457 354 0
457 355 0
457 356 0
456 357 0
456 358 0
456 359 0
456 360 0
455 361 0
455 362 0
455 363 0
454 364 0
454 365 0
454 366 0
453 367 0
453 368 0
453 369 0
453 370 0
452 371 0
452 372 0
452 373 0
451 374 0
451 375 0
451 376 0
450 377 0
450 378 0
449 379 0
449 380 0
448 381 0
448 382 0
448 383 0
447 384 0
447 385 0
446 386 0
446 387 0
445 388 0
444 389 0
443 390 0
442 391 0
441 392 0
441 393 0
440 394 0
440 395 0
440 396 0
440 397 0
439 398 0
439 399 0
438 400 0
437 401 0
436 402 0
436 403 0
435 404 0
434 405 0
434 406 0
433 407 0
432 408 0
431 409 0
430 410 0
429 411 0
428 412 0
427 413 0
426 414 0
425 415 0
424 416 0
423 417 0
422 417 0
421 418 0
420 419 0
419 420 0
418 420 0
417 421 0
416 422 0
415 422 0
414 423 0
413 423 0
412 424 0
411 425 0
410 425 0
409 426 0
408 426 0
407 427 0
406 428 0
405 429 0
404 429 0
403 430 0
403 432 0
403 431 0
403 430 0
403 429 0
404 429 0
405 429 0
406 428 0
407 427 0
408 426 0
409 426 0
410 425 0
411 424 0
412 424 0
413 423 0
414 423 0
415 422 0
416 421 0
417 420 0
418 420 0
419 419 0
420 418 0
421 417 0
422 417 0
423 416 0
424 415 0
425 414 0
426 413 0
427 412 0
428 411 0
429 410 0
430 409 0
431 408 0
432 407 0
433 406 0
434 405 0
434 404 0
435 403 0
436 402 0
436 401 0
437 400 0
438 399 0
439 398 0
439 397 0
440 396 0
440 395 0
440 394 0
440 393 0
441 392 0
441 391 0
442 390 0
443 389 0
444 388 0
445 387 0
446 386 0
446 385 0
447 384 0
447 383 0
448 382 0
448 381 0
449 380 0
449 379 0
450 378 0
450 377 0
451 376 0
451 375 0
451 374 0
452 373 0
452 372 0
452 371 0
453 370 0
453 369 0
453 368 0
453 367 0
454 366 0
454 365 0
454 364 0
454 363 0
455 362 0
455 361 0
456 360 0
456 359 0
456 358 0
456 357 0
457 356 0
457 355 0
457 354 0
457 353 0
457 352 0
457 351 0
457 350 0
458 349 0
458 348 0
458 347 0
458 346 0
458 345 0
458 344 0
458 343 0
459 342 0
459 341 0
459 340 0
459 339 0
459 338 0
460 337 0
460 336 0
460 335 0
460 334 0
460 333 0
460 332 0
461 331 0
461 330 0
461 329 0
461 328 0
461 327 0
461 326 0
461 325 0
461 324 0
461 323 0
462 322 0
462 321 0
462 320 0
462 319 0
462 318 0
462 317 0
462 316 0
462 315 0
462 314 0
462 313 0
462 312 0
463 311 0
463 310 0
463 309 0
463 308 0
463 307 0
463 306 0
463 305 0
463 304 0
464 303 0
464 302 0
464 301 0
464 300 0
464 299 0
465 298 0
465 297 0
465 296 0
465 295 0
465 294 0
465 293 0
465 292 0
466 291 0
466 290 0
466 289 0
466 288 0
466 287 0
467 286 0
467 285 0
467 284 0
467 283 0
468 282 0
468 281 0
468 280 0
468 279 0
468 278 0
468 277 0
468 276 0
468 275 0
469 274 0
469 273 0
469 272 0
469 271 0
469 270 0
470 269 0
470 268 0
470 267 0
470 266 0
470 265 0
470 264 0
470 263 0
471 262 0
471 261 0
471 260 0
471 259 0
472 258 0
472 257 0
472 256 0
472 255 0
472 254 0
472 253 0
473 252 0
473 251 0
473 250 0
473 249 0
473 248 0
473 247 0
473 246 0
474 245 0
474 244 0
474 243 0
474 242 0
474 241 0
474 240 0
475 239 0
474 238 0
475 237 0
475 236 0
475 235 0
475 234 0
475 233 0
475 232 0
476 231 0
476 230 0
476 229 0
476 228 0
477 227 0
477 226 0
477 225 0
478 224 0
478 223 0
478 222 0
479 221 0
479 220 0
480 219 0
480 218 0
481 217 0
481 216 0
481 215 0
482 214 0
482 213 0
483 212 0
483 211 0
483 210 0
484 209 0
484 208 0
485 207 0
485 206 0
486 206 0
487 205 0
488 205 0
489 205 0
488 206 0
489 207 0
490 207 0
491 207 0
492 206 0
493 206 0
494 205 0
495 204 0
495 203 0
496 202 0
496 201 0
497 200 0
497 199 0
497 198 0
497 197 0
497 196 0
497 195 0
497 194 0
497 193 0
497 192 0
497 191 0
497 190 0
497 189 0
498 188 0
498 187 0
498 186 0
499 185 0
499 184 0
499 183 0
500 182 0
500 181 0
501 180 0
501 179 0
502 178 0
502 177 0
503 176 0
504 175 0
505 174 0
505 173 0
506 172 0
506 171 0
506 170 0
507 169 0
508 168 0
508 167 0
509 166 0
510 165 0
510 164 0
511 163 0
512 162 0
511 161 0
510 160 0
509 161 0
509 162 0
508 163 0
507 164 0
507 165 0
506 166 0
505 167 0
505 168 0
504 169 0
504 170 0
503 171 0
503 172 0
502 173 0
502 174 0
501 175 0
500 176 0
499 177 0
499 178 0
498 179 0
498 180 0
497 181 0
496 182 0
496 183 0
496 184 0
496 185 0
495 186 0
495 187 0
494 188 0
494 189 0
494 190 0
494 191 0
494 192 0
494 193 0
494 194 0
494 195 0
494 196 0
494 197 0
494 198 0
494 199 0
494 200 0
493 201 0
493 202 0
492 203 0
492 204 0
491 204 0
492 203 0
493 202 0
493 201 0
494 200 0
494 199 0
494 198 0
494 197 0
494 196 0
494 195 0
494 194 0
494 193 0
494 192 0
494 191 0
494 190 0
494 189 0
494 188 0
494 187 0
495 186 0
495 185 0
496 184 0
496 183 0
496 182 0
496 181 0
497 180 0
498 179 0
498 178 0
499 177 0
499 176 0
500 175 0
501 174 0
502 173 0
503 172 0
503 171 0
504 170 0
504 169 0
504 168 0
505 167 0
506 166 0
506 165 0
507 164 0
507 163 0
508 162 0
509 161 0
509 160 0
510 160 0
511 160 0
512 160 0
513 159 0
514 158 0
515 158 0
516 157 0
517 156 0
517 155 0
518 154 0
518 153 0
519 152 0
519 151 0
519 150 0
520 149 0
520 148 0
520 147 0
520 146 0
520 145 0
520 144 0
520 143 0
520 142 0
521 141 0
521 140 0
522 139 0
522 138 0
522 137 0
523 136 0
523 135 0
524 134 0
524 133 0
525 132 0
526 131 0
526 130 0
527 129 0
528 128 0
528 127 0
529 126 0
529 125 0
530 124 0
530 123 0
531 122 0
532 121 0
533 120 0
533 119 0
534 118 0
534 117 0
535 116 0
535 115 0
536 114 0
536 113 0
537 112 0
537 111 0
538 110 0
538 109 0
539 108 0
539 107 0
540 106 0
540 105 0
541 105 0
540 106 0
540 107 0
539 108 0
539 109 0
538 110 0
538 111 0
537 112 0
537 113 0
536 114 0
536 115 0
535 116 0
535 117 0
534 118 0
533 119 0
533 120 0
532 121 0
531 122 0
531 123 0
530 124 0
530 125 0
531 126 0
532 125 0
532 126 0
532 127 0
531 128 0
531 129 0
530 130 0
530 131 0
529 132 0
528 133 0
528 134 0
528 135 0
527 136 0
527 137 0
526 138 0
526 139 0
525 140 0
524 141 0
524 142 0
523 143 0
523 144 0
523 145 0
523 146 0
523 147 0
523 148 0
523 149 0
523 150 0
522 151 0
522 152 0
522 153 0
521 154 0
521 155 0
521 156 0
520 157 0
520 158 0
519 159 0
518 160 0
517 160 0
516 161 0
515 161 0
514 162 0
513 162 0
512 163 0
511 164 0
510 165 0
510 166 0
509 167 0
508 168 0
508 169 0
507 170 0
506 171 0
506 172 0
506 173 0
505 174 0
504 175 0
504 176 0
503 177 0
502 178 0
502 179 0
501 180 0
501 181 0
500 182 0
500 183 0
499 184 0
499 185 0
498 186 0
498 187 0
498 188 0
497 189 0
497 190 0
497 191 0
497 192 0
497 193 0
497 194 0
497 195 0
497 196 0
497 197 0
497 198 0
497 199 0
497 200 0
496 201 0
496 202 0
496 203 0
495 204 0
495 205 0
494 206 0
493 206 0
492 206 0
491 207 0
490 207 0
489 207 0
488 208 0
488 209 0
487 210 0
486 211 0
486 212 0
486 213 0
485 214 0
485 215 0
484 216 0
484 217 0
484 218 0
483 219 0
483 220 0
482 221 0
482 222 0
481 223 0
481 224 0
481 225 0
480 226 0
480 227 0
480 228 0
480 229 0
479 230 0
479 231 0
479 232 0
479 233 0
479 234 0
478 235 0
478 236 0
478 237 0
478 238 0
478 239 0
477 240 0
477 241 0
477 242 0
477 243 0
477 244 0
477 245 0
477 246 0
477 247 0
477 248 0
477 249 0
476 250 0
476 251 0
477 252 0
477 253 0
477 254 0
477 255 0
477 256 0
477 257 0
476 258 0
476 259 0
476 260 0
476 261 0
476 262 0
475 263 0
475 264 0
475 265 0
475 266 0
474 267 0
473 268 0
473 269 0
473 270 0
473 271 0
473 272 0
472 273 0
472 274 0
472 275 0
471 276 0
471 277 0
471 278 0
471 279 0
471 280 0
471 281 0
471 282 0
471 283 0
471 284 0
470 285 0
470 286 0
470 287 0
469 288 0
469 289 0
469 290 0
469 291 0
469 292 0
468 293 0
468 294 0
468 295 0
468 296 0
468 297 0
468 298 0
468 299 0
467 300 0
467 301 0
467 302 0
467 303 0
467 304 0
466 305 0
466 306 0
466 307 0
466 308 0
466 309 0
466 310 0
466 311 0
465 312 0
465 313 0
465 314 0
465 315 0
465 316 0
465 317 0
465 318 0
465 319 0
465 320 0
465 321 0
465 322 0
465 323 0
465 324 0
465 325 0
464 326 0
464 327 0
464 328 0
464 329 0
464 330 0
464 331 0
464 332 0
463 333 0
463 334 0
463 335 0
463 336 0
463 337 0
463 338 0
462 339 0
462 340 0
462 341 0
462 342 0
462 343 0
461 344 0
461 345 0
461 346 0
461 347 0
461 348 0
461 349 0
461 350 0
461 351 0
460 352 0
460 353 0
460 354 0
460 355 0
460 356 0
460 357 0
460 358 0
459 359 0
459 360 0
459 361 0
458 362 0
458 363 0
458 364 0
457 365 0
457 366 0
457 367 0
456 368 0
456 369 0
456 370 0
456 371 0
455 372 0
455 373 0
455 374 0
455 375 0
454 376 0
454 377 0
453 378 0
453 379 0
453 380 0
452 381 0
452 382 0
452 383 0
451 384 0
451 385 0
450 386 0
449 387 0
449 388 0
448 389 0
448 390 0
447 391 0
447 392 0
447 393 0
446 394 0
446 395 0
445 396 0
444 397 0
443 398 0
443 399 0
442 400 0
441 401 0
441 402 0
440 403 0
439 404 0
439 405 0
438 406 0
437 407 0
436 408 0
435 409 0
434 410 0
433 411 0
433 412 0
432 412 0
431 413 0
430 414 0
429 415 0
428 416 0
427 417 0
426 418 0
425 419 0
424 420 0
423 420 0
422 421 0
421 422 0
420 423 0
419 423 0
418 424 0
417 425 0
416 425 0
415 426 0
414 426 0
413 427 0
412 427 0
411 428 0
410 429 0
409 429 0
408 430 0
407 431 0
406 431 0
405 432 0
404 432 0
