536 128 0
536 127 0
536 126 0
537 125 0
537 124 0
538 123 0
538 122 0
538 121 0
539 120 0
539 119 0
540 118 0
540 117 0
540 116 0
541 115 0
541 114 0
542 113 0
543 112 0
543 111 0
543 110 0
544 109 0
544 108 0
545 107 0
546 106 0
546 105 0
547 104 0
547 103 0
548 102 0
548 101 0
549 100 0
549 99 0
550 98 0
550 97 0
550 96 0
551 95 0
551 94 0
552 93 0
552 92 0
552 91 0
553 90 0
554 89 0
554 90 0
553 91 0
552 92 0
552 93 0
551 94 0
551 95 0
551 96 0
550 97 0
550 98 0
549 99 0
549 100 0
548 101 0
548 102 0
548 103 0
547 104 0
547 105 0
546 106 0
546 107 0
545 108 0
544 109 0
544 110 0
543 111 0
543 112 0
543 113 0
542 114 0
541 115 0
540 116 0
540 117 0
540 118 0
540 119 0
539 120 0
539 121 0
538 122 0
538 123 0
538 124 0
537 125 0
537 126 0
536 127 0
451 345 0
451 344 0
451 343 0
451 344 0
449 349 0
448 352 0
448 351 0
446 357 0
446 356 0
447 355 0
446 356 0
438 373 0
439 372 0
439 371 0
440 370 0
440 369 0
441 368 0
441 367 0
442 366 0
442 365 0
443 364 0
443 363 0
444 362 0
444 361 0
444 360 0
444 361 0
444 362 0
443 363 0
443 364 0
443 365 0
442 366 0
441 367 0
441 368 0
441 369 0
440 370 0
440 371 0
439 372 0
439 373 0
399 426 0
400 425 0
401 425 0
402 424 0
403 423 0
404 422 0
405 421 0
406 420 0
406 419 0
407 418 0
408 417 0
408 416 0
409 415 0
410 414 0
410 413 0
411 412 0
412 411 0
412 410 0
412 409 0
413 408 0
413 407 0
414 406 0
414 405 0
415 404 0
415 403 0
416 402 0
417 401 0
417 400 0
418 399 0
418 398 0
419 397 0
420 396 0
420 395 0
420 394 0
421 393 0
422 392 0
422 391 0
422 390 0
423 389 0
424 388 0
424 387 0
425 386 0
425 385 0
426 384 0
426 383 0
427 382 0
427 381 0
427 380 0
428 379 0
429 378 0
429 377 0
430 376 0
430 375 0
430 374 0
431 373 0
432 372 0
432 371 0
432 370 0
433 369 0
433 368 0
434 367 0
434 366 0
434 365 0
435 364 0
435 363 0
435 362 0
436 361 0
436 360 0
437 359 0
438 358 0
438 357 0
439 356 0
439 355 0
440 354 0
440 353 0
441 352 0
441 351 0
442 350 0
442 349 0
443 348 0
443 347 0
443 346 0
444 345 0
444 344 0
445 343 0
445 342 0
446 341 0
446 340 0
446 339 0
447 338 0
447 337 0
447 336 0
447 335 0
448 334 0
448 333 0
449 332 0
449 331 0
450 330 0
450 329 0
451 328 0
451 327 0
452 326 0
452 325 0
452 324 0
453 323 0
453 322 0
453 321 0
453 320 0
454 319 0
454 318 0
454 317 0
454 316 0
455 315 0
455 314 0
455 313 0
455 312 0
456 311 0
456 310 0
456 309 0
457 308 0
457 307 0
457 306 0
457 305 0
458 304 0
458 303 0
458 302 0
458 301 0
459 300 0
459 299 0
459 298 0
459 297 0
460 296 0
460 295 0
461 294 0
461 293 0
462 292 0
462 291 0
462 290 0
462 289 0
463 288 0
463 287 0
463 286 0
463 285 0
463 284 0
464 283 0
464 282 0
464 281 0
464 280 0
465 279 0
465 278 0
465 277 0
466 276 0
466 275 0
466 274 0
467 273 0
467 272 0
467 271 0
467 270 0
467 269 0
468 268 0
468 267 0
468 266 0
468 265 0
469 264 0
469 263 0
469 262 0
469 261 0
469 260 0
469 259 0
469 258 0
470 257 0
470 256 0
470 255 0
471 254 0
471 253 0
471 252 0
472 251 0
472 250 0
472 249 0
472 248 0
472 247 0
473 246 0
473 245 0
473 244 0
473 243 0
473 242 0
473 241 0
473 240 0
473 239 0
474 238 0
474 237 0
475 236 0
475 235 0
475 234 0
476 233 0
476 232 0
477 231 0
477 230 0
477 229 0
478 228 0
478 227 0
478 226 0
478 225 0
478 224 0
479 223 0
480 222 0
480 221 0
481 220 0
481 219 0
482 218 0
482 217 0
483 216 0
483 215 0
484 214 0
484 213 0
485 212 0
486 212 0
487 212 0
488 211 0
489 211 0
490 210 0
491 209 0
492 208 0
493 207 0
493 206 0
494 205 0
494 204 0
495 203 0
495 202 0
496 201 0
496 200 0
496 199 0
497 198 0
497 197 0
497 196 0
497 195 0
497 194 0
497 193 0
497 192 0
497 191 0
498 190 0
498 189 0
498 188 0
499 187 0
500 186 0
500 185 0
501 184 0
502 183 0
502 182 0
503 181 0
504 180 0
504 179 0
505 178 0
505 177 0
506 176 0
506 175 0
507 174 0
508 173 0
509 173 0
510 172 0
511 171 0
512 170 0
513 169 0
514 168 0
514 167 0
515 166 0
515 165 0
516 164 0
516 163 0
516 162 0
517 161 0
517 160 0
517 159 0
517 158 0
518 157 0
518 156 0
518 155 0
519 154 0
519 153 0
520 152 0
520 151 0
521 150 0
521 149 0
522 148 0
522 147 0
522 146 0
523 145 0
523 144 0
524 143 0
525 142 0
525 141 0
526 140 0
526 139 0
526 138 0
527 137 0
527 136 0
528 135 0
528 134 0
529 133 0
529 132 0
530 131 0
530 130 0
531 129 0
532 128 0
532 127 0
533 126 0
533 125 0
533 124 0
534 123 0
534 122 0
535 121 0
535 120 0
536 119 0
537 118 0
537 117 0
537 116 0
538 115 0
538 114 0
538 113 0
539 112 0
540 111 0
540 110 0
540 109 0
541 108 0
542 107 0
542 106 0
543 105 0
543 104 0
544 103 0
544 102 0
545 101 0
545 100 0
546 99 0
546 98 0
547 97 0
547 96 0
547 95 0
548 94 0
548 93 0
549 92 0
549 91 0
550 90 0
551 89 0
551 88 0
551 89 0
550 90 0
550 91 0
549 92 0
549 93 0
548 94 0
547 95 0
547 96 0
547 97 0
547 98 0
546 99 0
545 100 0
545 101 0
545 102 0
544 103 0
544 104 0
543 105 0
543 106 0
542 107 0
542 108 0
541 109 0
540 110 0
540 111 0
540 112 0
539 113 0
538 114 0
538 115 0
538 116 0
537 117 0
537 118 0
536 119 0
536 120 0
535 121 0
535 122 0
534 123 0
534 124 0
533 125 0
533 126 0
532 127 0
532 128 0
532 129 0
531 130 0
530 131 0
530 132 0
529 133 0
529 134 0
528 135 0
528 136 0
527 137 0
527 138 0
526 139 0
526 140 0
525 141 0
525 142 0
524 143 0
524 144 0
523 145 0
523 146 0
522 147 0
522 148 0
522 149 0
521 150 0
521 151 0
520 152 0
519 153 0
519 154 0
519 155 0
518 156 0
518 157 0
517 158 0
517 159 0
517 160 0
517 161 0
516 162 0
516 163 0
516 164 0
515 165 0
515 166 0
515 167 0
514 168 0
514 169 0
513 170 0
512 171 0
511 172 0
510 172 0
509 173 0
508 174 0
507 175 0
506 176 0
506 177 0
505 178 0
505 179 0
504 180 0
503 181 0
503 182 0
502 183 0
502 184 0
501 185 0
500 186 0
500 187 0
499 188 0
498 189 0
498 190 0
497 191 0
497 192 0
497 193 0
497 194 0
497 195 0
497 196 0
497 197 0
497 198 0
496 199 0
496 200 0
496 201 0
496 202 0
495 203 0
495 204 0
494 205 0
494 206 0
493 207 0
493 208 0
492 209 0
491 210 0
490 210 0
489 211 0
488 211 0
487 212 0
487 213 0
488 214 0
489 214 0
490 213 0
491 213 0
492 212 0
493 212 0
494 211 0
495 210 0
496 209 0
497 208 0
497 207 0
498 206 0
498 205 0
498 204 0
498 203 0
499 202 0
499 201 0
499 200 0
500 199 0
500 198 0
500 197 0
500 196 0
500 195 0
500 194 0
500 193 0
500 192 0
500 191 0
501 190 0
501 189 0
502 188 0
503 187 0
503 186 0
504 185 0
505 184 0
505 183 0
506 182 0
506 181 0
507 180 0
508 179 0
508 178 0
509 177 0
509 176 0
510 175 0
511 174 0
512 174 0
513 173 0
514 172 0
515 171 0
516 170 0
517 169 0
517 168 0
518 167 0
518 166 0
519 165 0
519 164 0
519 163 0
520 162 0
520 161 0
520 160 0
520 159 0
520 158 0
521 157 0
521 156 0
522 155 0
522 154 0
522 153 0
523 152 0
523 151 0
524 150 0
525 149 0
525 148 0
526 147 0
526 146 0
527 145 0
527 144 0
528 143 0
528 142 0
528 141 0
529 140 0
529 139 0
530 138 0
530 137 0
531 136 0
532 136 0
531 137 0
530 138 0
529 139 0
529 140 0
529 141 0
528 142 0
528 143 0
528 144 0
527 145 0
527 146 0
526 147 0
525 148 0
525 149 0
525 150 0
524 151 0
523 152 0
523 153 0
522 154 0
522 155 0
521 156 0
521 157 0
521 158 0
520 159 0
520 160 0
520 161 0
520 162 0
519 163 0
519 164 0
519 165 0
518 166 0
518 167 0
518 168 0
517 169 0
517 170 0
516 171 0
515 172 0
514 173 0
513 173 0
512 174 0
511 175 0
510 176 0
509 177 0
509 178 0
508 179 0
507 180 0
507 181 0
506 182 0
506 183 0
505 184 0
505 185 0
504 186 0
503 187 0
503 188 0
502 189 0
501 190 0
501 191 0
500 192 0
500 193 0
500 194 0
500 195 0
500 196 0
500 197 0
500 198 0
500 199 0
499 200 0
499 201 0
499 202 0
498 203 0
498 204 0
498 205 0
498 206 0
497 207 0
497 208 0
496 209 0
496 210 0
495 211 0
494 212 0
493 212 0
492 212 0
491 213 0
490 213 0
489 214 0
488 214 0
487 215 0
487 216 0
486 217 0
486 218 0
485 219 0
485 220 0
484 221 0
484 222 0
483 223 0
483 224 0
482 225 0
482 226 0
482 227 0
481 228 0
481 229 0
481 230 0
480 231 0
480 232 0
480 233 0
480 234 0
479 235 0
478 236 0
478 237 0
477 238 0
477 239 0
477 240 0
476 241 0
476 242 0
476 243 0
476 244 0
476 245 0
476 246 0
476 247 0
476 248 0
477 249 0
477 250 0
477 251 0
476 252 0
476 253 0
476 254 0
476 255 0
475 256 0
475 257 0
475 258 0
475 257 0
475 256 0
476 255 0
476 254 0
476 253 0
476 252 0
477 251 0
477 250 0
477 249 0
476 248 0
476 247 0
476 246 0
476 245 0
476 244 0
476 243 0
476 242 0
476 241 0
477 240 0
477 239 0
477 238 0
478 237 0
478 236 0
479 235 0
479 234 0
480 233 0
480 232 0
480 231 0
481 230 0
481 229 0
481 228 0
482 227 0
482 226 0
482 225 0
483 224 0
483 223 0
484 222 0
484 221 0
484 220 0
485 219 0
485 218 0
486 217 0
486 216 0
487 215 0
487 214 0
487 213 0
486 212 0
485 213 0
484 214 0
483 215 0
483 216 0
483 217 0
482 218 0
481 219 0
481 220 0
481 221 0
480 222 0
480 223 0
479 224 0
478 225 0
478 226 0
478 227 0
478 228 0
477 229 0
477 230 0
477 231 0
476 232 0
476 233 0
476 234 0
475 235 0
475 236 0
475 237 0
474 238 0
474 239 0
473 240 0
473 241 0
473 242 0
473 243 0
473 244 0
473 245 0
473 246 0
472 247 0
472 248 0
472 249 0
472 250 0
472 251 0
471 252 0
471 253 0
471 254 0
471 255 0
470 256 0
470 257 0
470 258 0
469 259 0
470 260 0
471 260 0
472 259 0
472 258 0
472 257 0
472 258 0
472 259 0
472 260 0
471 260 0
470 261 0
469 262 0
469 263 0
469 264 0
469 265 0
468 266 0
468 267 0
468 268 0
468 269 0
467 270 0
467 271 0
467 272 0
467 273 0
466 274 0
466 275 0
466 276 0
465 277 0
465 278 0
465 279 0
465 280 0
464 281 0
464 282 0
464 283 0
463 284 0
463 285 0
463 286 0
463 287 0
463 288 0
462 289 0
462 290 0
462 291 0
462 292 0
461 293 0
461 294 0
461 295 0
460 296 0
460 297 0
461 298 0
462 298 0
463 297 0
464 296 0
464 295 0
464 294 0
464 293 0
465 292 0
465 291 0
465 290 0
465 289 0
465 288 0
466 287 0
466 286 0
466 285 0
467 284 0
467 283 0
467 282 0
468 281 0
468 280 0
468 279 0
468 278 0
468 277 0
469 276 0
469 275 0
469 274 0
469 273 0
470 272 0
470 271 0
470 270 0
470 269 0
471 268 0
471 267 0
472 266 0
472 265 0
473 264 0
474 263 0
474 262 0
474 261 0
474 262 0
474 263 0
473 264 0
472 265 0
472 266 0
471 267 0
471 268 0
470 269 0
470 270 0
470 271 0
470 272 0
470 273 0
469 274 0
469 275 0
469 276 0
468 277 0
468 278 0
468 279 0
468 280 0
468 281 0
467 282 0
467 283 0
467 284 0
466 285 0
466 286 0
466 287 0
466 288 0
465 289 0
465 290 0
465 291 0
465 292 0
464 293 0
464 294 0
464 295 0
464 296 0
463 297 0
462 298 0
462 299 0
462 300 0
461 301 0
461 302 0
461 303 0
461 304 0
460 305 0
460 306 0
460 307 0
460 308 0
460 309 0
459 310 0
459 311 0
459 312 0
458 313 0
458 314 0
458 315 0
458 316 0
457 317 0
457 318 0
457 319 0
456 320 0
456 321 0
456 322 0
456 323 0
456 324 0
455 325 0
455 326 0
454 327 0
454 328 0
454 329 0
453 330 0
453 331 0
453 332 0
452 333 0
451 334 0
451 335 0
451 336 0
450 337 0
450 338 0
449 339 0
449 340 0
449 341 0
448 342 0
448 343 0
448 344 0
447 345 0
447 346 0
447 347 0
446 348 0
446 349 0
445 350 0
445 351 0
445 352 0
444 353 0
444 354 0
443 355 0
442 356 0
442 357 0
442 358 0
441 359 0
441 360 0
440 361 0
439 362 0
439 363 0
438 364 0
438 365 0
437 366 0
437 367 0
437 368 0
436 369 0
436 370 0
436 371 0
435 372 0
435 373 0
435 374 0
434 375 0
434 376 0
434 377 0
433 378 0
432 379 0
432 380 0
431 381 0
430 382 0
430 383 0
429 384 0
429 385 0
429 384 0
430 383 0
430 382 0
431 381 0
431 380 0
432 379 0
432 378 0
433 377 0
434 376 0
434 375 0
434 374 0
435 373 0
435 372 0
435 371 0
436 370 0
436 369 0
436 368 0
437 367 0
437 366 0
437 365 0
438 364 0
439 363 0
439 362 0
439 361 0
440 360 0
441 359 0
441 358 0
442 357 0
442 356 0
443 355 0
443 354 0
444 353 0
444 352 0
445 351 0
445 350 0
446 349 0
446 348 0
446 347 0
447 346 0
447 345 0
448 344 0
448 343 0
448 342 0
449 341 0
449 340 0
449 339 0
449 338 0
450 337 0
450 336 0
451 335 0
451 334 0
452 333 0
452 332 0
453 331 0
453 330 0
454 329 0
454 328 0
454 327 0
455 326 0
455 325 0
456 324 0
456 323 0
456 322 0
456 321 0
456 320 0
457 319 0
457 318 0
457 317 0
458 316 0
458 315 0
458 314 0
458 313 0
459 312 0
459 311 0
459 310 0
460 309 0
460 308 0
460 307 0
460 306 0
460 305 0
461 304 0
461 303 0
461 302 0
461 301 0
462 300 0
462 299 0
461 298 0
460 297 0
459 298 0
459 299 0
459 300 0
458 301 0
458 302 0
458 303 0
458 304 0
457 305 0
457 306 0
457 307 0
457 308 0
456 309 0
456 310 0
456 311 0
455 312 0
455 313 0
455 314 0
455 315 0
454 316 0
454 317 0
454 318 0
454 319 0
453 320 0
453 321 0
453 322 0
453 323 0
453 324 0
452 325 0
452 326 0
451 327 0
451 328 0
451 329 0
450 330 0
450 331 0
449 332 0
449 333 0
448 334 0
447 335 0
447 336 0
447 337 0
447 338 0
446 339 0
446 340 0
446 341 0
445 342 0
445 343 0
445 344 0
444 345 0
444 346 0
443 347 0
443 348 0
443 349 0
442 350 0
442 351 0
441 352 0
441 353 0
440 354 0
440 355 0
439 356 0
439 357 0
438 358 0
438 359 0
437 360 0
436 361 0
436 362 0
435 363 0
435 364 0
434 365 0
434 366 0
434 367 0
433 368 0
433 369 0
432 370 0
432 371 0
432 372 0
431 373 0
431 374 0
430 375 0
430 376 0
429 377 0
429 378 0
428 379 0
428 380 0
427 381 0
427 382 0
426 383 0
426 384 0
426 385 0
425 386 0
425 387 0
424 388 0
424 389 0
423 390 0
422 391 0
422 392 0
421 393 0
421 394 0
420 395 0
420 396 0
419 397 0
419 398 0
418 399 0
418 400 0
417 401 0
417 402 0
416 403 0
415 404 0
415 405 0
414 406 0
414 407 0
413 408 0
413 409 0
412 410 0
412 411 0
411 412 0
411 413 0
410 414 0
410 415 0
409 416 0
408 417 0
407 418 0
407 419 0
406 420 0
406 421 0
405 422 0
404 423 0
403 424 0
402 424 0
401 425 0
400 426 0
366 436 0
367 436 0
368 436 0
369 436 0
370 436 0
371 436 0
372 436 0
373 436 0
374 436 0
375 436 0
376 436 0
377 436 0
378 436 0
379 435 0
380 435 0
381 435 0
382 435 0
383 435 0
384 435 0
385 435 0
386 435 0
387 434 0
388 434 0
389 433 0
390 433 0
391 433 0
392 432 0
393 432 0
394 432 0
395 431 0
396 430 0
397 430 0
398 430 0
399 429 0
400 429 0
401 428 0
402 427 0
403 427 0
404 426 0
405 425 0
406 424 0
407 423 0
408 422 0
409 421 0
410 420 0
410 419 0
411 418 0
411 417 0
412 416 0
413 415 0
414 414 0
414 413 0
415 412 0
415 411 0
416 410 0
416 409 0
416 408 0
417 407 0
417 406 0
418 405 0
418 404 0
419 403 0
420 402 0
420 401 0
421 400 0
421 399 0
422 398 0
422 397 0
423 396 0
424 395 0
424 394 0
424 393 0
425 392 0
426 391 0
426 390 0
427 389 0
427 388 0
428 387 0
429 387 0
430 387 0
431 386 0
432 385 0
432 384 0
432 383 0
433 382 0
433 383 0
432 384 0
432 385 0
431 386 0
430 387 0
429 387 0
428 388 0
427 389 0
427 390 0
426 391 0
425 392 0
425 393 0
424 394 0
424 395 0
424 396 0
423 397 0
422 398 0
422 399 0
421 400 0
421 401 0
420 402 0
420 403 0
419 404 0
418 405 0
417 406 0
417 407 0
417 408 0
416 409 0
416 410 0
416 411 0
415 412 0
415 413 0
414 414 0
414 415 0
413 416 0
412 417 0
411 418 0
411 419 0
410 420 0
410 421 0
409 422 0
408 423 0
407 424 0
406 425 0
405 426 0
404 427 0
403 427 0
402 428 0
401 429 0
400 429 0
399 429 0
398 430 0
397 430 0
396 431 0
395 431 0
394 432 0
393 432 0
392 432 0
391 433 0
390 433 0
389 434 0
388 434 0
387 435 0
386 435 0
385 435 0
384 435 0
383 435 0
382 435 0
381 435 0
380 435 0
379 435 0
378 436 0
377 436 0
376 436 0
375 436 0
374 436 0
373 436 0
372 436 0
371 436 0
370 436 0
369 436 0
368 436 0
367 436 0
