453 351 0
453 350 0
453 349 0
453 348 0
453 347 0
453 348 0
453 349 0
453 350 0
433 394 0
433 393 0
434 392 0
435 391 0
435 390 0
436 389 0
437 388 0
437 387 0
438 386 0
439 385 0
440 384 0
440 383 0
441 382 0
441 381 0
442 380 0
442 379 0
443 378 0
443 377 0
444 376 0
444 375 0
445 374 0
445 373 0
446 372 0
446 371 0
447 370 0
447 369 0
447 368 0
448 367 0
448 366 0
448 365 0
449 364 0
448 365 0
448 366 0
448 367 0
448 368 0
447 369 0
447 370 0
446 371 0
446 372 0
445 373 0
445 374 0
445 375 0
444 376 0
444 377 0
443 378 0
443 379 0
442 380 0
441 381 0
441 382 0
440 383 0
440 384 0
440 385 0
439 386 0
438 387 0
437 388 0
437 389 0
436 390 0
435 391 0
435 392 0
434 393 0
349 438 0
350 438 0
351 438 0
352 437 0
353 437 0
354 437 0
355 437 0
356 437 0
357 437 0
358 437 0
359 437 0
360 437 0
361 437 0
362 437 0
363 437 0
364 437 0
365 437 0
366 437 0
367 437 0
368 437 0
369 437 0
370 437 0
371 437 0
372 436 0
373 436 0
374 436 0
375 436 0
376 436 0
377 436 0
378 436 0
379 436 0
380 435 0
381 435 0
382 435 0
383 435 0
384 435 0
385 435 0
386 435 0
387 434 0
388 434 0
389 434 0
390 433 0
391 433 0
392 432 0
393 432 0
394 432 0
395 431 0
396 431 0
397 430 0
398 430 0
399 429 0
400 429 0
401 428 0
402 428 0
403 427 0
404 426 0
405 425 0
406 425 0
407 424 0
408 423 0
408 422 0
409 422 0
410 421 0
411 420 0
411 419 0
412 418 0
413 417 0
414 416 0
413 415 0
412 414 0
411 415 0
410 416 0
409 417 0
409 418 0
408 419 0
407 420 0
406 421 0
405 422 0
404 423 0
403 424 0
402 425 0
401 425 0
400 426 0
399 426 0
398 427 0
397 427 0
396 428 0
397 427 0
398 427 0
399 426 0
400 426 0
401 425 0
402 424 0
403 423 0
404 422 0
405 421 0
406 420 0
407 419 0
408 418 0
409 417 0
410 416 0
410 415 0
411 414 0
412 413 0
413 412 0
414 411 0
414 410 0
415 409 0
416 408 0
416 407 0
417 406 0
418 405 0
418 404 0
419 403 0
420 402 0
421 401 0
421 400 0
422 399 0
422 398 0
423 397 0
423 396 0
423 395 0
424 394 0
424 393 0
425 392 0
426 391 0
427 390 0
428 389 0
429 388 0
429 387 0
430 386 0
431 385 0
431 384 0
432 383 0
432 382 0
433 381 0
433 380 0
434 379 0
434 378 0
435 377 0
435 376 0
436 375 0
436 374 0
437 373 0
437 372 0
438 371 0
438 370 0
439 369 0
439 368 0
440 367 0
440 366 0
441 365 0
441 364 0
441 363 0
442 362 0
443 361 0
443 360 0
443 359 0
444 358 0
444 357 0
445 356 0
445 355 0
445 354 0
446 353 0
446 352 0
447 351 0
447 350 0
447 349 0
447 348 0
448 347 0
448 346 0
448 345 0
448 344 0
449 343 0
449 342 0
449 341 0
449 340 0
449 339 0
450 338 0
450 337 0
450 336 0
451 335 0
451 334 0
451 333 0
451 332 0
452 331 0
452 330 0
453 329 0
453 328 0
453 327 0
453 326 0
454 325 0
454 324 0
454 323 0
454 322 0
454 321 0
454 320 0
455 319 0
455 318 0
455 317 0
455 316 0
455 315 0
456 314 0
456 313 0
456 312 0
456 311 0
457 310 0
457 309 0
457 308 0
457 307 0
457 306 0
457 305 0
458 304 0
458 303 0
458 302 0
458 301 0
459 300 0
459 299 0
459 298 0
459 297 0
459 296 0
459 295 0
460 294 0
460 293 0
460 292 0
460 291 0
460 290 0
461 289 0
461 288 0
461 287 0
462 286 0
462 285 0
463 284 0
463 283 0
463 282 0
463 281 0
464 280 0
464 279 0
464 278 0
464 277 0
465 276 0
465 275 0
465 274 0
465 273 0
465 272 0
466 271 0
466 270 0
466 269 0
467 268 0
467 267 0
467 266 0
468 265 0
467 264 0
468 263 0
468 262 0
469 261 0
469 260 0
469 259 0
470 258 0
470 257 0
470 256 0
470 255 0
470 254 0
471 253 0
471 252 0
471 251 0
471 250 0
471 249 0
472 248 0
472 247 0
472 246 0
472 245 0
473 244 0
473 243 0
473 242 0
474 241 0
474 240 0
474 239 0
474 238 0
474 237 0
475 236 0
475 235 0
475 234 0
476 233 0
476 232 0
476 231 0
477 230 0
477 229 0
477 228 0
478 227 0
479 226 0
478 225 0
479 224 0
479 223 0
480 222 0
480 221 0
481 220 0
481 219 0
482 218 0
482 217 0
482 216 0
483 215 0
483 214 0
484 213 0
485 213 0
486 213 0
487 212 0
488 212 0
489 212 0
490 212 0
491 211 0
492 211 0
493 210 0
493 209 0
494 208 0
494 207 0
495 206 0
495 205 0
495 204 0
496 203 0
496 202 0
496 201 0
497 200 0
497 199 0
497 198 0
497 197 0
497 196 0
497 195 0
497 194 0
497 193 0
497 192 0
497 191 0
497 190 0
498 189 0
499 188 0
499 187 0
500 186 0
501 185 0
502 184 0
502 183 0
502 182 0
503 181 0
504 180 0
505 179 0
505 178 0
506 177 0
506 176 0
507 175 0
508 175 0
509 174 0
510 174 0
511 173 0
512 172 0
513 171 0
514 170 0
514 169 0
514 168 0
515 167 0
515 166 0
516 165 0
516 164 0
516 163 0
516 162 0
516 161 0
517 160 0
517 159 0
517 158 0
518 157 0
519 156 0
519 155 0
520 154 0
521 153 0
521 152 0
522 151 0
523 150 0
523 149 0
524 148 0
525 147 0
526 146 0
526 145 0
527 144 0
527 143 0
528 142 0
529 141 0
529 140 0
530 139 0
530 138 0
531 137 0
531 136 0
532 135 0
533 134 0
533 133 0
534 132 0
534 131 0
535 130 0
536 129 0
536 128 0
537 127 0
537 126 0
537 125 0
538 124 0
539 123 0
539 124 0
538 125 0
537 126 0
537 127 0
536 128 0
536 129 0
536 130 0
535 131 0
534 132 0
534 133 0
533 134 0
533 135 0
532 136 0
531 137 0
531 138 0
530 139 0
530 140 0
529 141 0
528 142 0
528 143 0
527 144 0
527 145 0
526 146 0
525 147 0
525 148 0
524 149 0
523 150 0
523 151 0
522 152 0
521 153 0
521 154 0
520 155 0
519 156 0
519 157 0
518 158 0
517 159 0
517 160 0
516 161 0
516 162 0
516 163 0
516 164 0
516 165 0
515 166 0
515 167 0
515 168 0
514 169 0
514 170 0
513 171 0
513 172 0
512 173 0
511 173 0
510 174 0
509 174 0
508 175 0
507 176 0
506 177 0
505 178 0
505 179 0
505 180 0
504 181 0
503 182 0
502 183 0
502 184 0
501 185 0
501 186 0
500 187 0
499 188 0
499 189 0
498 190 0
497 191 0
497 192 0
497 193 0
497 194 0
497 195 0
497 196 0
497 197 0
497 198 0
497 199 0
497 200 0
496 201 0
496 202 0
496 203 0
496 204 0
495 205 0
495 206 0
494 207 0
494 208 0
494 209 0
493 210 0
493 211 0
492 211 0
491 212 0
490 212 0
489 212 0
488 212 0
487 212 0
486 213 0
485 213 0
484 214 0
483 215 0
483 216 0
482 217 0
482 218 0
481 219 0
481 220 0
481 221 0
480 222 0
480 223 0
479 224 0
479 225 0
479 226 0
478 227 0
477 228 0
477 229 0
477 230 0
476 231 0
476 232 0
476 233 0
476 234 0
475 235 0
475 236 0
474 237 0
474 238 0
474 239 0
474 240 0
474 241 0
473 242 0
473 243 0
473 244 0
472 245 0
472 246 0
472 247 0
472 248 0
471 249 0
471 250 0
471 251 0
471 252 0
471 253 0
470 254 0
470 255 0
470 256 0
470 257 0
470 258 0
469 259 0
469 260 0
469 261 0
469 262 0
468 263 0
468 264 0
468 265 0
467 266 0
467 267 0
467 268 0
466 269 0
466 270 0
466 271 0
465 272 0
465 273 0
465 274 0
465 275 0
465 276 0
464 277 0
464 278 0
464 279 0
464 280 0
463 281 0
463 282 0
463 283 0
463 284 0
462 285 0
462 286 0
462 287 0
461 288 0
461 289 0
461 290 0
460 291 0
460 292 0
460 293 0
460 294 0
459 295 0
459 296 0
459 297 0
459 298 0
459 299 0
459 300 0
459 301 0
458 302 0
458 303 0
458 304 0
457 305 0
457 306 0
457 307 0
457 308 0
457 309 0
457 310 0
456 311 0
456 312 0
456 313 0
456 314 0
455 315 0
455 316 0
455 317 0
455 318 0
455 319 0
454 320 0
454 321 0
454 322 0
454 323 0
454 324 0
454 325 0
453 326 0
453 327 0
453 328 0
453 329 0
452 330 0
452 331 0
452 332 0
451 333 0
451 334 0
451 335 0
450 336 0
450 337 0
450 338 0
449 339 0
449 340 0
449 341 0
449 342 0
449 343 0
448 344 0
448 345 0
448 346 0
448 347 0
448 348 0
449 349 0
450 348 0
451 347 0
451 346 0
451 345 0
452 344 0
452 343 0
452 342 0
452 341 0
452 340 0
453 339 0
453 338 0
453 337 0
453 336 0
454 335 0
454 334 0
454 333 0
454 332 0
455 331 0
455 330 0
456 329 0
456 328 0
456 327 0
456 326 0
457 325 0
457 324 0
457 323 0
457 322 0
458 321 0
458 320 0
458 319 0
458 318 0
458 317 0
458 316 0
458 315 0
459 314 0
459 313 0
459 312 0
459 311 0
459 310 0
460 309 0
460 308 0
460 307 0
460 306 0
460 305 0
461 304 0
461 303 0
461 302 0
461 301 0
462 300 0
462 299 0
462 298 0
462 297 0
462 296 0
463 295 0
463 294 0
463 293 0
463 292 0
463 291 0
464 290 0
464 289 0
464 288 0
465 287 0
465 286 0
466 285 0
466 284 0
466 283 0
466 282 0
467 281 0
467 280 0
467 279 0
467 278 0
468 277 0
468 276 0
468 275 0
468 274 0
468 273 0
469 272 0
469 271 0
470 270 0
470 269 0
470 268 0
471 267 0
472 266 0
472 265 0
472 264 0
473 263 0
473 262 0
474 261 0
474 260 0
474 259 0
475 258 0
475 257 0
475 256 0
475 255 0
475 254 0
474 253 0
474 252 0
474 251 0
474 250 0
475 249 0
476 248 0
476 247 0
476 246 0
476 245 0
476 244 0
476 243 0
476 242 0
476 241 0
477 240 0
477 239 0
477 238 0
478 237 0
478 236 0
478 235 0
479 234 0
479 233 0
480 232 0
480 231 0
480 230 0
481 229 0
481 228 0
481 227 0
482 226 0
482 225 0
482 224 0
483 223 0
484 222 0
484 221 0
484 220 0
485 219 0
485 218 0
485 217 0
486 216 0
486 215 0
487 215 0
488 215 0
489 215 0
490 215 0
491 214 0
492 214 0
493 214 0
494 213 0
495 212 0
496 211 0
497 210 0
497 209 0
498 208 0
498 207 0
498 206 0
499 205 0
499 204 0
499 203 0
499 202 0
500 201 0
500 200 0
500 199 0
500 198 0
500 197 0
500 196 0
500 195 0
500 194 0
500 193 0
500 192 0
501 191 0
501 190 0
502 189 0
502 188 0
503 187 0
504 186 0
504 185 0
505 184 0
505 183 0
506 182 0
507 181 0
507 180 0
508 179 0
509 178 0
509 177 0
510 177 0
511 176 0
512 176 0
513 175 0
514 175 0
515 174 0
515 173 0
516 172 0
516 171 0
517 170 0
517 169 0
517 168 0
518 167 0
518 166 0
519 165 0
519 164 0
519 163 0
519 162 0
519 161 0
520 160 0
520 159 0
521 158 0
522 157 0
522 156 0
523 155 0
524 154 0
524 153 0
525 152 0
526 151 0
526 150 0
527 149 0
528 148 0
528 147 0
529 146 0
530 145 0
530 144 0
531 143 0
531 142 0
532 141 0
533 140 0
533 139 0
534 138 0
535 137 0
535 136 0
536 135 0
536 134 0
537 133 0
538 132 0
538 131 0
539 130 0
539 129 0
540 128 0
540 127 0
541 126 0
541 125 0
541 126 0
541 127 0
540 128 0
540 129 0
539 130 0
539 131 0
538 132 0
538 133 0
537 134 0
536 135 0
536 136 0
535 137 0
535 138 0
534 139 0
533 140 0
533 141 0
532 142 0
531 143 0
531 144 0
530 145 0
530 146 0
529 147 0
528 148 0
528 149 0
527 150 0
526 151 0
526 152 0
525 153 0
524 154 0
524 155 0
523 156 0
522 157 0
522 158 0
521 159 0
520 160 0
519 161 0
519 162 0
519 163 0
519 164 0
519 165 0
518 166 0
518 167 0
517 168 0
517 169 0
517 170 0
517 171 0
516 172 0
516 173 0
515 174 0
514 175 0
513 175 0
512 176 0
511 177 0
510 177 0
509 178 0
509 179 0
508 180 0
507 181 0
507 182 0
506 183 0
505 184 0
505 185 0
504 186 0
504 187 0
503 188 0
502 189 0
502 190 0
501 191 0
500 192 0
500 193 0
500 194 0
500 195 0
500 196 0
500 197 0
500 198 0
500 199 0
500 200 0
500 201 0
499 202 0
499 203 0
499 204 0
499 205 0
498 206 0
498 207 0
498 208 0
497 209 0
497 210 0
497 211 0
496 212 0
495 213 0
494 213 0
493 214 0
492 214 0
491 214 0
490 215 0
489 215 0
488 215 0
487 215 0
486 216 0
485 217 0
485 218 0
485 219 0
485 220 0
484 221 0
484 222 0
483 223 0
482 224 0
482 225 0
482 226 0
482 227 0
481 228 0
481 229 0
480 230 0
480 231 0
480 232 0
479 233 0
479 234 0
478 235 0
478 236 0
478 237 0
477 238 0
477 239 0
477 240 0
477 241 0
476 242 0
476 243 0
476 244 0
476 245 0
476 246 0
476 247 0
476 248 0
475 249 0
475 250 0
474 251 0
474 252 0
474 253 0
475 254 0
475 255 0
475 256 0
475 257 0
475 258 0
474 259 0
474 260 0
474 261 0
473 262 0
473 263 0
472 264 0
472 265 0
472 266 0
471 267 0
470 268 0
470 269 0
470 270 0
469 271 0
469 272 0
468 273 0
468 274 0
468 275 0
468 276 0
468 277 0
467 278 0
467 279 0
467 280 0
467 281 0
466 282 0
466 283 0
466 284 0
466 285 0
465 286 0
465 287 0
464 288 0
464 289 0
464 290 0
463 291 0
463 292 0
463 293 0
463 294 0
463 295 0
462 296 0
462 297 0
462 298 0
462 299 0
462 300 0
461 301 0
461 302 0
461 303 0
461 304 0
460 305 0
460 306 0
460 307 0
460 308 0
460 309 0
459 310 0
459 311 0
459 312 0
459 313 0
459 314 0
458 315 0
458 316 0
458 317 0
458 318 0
458 319 0
458 320 0
458 321 0
457 322 0
457 323 0
457 324 0
457 325 0
456 326 0
456 327 0
456 328 0
456 329 0
455 330 0
455 331 0
454 332 0
454 333 0
454 334 0
454 335 0
453 336 0
453 337 0
453 338 0
453 339 0
452 340 0
452 341 0
452 342 0
452 343 0
452 344 0
451 345 0
451 346 0
451 347 0
450 348 0
450 349 0
450 350 0
449 351 0
449 352 0
449 353 0
449 354 0
448 355 0
448 356 0
448 357 0
447 358 0
447 359 0
447 360 0
447 361 0
446 362 0
446 363 0
445 364 0
445 365 0
444 366 0
443 367 0
443 368 0
443 369 0
442 370 0
442 371 0
441 372 0
441 373 0
441 374 0
440 375 0
440 376 0
439 377 0
439 378 0
438 379 0
438 380 0
438 381 0
437 382 0
436 383 0
435 384 0
434 385 0
434 386 0
434 387 0
433 388 0
432 389 0
432 390 0
431 391 0
430 392 0
430 393 0
429 394 0
428 395 0
427 396 0
428 395 0
428 394 0
429 393 0
430 392 0
430 391 0
431 390 0
432 389 0
432 388 0
433 387 0
434 386 0
434 385 0
435 384 0
435 383 0
436 382 0
437 381 0
438 380 0
438 379 0
439 378 0
439 377 0
439 376 0
440 375 0
440 374 0
441 373 0
441 372 0
442 371 0
442 370 0
442 369 0
443 368 0
443 367 0
444 366 0
444 365 0
445 364 0
445 363 0
446 362 0
446 361 0
447 360 0
447 359 0
447 358 0
448 357 0
448 356 0
448 355 0
449 354 0
449 353 0
449 352 0
449 351 0
450 350 0
449 349 0
448 348 0
447 349 0
447 350 0
447 351 0
446 352 0
446 353 0
446 354 0
445 355 0
445 356 0
444 357 0
444 358 0
444 359 0
443 360 0
443 361 0
442 362 0
442 363 0
441 364 0
441 365 0
440 366 0
440 367 0
439 368 0
439 369 0
439 370 0
438 371 0
437 372 0
437 373 0
437 374 0
436 375 0
435 376 0
435 377 0
435 378 0
434 379 0
434 380 0
433 381 0
433 382 0
432 383 0
432 384 0
431 385 0
431 386 0
430 387 0
429 388 0
429 389 0
428 390 0
427 391 0
426 392 0
425 393 0
424 394 0
424 395 0
423 396 0
423 397 0
422 398 0
422 399 0
422 400 0
421 401 0
421 402 0
420 403 0
419 404 0
418 405 0
418 406 0
417 407 0
416 408 0
416 409 0
415 410 0
414 411 0
414 412 0
413 413 0
412 414 0
413 415 0
414 416 0
415 415 0
416 414 0
416 413 0
417 412 0
417 411 0
418 410 0
419 409 0
420 408 0
420 407 0
421 406 0
422 405 0
422 404 0
423 403 0
424 402 0
424 401 0
425 400 0
426 399 0
426 398 0
427 398 0
428 398 0
429 398 0
430 397 0
431 396 0
431 395 0
432 396 0
431 397 0
430 398 0
429 398 0
428 398 0
427 398 0
426 399 0
426 400 0
425 401 0
424 402 0
424 403 0
423 404 0
422 405 0
422 406 0
421 407 0
420 408 0
420 409 0
419 410 0
418 411 0
417 412 0
417 413 0
416 414 0
416 415 0
415 416 0
414 417 0
413 418 0
412 419 0
411 420 0
411 421 0
410 422 0
409 422 0
408 423 0
408 424 0
407 425 0
406 425 0
405 426 0
404 427 0
403 428 0
402 428 0
401 428 0
400 429 0
399 429 0
398 430 0
397 430 0
396 431 0
395 432 0
394 432 0
393 432 0
392 432 0
391 433 0
390 434 0
389 434 0
388 434 0
387 435 0
386 435 0
385 435 0
384 435 0
383 435 0
382 435 0
381 435 0
380 435 0
379 436 0
378 436 0
377 436 0
376 436 0
375 436 0
374 436 0
373 436 0
372 436 0
371 437 0
370 437 0
369 437 0
368 437 0
367 437 0
366 437 0
365 437 0
364 437 0
363 437 0
362 437 0
361 437 0
360 437 0
359 437 0
358 437 0
357 437 0
356 437 0
355 437 0
354 437 0
353 437 0
352 437 0
351 438 0
350 438 0
