492 209 0
492 208 0
493 207 0
493 206 0
494 205 0
494 204 0
494 203 0
495 202 0
495 201 0
495 200 0
496 199 0
496 198 0
496 197 0
496 196 0
496 195 0
496 194 0
496 193 0
496 192 0
496 191 0
497 190 0
497 189 0
497 188 0
497 187 0
498 186 0
499 185 0
500 184 0
500 183 0
501 182 0
501 181 0
502 180 0
503 179 0
503 178 0
504 177 0
505 176 0
505 175 0
506 174 0
506 173 0
507 172 0
507 171 0
508 170 0
509 170 0
510 169 0
511 169 0
512 168 0
513 167 0
514 166 0
514 165 0
515 164 0
516 163 0
516 162 0
516 161 0
517 160 0
517 159 0
517 158 0
517 157 0
518 156 0
518 155 0
519 154 0
519 153 0
519 152 0
520 151 0
521 150 0
522 149 0
522 148 0
522 147 0
523 146 0
524 145 0
524 144 0
525 143 0
526 142 0
526 141 0
527 140 0
528 139 0
529 138 0
529 137 0
530 136 0
530 135 0
531 134 0
532 133 0
532 132 0
533 131 0
534 130 0
534 129 0
535 128 0
535 127 0
536 126 0
536 125 0
536 124 0
537 123 0
537 122 0
538 121 0
539 120 0
539 119 0
540 118 0
540 117 0
541 116 0
541 115 0
541 114 0
542 113 0
543 112 0
543 111 0
544 110 0
545 109 0
545 108 0
546 107 0
546 106 0
547 105 0
547 104 0
548 103 0
548 102 0
549 101 0
549 100 0
550 99 0
550 98 0
550 97 0
551 96 0
551 95 0
551 94 0
552 93 0
551 94 0
551 95 0
551 96 0
550 97 0
550 98 0
550 99 0
549 100 0
549 101 0
549 102 0
548 103 0
548 104 0
547 105 0
547 106 0
546 107 0
546 108 0
545 109 0
545 110 0
544 111 0
543 112 0
543 113 0
542 114 0
541 115 0
541 116 0
541 117 0
540 118 0
540 119 0
539 120 0
539 121 0
538 122 0
537 123 0
537 124 0
536 125 0
536 126 0
535 127 0
535 128 0
535 129 0
534 130 0
534 131 0
533 132 0
532 133 0
532 134 0
531 135 0
530 136 0
530 137 0
529 138 0
529 139 0
528 140 0
527 141 0
526 142 0
526 143 0
525 144 0
524 145 0
524 146 0
523 147 0
522 148 0
522 149 0
521 150 0
521 151 0
520 152 0
519 153 0
519 154 0
519 155 0
518 156 0
518 157 0
517 158 0
517 159 0
517 160 0
517 161 0
516 162 0
516 163 0
515 164 0
515 165 0
514 166 0
514 167 0
513 168 0
512 169 0
511 169 0
510 170 0
509 170 0
508 171 0
508 172 0
507 173 0
506 174 0
505 175 0
505 176 0
505 177 0
504 178 0
503 179 0
503 180 0
502 181 0
501 182 0
501 183 0
500 184 0
500 185 0
499 186 0
498 187 0
497 188 0
497 189 0
497 190 0
496 191 0
496 192 0
496 193 0
496 194 0
496 195 0
496 196 0
496 197 0
496 198 0
496 199 0
495 200 0
496 201 0
495 202 0
495 203 0
494 204 0
494 205 0
493 206 0
493 207 0
493 208 0
490 212 0
491 211 0
492 211 0
493 211 0
494 210 0
495 209 0
496 208 0
496 207 0
497 206 0
497 205 0
498 204 0
498 203 0
498 202 0
499 201 0
499 200 0
499 199 0
499 198 0
499 197 0
499 196 0
499 195 0
499 194 0
500 193 0
500 192 0
499 191 0
500 190 0
500 189 0
500 188 0
501 187 0
502 186 0
502 185 0
503 184 0
504 183 0
504 182 0
505 181 0
506 180 0
506 179 0
507 178 0
507 177 0
508 176 0
508 175 0
509 174 0
510 173 0
511 172 0
512 171 0
513 171 0
514 170 0
515 169 0
516 168 0
517 167 0
517 166 0
518 165 0
519 164 0
519 163 0
520 162 0
520 161 0
520 160 0
520 159 0
521 158 0
521 157 0
521 156 0
522 155 0
522 154 0
523 153 0
523 152 0
524 151 0
525 150 0
525 149 0
526 148 0
526 147 0
527 146 0
528 145 0
528 144 0
529 143 0
529 142 0
530 141 0
531 140 0
532 139 0
532 138 0
533 137 0
533 136 0
534 135 0
535 134 0
535 133 0
536 132 0
537 131 0
537 130 0
538 129 0
538 128 0
538 127 0
539 126 0
539 125 0
540 124 0
541 123 0
541 122 0
542 121 0
542 120 0
543 119 0
543 118 0
544 117 0
544 116 0
545 115 0
545 114 0
546 113 0
547 112 0
547 111 0
548 110 0
548 109 0
549 108 0
549 107 0
550 106 0
551 105 0
551 104 0
551 103 0
552 102 0
552 101 0
553 100 0
553 99 0
553 98 0
553 99 0
553 100 0
552 101 0
552 102 0
551 103 0
551 104 0
551 105 0
550 106 0
550 107 0
549 108 0
549 109 0
548 110 0
547 111 0
547 112 0
546 113 0
545 114 0
545 115 0
545 116 0
544 117 0
544 118 0
543 119 0
543 120 0
542 121 0
542 122 0
541 123 0
541 124 0
540 125 0
539 126 0
539 127 0
538 128 0
538 129 0
538 130 0
537 131 0
537 132 0
536 133 0
535 134 0
535 135 0
534 136 0
533 137 0
533 138 0
532 139 0
532 140 0
531 141 0
530 142 0
529 143 0
529 144 0
528 145 0
528 146 0
527 147 0
526 148 0
526 149 0
525 150 0
525 151 0
524 152 0
523 153 0
523 154 0
522 155 0
521 156 0
521 157 0
521 158 0
520 159 0
520 160 0
520 161 0
520 162 0
519 163 0
519 164 0
519 165 0
518 166 0
517 167 0
517 168 0
516 169 0
515 170 0
514 170 0
513 171 0
512 171 0
511 172 0
511 173 0
510 173 0
509 174 0
509 175 0
508 176 0
508 177 0
507 178 0
507 179 0
506 180 0
506 181 0
505 182 0
504 183 0
504 184 0
503 185 0
502 186 0
502 187 0
501 188 0
500 189 0
500 190 0
500 191 0
500 192 0
500 193 0
499 194 0
499 195 0
499 196 0
499 197 0
499 198 0
499 199 0
499 200 0
499 201 0
498 202 0
498 203 0
498 204 0
498 205 0
497 206 0
497 207 0
496 208 0
496 209 0
495 210 0
494 210 0
493 211 0
492 211 0
491 211 0
402 427 0
403 426 0
404 426 0
405 425 0
406 425 0
407 424 0
408 423 0
409 423 0
410 422 0
411 421 0
412 421 0
413 420 0
414 419 0
415 419 0
416 418 0
417 417 0
418 416 0
419 415 0
420 415 0
421 414 0
421 413 0
422 412 0
423 412 0
424 411 0
424 410 0
425 409 0
426 408 0
427 407 0
428 406 0
428 405 0
429 405 0
430 404 0
430 403 0
430 402 0
431 401 0
432 400 0
432 399 0
433 398 0
434 397 0
434 396 0
435 395 0
435 394 0
436 393 0
436 392 0
437 391 0
437 390 0
437 389 0
438 388 0
438 387 0
439 386 0
438 387 0
438 388 0
437 389 0
437 390 0
437 391 0
436 392 0
436 393 0
435 394 0
435 395 0
434 396 0
434 397 0
433 398 0
433 399 0
432 400 0
431 401 0
431 402 0
430 403 0
430 404 0
429 405 0
428 406 0
427 407 0
426 408 0
426 409 0
425 410 0
424 411 0
423 412 0
422 413 0
421 414 0
420 415 0
419 416 0
418 417 0
417 417 0
416 418 0
415 419 0
414 420 0
413 420 0
412 421 0
411 422 0
410 422 0
409 423 0
408 424 0
407 424 0
406 425 0
405 425 0
404 426 0
403 426 0
391 433 0
392 434 0
393 434 0
394 433 0
393 432 0
392 432 0
383 435 0
384 435 0
385 434 0
386 434 0
387 434 0
388 434 0
389 434 0
390 434 0
391 433 0
391 432 0
392 432 0
393 432 0
394 433 0
395 433 0
396 432 0
397 432 0
398 431 0
399 431 0
400 431 0
401 430 0
402 430 0
403 429 0
404 429 0
405 428 0
406 428 0
407 427 0
408 426 0
409 426 0
410 425 0
411 425 0
412 424 0
413 423 0
414 423 0
415 422 0
416 421 0
417 421 0
418 420 0
419 419 0
420 418 0
421 417 0
422 416 0
423 415 0
424 414 0
425 413 0
426 412 0
427 411 0
428 410 0
429 409 0
429 408 0
430 407 0
431 406 0
432 405 0
432 404 0
433 403 0
434 402 0
434 401 0
435 400 0
436 399 0
436 398 0
437 397 0
437 396 0
438 395 0
438 394 0
439 393 0
439 392 0
439 391 0
440 390 0
440 389 0
441 388 0
441 387 0
442 386 0
442 385 0
443 384 0
443 383 0
444 382 0
444 381 0
445 380 0
445 379 0
446 378 0
446 377 0
446 376 0
447 375 0
447 374 0
447 373 0
448 372 0
448 371 0
449 370 0
449 369 0
449 368 0
450 367 0
450 366 0
451 365 0
451 364 0
451 363 0
452 362 0
452 361 0
452 360 0
453 359 0
453 358 0
453 357 0
454 356 0
454 355 0
454 354 0
454 353 0
455 352 0
455 351 0
455 350 0
455 349 0
456 348 0
456 347 0
456 346 0
456 345 0
457 344 0
457 343 0
457 342 0
457 341 0
458 340 0
458 339 0
458 338 0
458 337 0
458 336 0
459 335 0
459 334 0
459 333 0
459 332 0
459 331 0
460 330 0
460 329 0
460 328 0
460 327 0
460 326 0
460 325 0
461 324 0
461 323 0
461 322 0
461 321 0
461 320 0
461 319 0
462 318 0
462 317 0
462 316 0
462 315 0
462 314 0
462 313 0
463 312 0
463 311 0
463 310 0
463 309 0
463 308 0
463 307 0
462 306 0
461 306 0
460 307 0
460 308 0
460 309 0
460 310 0
459 311 0
459 312 0
459 313 0
459 314 0
459 315 0
459 316 0
459 317 0
458 318 0
458 319 0
458 320 0
458 321 0
458 322 0
458 323 0
457 324 0
457 325 0
457 326 0
457 327 0
457 328 0
457 329 0
456 330 0
456 331 0
456 332 0
456 333 0
456 334 0
456 335 0
455 336 0
455 337 0
455 338 0
455 339 0
454 340 0
454 341 0
454 342 0
454 343 0
453 344 0
453 345 0
453 346 0
453 347 0
453 348 0
452 349 0
452 350 0
452 351 0
452 352 0
451 353 0
451 354 0
451 355 0
451 356 0
450 357 0
450 358 0
450 359 0
449 360 0
449 361 0
449 362 0
449 363 0
448 364 0
448 365 0
447 366 0
447 367 0
446 368 0
446 369 0
446 370 0
445 371 0
445 372 0
445 373 0
444 374 0
444 375 0
444 376 0
443 377 0
443 378 0
442 379 0
442 380 0
441 381 0
441 382 0
441 383 0
440 384 0
441 383 0
441 382 0
441 381 0
442 380 0
442 379 0
443 378 0
443 377 0
444 376 0
444 375 0
444 374 0
445 373 0
445 372 0
445 371 0
446 370 0
446 369 0
446 368 0
446 367 0
447 366 0
447 365 0
448 364 0
448 363 0
449 362 0
449 361 0
449 360 0
450 359 0
450 358 0
450 357 0
451 356 0
451 355 0
451 354 0
451 353 0
452 352 0
452 351 0
452 350 0
452 349 0
453 348 0
453 347 0
453 346 0
453 345 0
453 344 0
454 343 0
454 342 0
454 341 0
454 340 0
455 339 0
455 338 0
455 337 0
455 336 0
456 335 0
456 334 0
456 333 0
456 332 0
456 331 0
456 330 0
457 329 0
457 328 0
457 327 0
457 326 0
457 325 0
457 324 0
458 323 0
458 322 0
458 321 0
458 320 0
458 319 0
458 318 0
459 317 0
459 316 0
459 315 0
459 314 0
459 313 0
459 312 0
459 311 0
460 310 0
460 309 0
460 308 0
460 307 0
460 306 0
461 305 0
461 304 0
461 303 0
461 302 0
461 301 0
462 300 0
462 299 0
462 298 0
462 297 0
462 296 0
462 295 0
463 294 0
463 293 0
463 292 0
463 291 0
464 290 0
464 289 0
464 288 0
464 287 0
464 286 0
465 285 0
465 284 0
465 285 0
464 286 0
464 287 0
464 288 0
464 289 0
464 290 0
463 291 0
463 292 0
463 293 0
463 294 0
462 295 0
462 296 0
462 297 0
462 298 0
462 299 0
462 300 0
461 301 0
461 302 0
461 303 0
461 304 0
461 305 0
462 306 0
463 306 0
464 305 0
464 304 0
464 303 0
464 302 0
465 301 0
465 300 0
465 299 0
465 298 0
465 297 0
465 296 0
466 295 0
466 294 0
466 293 0
466 292 0
467 291 0
467 290 0
467 289 0
467 288 0
467 287 0
468 286 0
468 285 0
468 284 0
469 283 0
469 282 0
469 281 0
469 280 0
469 279 0
470 278 0
470 277 0
470 276 0
470 275 0
471 274 0
471 273 0
471 272 0
471 271 0
472 270 0
472 269 0
472 268 0
472 267 0
472 266 0
473 265 0
473 264 0
474 263 0
474 262 0
475 261 0
475 260 0
476 259 0
476 258 0
476 257 0
476 256 0
477 255 0
477 254 0
477 253 0
477 252 0
477 251 0
477 250 0
477 249 0
477 248 0
477 247 0
477 246 0
476 245 0
477 244 0
477 243 0
477 242 0
477 241 0
478 240 0
478 239 0
478 238 0
478 237 0
479 236 0
479 235 0
479 234 0
479 233 0
480 232 0
480 231 0
480 230 0
481 229 0
481 228 0
481 227 0
482 226 0
482 225 0
482 224 0
483 223 0
483 222 0
483 221 0
484 220 0
484 219 0
484 218 0
485 217 0
486 216 0
486 215 0
486 214 0
487 213 0
487 212 0
487 211 0
486 210 0
485 211 0
484 212 0
484 213 0
483 214 0
482 215 0
482 216 0
482 217 0
481 218 0
481 219 0
481 220 0
480 221 0
480 222 0
479 223 0
479 224 0
479 225 0
479 226 0
478 227 0
478 228 0
477 229 0
477 230 0
477 231 0
476 232 0
476 233 0
476 234 0
476 235 0
475 236 0
475 237 0
475 238 0
475 239 0
474 240 0
474 241 0
474 242 0
473 243 0
473 244 0
473 245 0
473 246 0
473 247 0
473 248 0
473 249 0
472 250 0
472 251 0
472 252 0
472 253 0
472 254 0
472 255 0
471 256 0
471 257 0
471 258 0
471 259 0
470 260 0
470 261 0
470 262 0
470 263 0
469 264 0
469 265 0
469 266 0
469 267 0
469 268 0
468 269 0
468 270 0
468 271 0
468 272 0
468 273 0
467 274 0
467 275 0
467 276 0
467 277 0
467 278 0
466 279 0
466 280 0
466 279 0
467 278 0
467 277 0
467 276 0
467 275 0
467 274 0
468 273 0
468 272 0
468 271 0
468 270 0
468 269 0
469 268 0
469 267 0
469 266 0
469 265 0
469 264 0
470 263 0
470 262 0
470 261 0
470 260 0
471 259 0
471 258 0
471 257 0
471 256 0
472 255 0
472 254 0
472 253 0
472 252 0
472 251 0
472 250 0
472 249 0
473 248 0
473 247 0
473 246 0
473 245 0
473 244 0
473 243 0
474 242 0
474 241 0
474 240 0
475 239 0
475 238 0
475 237 0
475 236 0
476 235 0
476 234 0
476 233 0
476 232 0
477 231 0
477 230 0
477 229 0
478 228 0
478 227 0
478 226 0
479 225 0
479 224 0
479 223 0
480 222 0
480 221 0
481 220 0
481 219 0
481 218 0
481 217 0
482 216 0
482 215 0
483 214 0
484 213 0
484 212 0
484 211 0
485 210 0
486 210 0
487 210 0
487 211 0
487 212 0
488 213 0
487 214 0
486 215 0
486 216 0
486 217 0
485 217 0
484 218 0
484 219 0
484 220 0
483 221 0
483 222 0
483 223 0
482 224 0
482 225 0
482 226 0
481 227 0
481 228 0
481 229 0
481 230 0
480 231 0
480 232 0
479 233 0
479 234 0
479 235 0
479 236 0
478 237 0
478 238 0
478 239 0
478 240 0
477 241 0
477 242 0
477 243 0
477 244 0
476 245 0
477 246 0
477 247 0
477 248 0
477 249 0
477 250 0
477 251 0
477 252 0
477 253 0
477 254 0
477 255 0
476 256 0
476 257 0
476 258 0
476 259 0
475 260 0
475 261 0
475 262 0
474 263 0
473 264 0
473 265 0
474 266 0
474 267 0
474 266 0
473 265 0
472 266 0
472 267 0
472 268 0
472 269 0
472 270 0
471 271 0
471 272 0
471 273 0
471 274 0
470 275 0
470 276 0
470 277 0
470 278 0
470 279 0
469 280 0
469 281 0
469 282 0
469 283 0
468 284 0
468 285 0
468 286 0
467 287 0
467 288 0
467 289 0
467 290 0
467 291 0
466 292 0
466 293 0
466 294 0
466 295 0
465 296 0
465 297 0
465 298 0
465 299 0
465 300 0
465 301 0
464 302 0
464 303 0
464 304 0
464 305 0
463 306 0
463 307 0
463 308 0
463 309 0
463 310 0
463 311 0
463 312 0
462 313 0
462 314 0
462 315 0
462 316 0
462 317 0
462 318 0
461 319 0
461 320 0
461 321 0
461 322 0
461 323 0
461 324 0
460 325 0
460 326 0
460 327 0
460 328 0
460 329 0
460 330 0
459 331 0
459 332 0
459 333 0
459 334 0
459 335 0
458 336 0
458 337 0
458 338 0
458 339 0
458 340 0
457 341 0
457 342 0
457 343 0
457 344 0
456 345 0
456 346 0
456 347 0
456 348 0
455 349 0
455 350 0
455 351 0
455 352 0
454 353 0
454 354 0
454 355 0
454 356 0
453 357 0
453 358 0
453 359 0
452 360 0
452 361 0
452 362 0
451 363 0
451 364 0
451 365 0
450 366 0
450 367 0
450 368 0
449 369 0
449 370 0
449 371 0
448 372 0
448 373 0
447 374 0
447 375 0
447 376 0
446 377 0
446 378 0
445 379 0
445 380 0
445 381 0
444 382 0
444 383 0
443 384 0
443 385 0
442 386 0
441 387 0
441 388 0
441 389 0
440 390 0
440 391 0
439 392 0
439 393 0
438 394 0
438 395 0
438 396 0
437 397 0
437 398 0
436 399 0
435 400 0
435 401 0
434 402 0
434 403 0
433 404 0
432 405 0
432 406 0
431 407 0
430 408 0
429 409 0
429 410 0
428 411 0
427 412 0
426 413 0
425 414 0
424 415 0
423 416 0
422 417 0
421 418 0
420 419 0
419 420 0
418 420 0
417 421 0
416 422 0
415 423 0
414 423 0
413 424 0
412 425 0
411 425 0
410 426 0
409 426 0
408 427 0
407 428 0
406 428 0
405 429 0
404 429 0
403 429 0
402 430 0
401 430 0
400 431 0
399 431 0
398 432 0
397 432 0
396 433 0
395 433 0
394 434 0
393 434 0
392 434 0
391 434 0
390 434 0
389 434 0
388 434 0
387 434 0
386 434 0
385 434 0
384 435 0
