460 339 0
461 340 0
462 339 0
463 338 0
463 337 0
462 336 0
461 335 0
460 336 0
460 337 0
460 338 0
402 432 0
403 432 0
404 432 0
405 431 0
406 431 0
407 430 0
408 430 0
409 429 0
410 428 0
411 428 0
412 427 0
413 427 0
414 426 0
415 425 0
416 425 0
417 424 0
418 423 0
419 423 0
420 422 0
421 421 0
422 420 0
423 420 0
424 419 0
425 418 0
426 417 0
427 416 0
428 416 0
429 415 0
430 414 0
431 413 0
432 412 0
433 411 0
434 410 0
435 409 0
435 408 0
436 407 0
437 406 0
438 405 0
438 404 0
439 403 0
440 402 0
440 401 0
441 400 0
442 399 0
443 398 0
444 397 0
444 396 0
445 395 0
446 394 0
446 393 0
446 392 0
447 391 0
447 390 0
448 389 0
449 388 0
449 387 0
449 386 0
450 385 0
450 384 0
450 383 0
451 382 0
451 381 0
452 380 0
452 379 0
453 378 0
453 377 0
454 376 0
454 375 0
454 374 0
455 373 0
455 372 0
455 371 0
455 370 0
456 369 0
456 368 0
457 367 0
457 366 0
457 365 0
458 364 0
458 363 0
458 362 0
459 361 0
459 360 0
459 359 0
460 358 0
460 357 0
460 356 0
460 355 0
460 354 0
460 353 0
461 352 0
461 351 0
461 350 0
461 349 0
462 348 0
462 347 0
462 346 0
462 345 0
462 344 0
462 343 0
462 342 0
462 341 0
461 340 0
460 340 0
459 341 0
459 342 0
459 343 0
459 344 0
459 345 0
459 346 0
459 347 0
458 348 0
458 349 0
458 350 0
458 351 0
458 352 0
457 353 0
457 354 0
457 355 0
457 356 0
457 357 0
456 358 0
456 359 0
456 360 0
455 361 0
455 362 0
455 363 0
454 364 0
454 365 0
454 366 0
453 367 0
453 368 0
453 369 0
452 370 0
452 371 0
452 372 0
451 373 0
451 374 0
451 375 0
450 376 0
449 377 0
449 378 0
449 379 0
448 380 0
448 381 0
447 382 0
447 383 0
446 384 0
446 385 0
446 386 0
445 387 0
445 388 0
444 389 0
444 390 0
443 391 0
443 392 0
442 393 0
442 394 0
441 395 0
440 396 0
440 397 0
439 398 0
438 399 0
438 400 0
437 401 0
436 402 0
435 403 0
435 404 0
434 405 0
433 406 0
432 407 0
432 408 0
431 408 0
430 409 0
430 410 0
429 411 0
428 412 0
427 413 0
426 414 0
425 415 0
424 416 0
423 417 0
422 417 0
421 418 0
420 419 0
419 419 0
418 420 0
417 421 0
416 422 0
415 423 0
414 423 0
413 424 0
412 424 0
411 425 0
410 426 0
409 426 0
408 427 0
407 428 0
406 428 0
405 429 0
404 429 0
403 429 0
402 430 0
403 429 0
404 429 0
405 429 0
406 428 0
407 427 0
408 426 0
409 426 0
410 425 0
411 425 0
412 424 0
413 423 0
414 423 0
415 422 0
416 421 0
417 420 0
418 419 0
419 419 0
420 418 0
421 417 0
422 417 0
423 416 0
424 415 0
425 414 0
426 413 0
427 412 0
428 411 0
429 410 0
430 409 0
430 408 0
431 408 0
432 407 0
432 406 0
433 405 0
434 404 0
435 403 0
435 402 0
436 401 0
437 400 0
438 399 0
438 398 0
439 397 0
440 396 0
440 395 0
441 394 0
442 393 0
442 392 0
443 391 0
443 390 0
444 389 0
444 388 0
445 387 0
445 386 0
446 385 0
446 384 0
447 383 0
447 382 0
448 381 0
448 380 0
449 379 0
449 378 0
449 377 0
450 376 0
450 375 0
451 374 0
451 373 0
452 372 0
452 371 0
452 370 0
453 369 0
453 368 0
453 367 0
454 366 0
454 365 0
454 364 0
455 363 0
455 362 0
455 361 0
456 360 0
456 359 0
456 358 0
457 357 0
457 356 0
457 355 0
457 354 0
457 353 0
458 352 0
458 351 0
458 350 0
458 349 0
458 348 0
459 347 0
459 346 0
459 345 0
459 344 0
459 343 0
459 342 0
459 341 0
460 340 0
460 339 0
460 338 0
460 337 0
460 336 0
461 335 0
461 334 0
461 333 0
461 332 0
461 331 0
461 330 0
462 329 0
462 328 0
462 327 0
462 326 0
462 325 0
462 324 0
462 323 0
462 322 0
462 321 0
462 320 0
462 319 0
462 318 0
463 317 0
463 316 0
463 315 0
463 314 0
463 313 0
463 312 0
463 311 0
464 310 0
464 309 0
464 308 0
464 307 0
464 306 0
464 305 0
465 304 0
465 303 0
465 302 0
465 301 0
465 300 0
465 299 0
465 298 0
465 297 0
465 296 0
465 295 0
466 294 0
466 293 0
466 292 0
467 291 0
467 290 0
467 289 0
467 288 0
467 287 0
468 286 0
468 285 0
468 284 0
468 283 0
468 282 0
468 281 0
469 280 0
469 279 0
469 278 0
469 277 0
469 276 0
469 275 0
470 274 0
470 273 0
470 272 0
470 271 0
470 270 0
470 269 0
471 268 0
471 267 0
471 266 0
471 265 0
472 264 0
472 263 0
472 262 0
472 261 0
472 260 0
472 259 0
472 258 0
472 257 0
472 256 0
472 255 0
473 254 0
473 253 0
473 252 0
473 251 0
474 250 0
474 249 0
474 248 0
474 247 0
474 246 0
474 245 0
474 244 0
474 243 0
475 242 0
475 241 0
475 240 0
475 239 0
475 238 0
475 237 0
476 236 0
476 235 0
476 234 0
477 233 0
477 232 0
477 231 0
477 230 0
478 229 0
478 228 0
478 227 0
479 226 0
479 225 0
480 224 0
480 223 0
480 222 0
481 221 0
481 220 0
482 219 0
482 218 0
482 217 0
483 216 0
484 215 0
484 214 0
484 213 0
484 212 0
485 211 0
486 210 0
486 209 0
487 208 0
487 207 0
487 206 0
488 205 0
489 205 0
490 204 0
491 203 0
492 202 0
493 201 0
494 200 0
494 199 0
494 198 0
495 197 0
495 196 0
495 195 0
495 194 0
495 193 0
495 192 0
495 191 0
495 190 0
495 189 0
495 188 0
495 187 0
495 186 0
496 185 0
496 184 0
497 183 0
497 182 0
498 181 0
498 180 0
498 179 0
499 178 0
500 177 0
500 176 0
501 175 0
502 174 0
502 173 0
503 172 0
503 171 0
504 170 0
505 169 0
505 168 0
506 167 0
506 166 0
507 165 0
508 164 0
508 163 0
509 162 0
509 161 0
510 161 0
511 161 0
512 160 0
513 160 0
514 159 0
515 158 0
516 158 0
517 157 0
517 156 0
518 155 0
518 154 0
519 153 0
519 152 0
520 151 0
520 150 0
520 149 0
520 148 0
520 147 0
520 146 0
521 145 0
521 144 0
521 143 0
521 142 0
522 141 0
522 140 0
523 139 0
523 138 0
524 137 0
524 136 0
525 135 0
526 134 0
526 133 0
527 132 0
527 131 0
528 130 0
529 129 0
529 128 0
530 127 0
531 126 0
531 125 0
532 124 0
532 123 0
532 122 0
533 121 0
534 120 0
534 119 0
535 118 0
535 117 0
536 116 0
536 115 0
537 114 0
538 113 0
538 112 0
539 111 0
539 110 0
540 109 0
540 108 0
541 107 0
541 106 0
542 105 0
542 104 0
542 103 0
543 102 0
543 101 0
544 100 0
544 99 0
545 98 0
545 97 0
546 96 0
546 95 0
546 96 0
545 97 0
545 98 0
545 99 0
544 100 0
544 101 0
543 102 0
543 103 0
542 104 0
542 105 0
542 106 0
541 107 0
541 108 0
540 109 0
540 110 0
539 111 0
539 112 0
538 113 0
538 114 0
537 115 0
536 116 0
536 117 0
535 118 0
535 119 0
534 120 0
534 121 0
533 122 0
532 123 0
532 124 0
531 125 0
531 126 0
530 127 0
530 128 0
529 129 0
529 130 0
528 131 0
527 132 0
527 133 0
526 134 0
526 135 0
525 136 0
524 137 0
524 138 0
523 139 0
522 140 0
522 141 0
521 142 0
521 143 0
521 144 0
521 145 0
520 146 0
520 147 0
520 148 0
520 149 0
520 150 0
520 151 0
519 152 0
519 153 0
519 154 0
518 155 0
518 156 0
517 157 0
517 158 0
516 158 0
515 159 0
514 159 0
513 160 0
512 160 0
511 161 0
510 161 0
509 162 0
509 163 0
508 164 0
508 165 0
507 166 0
506 167 0
506 168 0
505 169 0
505 170 0
504 171 0
503 172 0
503 173 0
502 174 0
502 175 0
501 176 0
500 177 0
500 178 0
499 179 0
498 180 0
498 181 0
497 182 0
497 183 0
496 184 0
496 185 0
496 186 0
495 187 0
495 188 0
495 189 0
495 190 0
495 191 0
495 192 0
495 193 0
495 194 0
495 195 0
495 196 0
495 197 0
495 198 0
494 199 0
494 200 0
493 201 0
493 202 0
492 203 0
491 204 0
490 205 0
489 205 0
488 206 0
487 207 0
487 208 0
486 209 0
486 210 0
486 211 0
485 212 0
484 213 0
484 214 0
484 215 0
483 216 0
483 217 0
482 218 0
482 219 0
482 220 0
481 221 0
481 222 0
480 223 0
480 224 0
480 225 0
479 226 0
479 227 0
478 228 0
478 229 0
477 230 0
477 231 0
477 232 0
477 233 0
476 234 0
476 235 0
476 236 0
475 237 0
475 238 0
475 239 0
475 240 0
475 241 0
475 242 0
474 243 0
474 244 0
474 245 0
474 246 0
474 247 0
474 248 0
474 249 0
474 250 0
473 251 0
473 252 0
473 253 0
473 254 0
472 255 0
472 256 0
472 257 0
472 258 0
472 259 0
472 260 0
472 261 0
472 262 0
472 263 0
472 264 0
471 265 0
471 266 0
471 267 0
471 268 0
470 269 0
470 270 0
470 271 0
470 272 0
470 273 0
470 274 0
469 275 0
469 276 0
469 277 0
469 278 0
469 279 0
469 280 0
468 281 0
468 282 0
468 283 0
468 284 0
468 285 0
468 286 0
467 287 0
467 288 0
467 289 0
467 290 0
467 291 0
466 292 0
466 293 0
466 294 0
465 295 0
465 296 0
465 297 0
465 298 0
465 299 0
465 300 0
465 301 0
465 302 0
465 303 0
465 304 0
464 305 0
464 306 0
464 307 0
464 308 0
464 309 0
464 310 0
463 311 0
463 312 0
463 313 0
463 314 0
463 315 0
463 316 0
463 317 0
462 318 0
462 319 0
462 320 0
462 321 0
462 322 0
462 323 0
462 324 0
462 325 0
462 326 0
462 327 0
462 328 0
462 329 0
461 330 0
461 331 0
461 332 0
461 333 0
461 334 0
461 335 0
462 336 0
463 335 0
464 334 0
464 333 0
464 332 0
464 331 0
464 330 0
465 329 0
465 328 0
465 327 0
465 326 0
465 325 0
465 324 0
465 323 0
465 322 0
465 321 0
465 320 0
464 319 0
465 319 0
466 318 0
466 317 0
466 316 0
466 315 0
466 314 0
466 313 0
467 312 0
467 311 0
467 310 0
467 309 0
467 308 0
467 307 0
467 306 0
467 305 0
468 304 0
468 303 0
468 302 0
468 301 0
468 300 0
468 299 0
468 298 0
468 297 0
468 296 0
468 295 0
469 294 0
469 293 0
469 292 0
470 291 0
470 290 0
470 289 0
470 288 0
471 287 0
471 286 0
471 285 0
471 284 0
471 283 0
471 282 0
472 281 0
472 280 0
472 279 0
472 278 0
472 277 0
473 276 0
473 275 0
473 274 0
473 273 0
473 272 0
473 271 0
474 270 0
474 269 0
474 268 0
475 267 0
475 266 0
475 265 0
476 264 0
476 263 0
476 262 0
476 261 0
475 260 0
474 260 0
475 260 0
476 260 0
477 259 0
477 258 0
477 257 0
478 256 0
477 255 0
477 254 0
477 253 0
477 252 0
477 251 0
477 250 0
477 249 0
477 248 0
477 247 0
477 246 0
477 245 0
477 244 0
478 243 0
478 242 0
478 241 0
478 240 0
478 239 0
478 238 0
478 237 0
479 236 0
479 235 0
480 234 0
480 233 0
480 232 0
481 231 0
481 230 0
481 229 0
482 228 0
482 227 0
482 226 0
483 225 0
483 224 0
483 223 0
484 222 0
484 221 0
485 220 0
485 219 0
486 218 0
486 217 0
486 216 0
487 215 0
487 214 0
488 213 0
488 212 0
489 211 0
489 210 0
489 209 0
490 208 0
491 207 0
492 206 0
493 206 0
494 205 0
495 204 0
496 203 0
496 202 0
497 201 0
497 200 0
497 199 0
497 198 0
498 197 0
498 196 0
498 195 0
498 194 0
498 193 0
498 192 0
498 191 0
498 190 0
498 189 0
498 188 0
499 187 0
499 186 0
499 185 0
500 184 0
500 183 0
501 182 0
501 181 0
502 180 0
502 179 0
503 178 0
503 177 0
504 176 0
504 175 0
505 174 0
506 173 0
506 172 0
507 171 0
508 170 0
508 169 0
509 168 0
509 167 0
510 166 0
511 165 0
511 164 0
512 163 0
513 162 0
514 162 0
515 162 0
516 161 0
517 161 0
518 160 0
519 159 0
519 158 0
520 157 0
521 156 0
521 155 0
522 154 0
522 153 0
522 152 0
522 151 0
523 150 0
523 149 0
523 148 0
524 147 0
524 146 0
524 145 0
524 144 0
525 143 0
525 142 0
525 141 0
526 140 0
526 139 0
527 138 0
528 137 0
528 136 0
529 135 0
529 134 0
530 133 0
530 132 0
531 131 0
532 130 0
532 129 0
533 128 0
534 127 0
534 126 0
535 125 0
535 124 0
536 123 0
536 122 0
537 121 0
538 120 0
538 119 0
539 118 0
539 117 0
540 116 0
540 115 0
541 114 0
541 113 0
542 112 0
542 111 0
543 110 0
543 109 0
544 108 0
544 107 0
545 106 0
545 105 0
546 104 0
546 103 0
547 102 0
547 101 0
548 100 0
548 99 0
548 98 0
549 97 0
549 96 0
549 97 0
548 98 0
548 99 0
548 100 0
547 101 0
547 102 0
547 103 0
546 104 0
545 105 0
545 106 0
544 107 0
544 108 0
543 109 0
543 110 0
542 111 0
542 112 0
542 113 0
541 114 0
541 115 0
540 116 0
540 117 0
539 118 0
539 119 0
538 120 0
538 121 0
537 122 0
536 123 0
536 124 0
535 125 0
535 126 0
534 127 0
533 128 0
532 129 0
532 130 0
532 131 0
531 132 0
530 133 0
530 134 0
529 135 0
529 136 0
528 137 0
528 138 0
527 139 0
526 140 0
526 141 0
525 142 0
525 143 0
524 144 0
524 145 0
524 146 0
524 147 0
523 148 0
523 149 0
523 150 0
522 151 0
522 152 0
522 153 0
522 154 0
521 155 0
521 156 0
521 157 0
520 158 0
519 159 0
519 160 0
518 161 0
517 161 0
516 161 0
515 162 0
514 162 0
513 163 0
512 164 0
511 165 0
511 166 0
510 167 0
509 168 0
509 169 0
508 170 0
508 171 0
507 172 0
506 173 0
506 174 0
505 175 0
504 176 0
504 177 0
503 178 0
503 179 0
502 180 0
502 181 0
501 182 0
501 183 0
500 184 0
499 185 0
499 186 0
499 187 0
498 188 0
498 189 0
498 190 0
498 191 0
498 192 0
498 193 0
498 194 0
498 195 0
498 196 0
498 197 0
497 198 0
497 199 0
497 200 0
497 201 0
497 202 0
496 203 0
496 204 0
495 205 0
494 205 0
493 206 0
492 207 0
491 208 0
490 209 0
489 210 0
489 211 0
488 212 0
488 213 0
488 214 0
487 215 0
487 216 0
486 217 0
486 218 0
486 219 0
485 220 0
485 221 0
484 222 0
484 223 0
483 224 0
483 225 0
482 226 0
482 227 0
482 228 0
481 229 0
481 230 0
481 231 0
480 232 0
480 233 0
480 234 0
479 235 0
479 236 0
479 237 0
478 238 0
478 239 0
478 240 0
478 241 0
478 242 0
478 243 0
477 244 0
477 245 0
477 246 0
477 247 0
477 248 0
477 249 0
477 250 0
477 251 0
477 252 0
477 253 0
477 254 0
477 255 0
478 256 0
477 257 0
477 258 0
477 259 0
477 260 0
476 261 0
476 262 0
476 263 0
476 264 0
476 265 0
475 266 0
475 267 0
474 268 0
474 269 0
474 270 0
473 271 0
473 272 0
473 273 0
473 274 0
473 275 0
473 276 0
472 277 0
472 278 0
472 279 0
472 280 0
472 281 0
471 282 0
471 283 0
471 284 0
471 285 0
471 286 0
471 287 0
470 288 0
470 289 0
470 290 0
470 291 0
469 292 0
469 293 0
469 294 0
468 295 0
468 296 0
468 297 0
468 298 0
468 299 0
468 300 0
468 301 0
468 302 0
468 303 0
468 304 0
467 305 0
467 306 0
467 307 0
467 308 0
467 309 0
467 310 0
467 311 0
467 312 0
466 313 0
466 314 0
466 315 0
466 316 0
466 317 0
466 318 0
465 319 0
465 320 0
465 321 0
465 322 0
465 323 0
465 324 0
465 325 0
465 326 0
465 327 0
465 328 0
465 329 0
464 330 0
464 331 0
464 332 0
464 333 0
464 334 0
464 335 0
463 336 0
463 337 0
463 338 0
462 339 0
462 340 0
462 341 0
462 342 0
462 343 0
462 344 0
462 345 0
462 346 0
462 347 0
462 348 0
461 349 0
461 350 0
461 351 0
461 352 0
460 353 0
460 354 0
460 355 0
460 356 0
460 357 0
460 358 0
459 359 0
459 360 0
459 361 0
458 362 0
458 363 0
458 364 0
457 365 0
457 366 0
457 367 0
456 368 0
456 369 0
456 370 0
455 371 0
455 372 0
455 373 0
454 374 0
454 375 0
454 376 0
453 377 0
453 378 0
453 379 0
452 380 0
452 381 0
451 382 0
451 383 0
450 384 0
450 385 0
449 386 0
449 387 0
449 388 0
449 389 0
448 390 0
447 391 0
447 392 0
447 393 0
446 394 0
446 395 0
445 396 0
444 397 0
444 398 0
443 399 0
442 400 0
441 401 0
440 402 0
440 403 0
439 404 0
438 405 0
438 406 0
437 407 0
436 408 0
435 409 0
435 410 0
434 411 0
433 412 0
432 413 0
431 414 0
430 415 0
429 416 0
428 416 0
427 417 0
426 418 0
425 419 0
424 420 0
423 420 0
422 421 0
421 422 0
420 423 0
419 423 0
418 424 0
417 425 0
416 425 0
415 426 0
414 427 0
413 427 0
412 428 0
411 428 0
410 429 0
409 430 0
408 430 0
407 431 0
406 431 0
405 432 0
404 432 0
403 432 0
