510 175 0
510 174 0
510 173 0
511 173 0
512 172 0
513 171 0
513 170 0
514 169 0
515 168 0
515 167 0
516 166 0
516 165 0
516 164 0
516 163 0
516 162 0
517 161 0
517 160 0
517 159 0
517 158 0
518 157 0
519 156 0
519 155 0
520 154 0
520 153 0
521 152 0
521 151 0
522 150 0
523 149 0
523 148 0
523 147 0
524 146 0
525 145 0
525 144 0
525 143 0
526 142 0
527 141 0
527 140 0
528 139 0
529 138 0
529 137 0
529 136 0
530 135 0
531 134 0
531 133 0
532 132 0
532 131 0
533 130 0
534 129 0
534 128 0
534 127 0
535 126 0
535 125 0
536 124 0
536 123 0
536 122 0
537 121 0
537 120 0
538 119 0
538 118 0
538 117 0
539 116 0
539 115 0
540 114 0
540 113 0
540 112 0
541 111 0
541 110 0
542 109 0
542 108 0
543 107 0
543 106 0
543 105 0
544 104 0
544 103 0
545 102 0
545 101 0
546 100 0
546 99 0
547 98 0
547 97 0
547 96 0
548 95 0
548 94 0
548 93 0
549 92 0
549 91 0
549 92 0
549 93 0
548 94 0
548 95 0
547 96 0
547 97 0
547 98 0
546 99 0
546 100 0
546 101 0
545 102 0
545 103 0
544 104 0
544 105 0
543 106 0
543 107 0
542 108 0
542 109 0
542 110 0
541 111 0
541 112 0
540 113 0
540 114 0
539 115 0
539 116 0
538 117 0
538 118 0
538 119 0
537 120 0
537 121 0
537 122 0
536 123 0
536 124 0
535 125 0
535 126 0
534 127 0
534 128 0
534 129 0
533 130 0
533 131 0
532 132 0
532 133 0
531 134 0
531 135 0
530 136 0
529 137 0
529 138 0
528 139 0
527 140 0
527 141 0
527 142 0
526 143 0
525 144 0
525 145 0
524 146 0
524 147 0
523 148 0
523 149 0
522 150 0
522 151 0
521 152 0
521 153 0
520 154 0
520 155 0
519 156 0
519 157 0
518 158 0
517 159 0
517 160 0
517 161 0
516 162 0
516 163 0
516 164 0
516 165 0
516 166 0
516 167 0
515 168 0
515 169 0
514 170 0
513 171 0
513 172 0
512 173 0
511 173 0
510 174 0
438 380 0
438 379 0
439 378 0
439 377 0
440 376 0
441 375 0
441 374 0
441 373 0
442 372 0
442 371 0
443 370 0
444 369 0
444 368 0
445 367 0
445 366 0
446 365 0
446 364 0
446 363 0
446 362 0
447 361 0
447 360 0
448 359 0
449 358 0
449 357 0
449 356 0
450 355 0
450 354 0
451 353 0
451 352 0
451 353 0
450 354 0
450 355 0
449 356 0
449 357 0
449 358 0
448 359 0
448 360 0
447 361 0
447 362 0
446 363 0
446 364 0
446 365 0
445 366 0
445 367 0
444 368 0
444 369 0
444 370 0
443 371 0
442 372 0
442 373 0
441 374 0
441 375 0
441 376 0
440 377 0
439 378 0
439 379 0
427 397 0
428 396 0
428 395 0
429 394 0
429 393 0
430 392 0
431 391 0
432 390 0
433 389 0
433 388 0
434 387 0
435 386 0
435 385 0
436 384 0
436 383 0
437 382 0
437 383 0
436 384 0
436 385 0
435 386 0
435 387 0
434 388 0
433 389 0
433 390 0
432 391 0
431 392 0
430 393 0
429 394 0
429 395 0
428 396 0
393 430 0
394 431 0
395 431 0
396 431 0
397 430 0
398 430 0
399 429 0
400 429 0
401 428 0
402 427 0
403 427 0
404 426 0
403 425 0
402 424 0
401 425 0
400 426 0
399 426 0
398 427 0
397 427 0
396 428 0
395 429 0
394 429 0
354 438 0
355 438 0
356 438 0
357 438 0
358 437 0
359 437 0
360 437 0
361 437 0
362 437 0
363 437 0
364 437 0
365 437 0
366 437 0
367 437 0
368 437 0
369 437 0
370 437 0
371 437 0
372 437 0
373 437 0
374 436 0
375 436 0
376 436 0
377 436 0
378 436 0
379 436 0
380 436 0
381 436 0
382 435 0
383 435 0
384 435 0
385 435 0
386 435 0
387 434 0
388 434 0
389 434 0
390 433 0
391 433 0
392 432 0
393 432 0
394 431 0
393 430 0
392 430 0
391 430 0
390 430 0
389 431 0
388 431 0
387 432 0
386 432 0
387 432 0
388 431 0
389 431 0
390 430 0
391 430 0
392 430 0
393 430 0
394 429 0
395 428 0
396 428 0
397 427 0
398 427 0
399 426 0
400 425 0
401 425 0
402 424 0
403 423 0
404 422 0
405 421 0
406 420 0
406 419 0
407 418 0
408 417 0
408 416 0
409 415 0
410 414 0
411 413 0
411 412 0
412 411 0
413 410 0
413 409 0
413 408 0
414 407 0
415 406 0
415 405 0
416 404 0
417 403 0
417 402 0
418 401 0
419 400 0
419 399 0
420 398 0
421 397 0
421 396 0
421 395 0
421 394 0
422 393 0
422 392 0
423 391 0
424 390 0
424 389 0
425 388 0
426 387 0
426 386 0
427 385 0
427 384 0
428 383 0
428 382 0
429 381 0
429 380 0
430 379 0
430 378 0
431 377 0
431 376 0
432 375 0
432 374 0
433 373 0
434 372 0
434 371 0
435 370 0
435 369 0
436 368 0
436 367 0
436 366 0
437 365 0
437 364 0
438 363 0
438 362 0
439 361 0
439 360 0
440 359 0
440 358 0
440 357 0
441 356 0
441 355 0
442 354 0
442 353 0
443 352 0
443 351 0
444 350 0
444 349 0
445 348 0
445 347 0
446 346 0
446 345 0
446 344 0
447 343 0
447 342 0
447 341 0
448 340 0
448 339 0
448 338 0
449 337 0
449 336 0
449 335 0
450 334 0
450 333 0
451 332 0
451 331 0
451 330 0
452 329 0
452 328 0
452 327 0
453 326 0
453 325 0
453 324 0
453 323 0
454 322 0
454 321 0
454 320 0
454 319 0
454 318 0
455 317 0
455 316 0
455 315 0
455 314 0
456 313 0
456 312 0
456 311 0
456 310 0
456 309 0
457 308 0
457 307 0
457 306 0
457 305 0
458 304 0
458 303 0
458 302 0
458 301 0
459 300 0
459 299 0
459 298 0
459 297 0
459 296 0
460 295 0
460 294 0
460 293 0
460 292 0
461 291 0
461 290 0
461 289 0
462 288 0
462 287 0
462 286 0
463 285 0
463 284 0
463 283 0
464 282 0
464 281 0
464 280 0
464 279 0
465 278 0
465 277 0
465 276 0
465 275 0
466 274 0
466 273 0
466 272 0
467 271 0
467 270 0
467 269 0
467 268 0
467 267 0
467 266 0
468 265 0
468 264 0
468 263 0
468 262 0
468 261 0
468 260 0
469 259 0
470 258 0
470 257 0
470 256 0
470 255 0
470 254 0
471 253 0
471 252 0
471 251 0
471 250 0
472 249 0
472 248 0
472 247 0
472 246 0
472 245 0
472 244 0
472 243 0
472 242 0
473 241 0
473 240 0
474 239 0
474 238 0
475 237 0
475 236 0
475 235 0
476 234 0
476 233 0
476 232 0
477 231 0
477 230 0
477 229 0
478 228 0
478 227 0
478 226 0
479 225 0
479 224 0
480 223 0
480 222 0
480 221 0
481 220 0
481 219 0
482 218 0
482 217 0
483 216 0
483 215 0
484 214 0
484 213 0
485 213 0
486 213 0
487 213 0
488 212 0
489 212 0
490 211 0
491 211 0
492 211 0
493 210 0
494 209 0
494 208 0
495 207 0
495 206 0
496 205 0
496 204 0
496 203 0
496 202 0
496 201 0
496 200 0
496 199 0
496 198 0
496 197 0
496 196 0
497 195 0
497 194 0
497 193 0
497 192 0
497 191 0
498 190 0
498 189 0
499 188 0
500 187 0
500 186 0
500 185 0
501 184 0
502 183 0
502 182 0
503 181 0
504 180 0
504 179 0
505 178 0
505 177 0
506 176 0
507 176 0
506 177 0
505 178 0
505 179 0
504 180 0
504 181 0
503 182 0
502 183 0
502 184 0
501 185 0
500 186 0
500 187 0
499 188 0
499 189 0
498 190 0
498 191 0
497 192 0
497 193 0
497 194 0
497 195 0
497 196 0
497 197 0
496 198 0
496 199 0
496 200 0
496 201 0
496 202 0
496 203 0
496 204 0
496 205 0
496 206 0
495 207 0
495 208 0
494 209 0
494 210 0
493 211 0
492 211 0
491 211 0
490 212 0
489 212 0
488 212 0
487 213 0
487 214 0
488 215 0
489 215 0
490 215 0
491 214 0
492 214 0
493 214 0
494 214 0
495 213 0
496 212 0
496 211 0
497 210 0
498 209 0
498 208 0
498 207 0
499 206 0
499 205 0
499 204 0
499 203 0
499 202 0
500 201 0
500 200 0
500 199 0
500 198 0
500 197 0
500 196 0
500 195 0
500 194 0
500 193 0
500 192 0
501 191 0
501 190 0
502 189 0
502 188 0
503 187 0
504 186 0
504 185 0
505 184 0
506 183 0
506 182 0
507 181 0
507 180 0
508 179 0
509 178 0
510 177 0
511 177 0
512 176 0
513 175 0
514 174 0
515 173 0
516 172 0
517 171 0
517 170 0
518 169 0
518 168 0
519 167 0
519 166 0
519 165 0
520 164 0
520 163 0
520 162 0
520 161 0
520 160 0
521 159 0
521 158 0
522 157 0
522 156 0
523 155 0
523 154 0
524 153 0
524 152 0
525 151 0
526 150 0
526 149 0
527 148 0
527 147 0
528 146 0
528 145 0
528 144 0
529 143 0
530 142 0
530 141 0
531 140 0
531 139 0
532 138 0
532 137 0
533 136 0
534 135 0
535 134 0
535 133 0
536 132 0
536 131 0
537 130 0
537 129 0
538 128 0
538 127 0
538 126 0
539 125 0
539 124 0
540 123 0
540 122 0
540 121 0
540 120 0
541 119 0
541 118 0
542 117 0
542 116 0
543 115 0
543 114 0
544 113 0
544 112 0
544 111 0
545 110 0
545 109 0
546 108 0
546 107 0
547 106 0
547 105 0
547 104 0
548 103 0
548 102 0
549 101 0
549 100 0
550 99 0
550 98 0
550 97 0
551 96 0
551 95 0
551 94 0
552 93 0
552 92 0
552 93 0
551 94 0
551 95 0
551 96 0
550 97 0
550 98 0
550 99 0
549 100 0
549 101 0
548 102 0
548 103 0
547 104 0
547 105 0
547 106 0
546 107 0
546 108 0
546 109 0
545 110 0
544 111 0
544 112 0
544 113 0
543 114 0
543 115 0
543 116 0
542 117 0
542 118 0
541 119 0
541 120 0
540 121 0
540 122 0
540 123 0
539 124 0
539 125 0
539 126 0
538 127 0
538 128 0
537 129 0
537 130 0
537 131 0
536 132 0
536 133 0
535 134 0
535 135 0
534 136 0
533 137 0
532 138 0
532 139 0
531 140 0
531 141 0
530 142 0
530 143 0
529 144 0
528 145 0
528 146 0
528 147 0
527 148 0
527 149 0
526 150 0
526 151 0
525 152 0
524 153 0
524 154 0
523 155 0
523 156 0
522 157 0
522 158 0
521 159 0
521 160 0
520 161 0
520 162 0
520 163 0
520 164 0
519 165 0
519 166 0
519 167 0
518 168 0
518 169 0
517 170 0
517 171 0
516 172 0
516 173 0
515 174 0
514 175 0
513 176 0
512 176 0
511 177 0
510 178 0
509 179 0
508 180 0
507 181 0
507 182 0
506 183 0
506 184 0
505 185 0
504 186 0
504 187 0
503 188 0
502 189 0
502 190 0
501 191 0
500 192 0
500 193 0
500 194 0
500 195 0
500 196 0
500 197 0
500 198 0
500 199 0
500 200 0
500 201 0
499 202 0
499 203 0
499 204 0
499 205 0
499 206 0
498 207 0
498 208 0
498 209 0
497 210 0
497 211 0
496 212 0
496 213 0
495 214 0
494 214 0
493 214 0
492 214 0
491 214 0
490 215 0
489 215 0
488 215 0
487 215 0
486 216 0
486 217 0
486 218 0
485 219 0
485 220 0
484 221 0
484 222 0
483 223 0
483 224 0
482 225 0
482 226 0
481 227 0
481 228 0
481 229 0
480 230 0
480 231 0
480 232 0
479 233 0
479 234 0
479 235 0
478 236 0
478 237 0
478 238 0
477 239 0
477 240 0
476 241 0
476 242 0
476 243 0
476 244 0
475 245 0
475 246 0
475 247 0
475 248 0
475 249 0
476 250 0
476 251 0
476 252 0
476 253 0
475 254 0
475 255 0
475 256 0
475 257 0
474 258 0
474 259 0
473 260 0
473 261 0
473 262 0
473 263 0
473 262 0
473 261 0
473 260 0
474 259 0
474 258 0
475 257 0
475 256 0
475 255 0
475 254 0
476 253 0
476 252 0
476 251 0
476 250 0
475 249 0
475 248 0
475 247 0
475 246 0
475 245 0
476 244 0
475 243 0
474 243 0
475 243 0
476 242 0
476 241 0
477 240 0
477 239 0
478 238 0
478 237 0
478 236 0
479 235 0
479 234 0
479 233 0
480 232 0
480 231 0
480 230 0
481 229 0
481 228 0
481 227 0
482 226 0
482 225 0
482 224 0
483 223 0
483 222 0
484 221 0
485 220 0
485 219 0
485 218 0
486 217 0
486 216 0
487 215 0
487 214 0
486 213 0
485 213 0
484 214 0
484 215 0
483 216 0
482 217 0
482 218 0
482 219 0
481 220 0
481 221 0
480 222 0
480 223 0
479 224 0
479 225 0
479 226 0
478 227 0
478 228 0
477 229 0
477 230 0
477 231 0
476 232 0
476 233 0
476 234 0
475 235 0
475 236 0
475 237 0
475 238 0
474 239 0
474 240 0
473 241 0
472 242 0
472 243 0
472 244 0
472 245 0
472 246 0
472 247 0
472 248 0
472 249 0
471 250 0
471 251 0
471 252 0
471 253 0
470 254 0
470 255 0
470 256 0
470 257 0
470 258 0
469 259 0
469 260 0
468 261 0
468 262 0
468 263 0
468 264 0
468 265 0
467 266 0
467 267 0
467 268 0
467 269 0
467 270 0
467 271 0
466 272 0
466 273 0
466 274 0
465 275 0
465 276 0
465 277 0
465 278 0
465 279 0
464 280 0
464 281 0
464 282 0
463 283 0
463 284 0
463 285 0
463 286 0
462 287 0
462 288 0
461 289 0
461 290 0
461 291 0
460 292 0
460 293 0
460 294 0
460 295 0
459 296 0
459 297 0
459 298 0
459 299 0
459 300 0
458 301 0
458 302 0
458 303 0
458 304 0
457 305 0
457 306 0
457 307 0
457 308 0
457 309 0
456 310 0
456 311 0
456 312 0
456 313 0
455 314 0
455 315 0
455 316 0
455 317 0
454 318 0
454 319 0
454 320 0
454 321 0
454 322 0
453 323 0
453 324 0
453 325 0
453 326 0
452 327 0
452 328 0
452 329 0
451 330 0
451 331 0
451 332 0
451 333 0
450 334 0
450 335 0
449 336 0
449 337 0
449 338 0
448 339 0
448 340 0
447 341 0
447 342 0
447 343 0
446 344 0
446 345 0
446 346 0
446 347 0
445 348 0
445 349 0
444 350 0
444 351 0
443 352 0
443 353 0
442 354 0
442 355 0
441 356 0
441 357 0
440 358 0
440 359 0
439 360 0
439 361 0
438 362 0
438 363 0
437 364 0
437 365 0
436 366 0
436 367 0
436 368 0
435 369 0
435 370 0
434 371 0
434 372 0
433 373 0
433 374 0
432 375 0
432 376 0
431 377 0
431 378 0
430 379 0
430 380 0
429 381 0
429 382 0
428 383 0
428 384 0
427 385 0
427 386 0
426 387 0
426 388 0
425 389 0
424 390 0
424 391 0
423 392 0
422 393 0
422 394 0
421 395 0
421 396 0
421 397 0
420 398 0
420 399 0
419 400 0
419 401 0
418 402 0
417 403 0
417 404 0
416 405 0
415 406 0
415 407 0
414 408 0
413 409 0
413 410 0
412 411 0
412 412 0
411 413 0
411 414 0
410 415 0
409 416 0
408 417 0
408 418 0
407 419 0
406 420 0
405 421 0
405 422 0
404 423 0
403 423 0
402 424 0
403 425 0
404 426 0
405 425 0
406 424 0
407 423 0
408 422 0
409 421 0
410 420 0
411 419 0
411 418 0
412 417 0
413 416 0
413 415 0
414 414 0
415 413 0
415 412 0
416 411 0
416 410 0
416 409 0
417 408 0
418 407 0
418 406 0
419 405 0
420 404 0
420 403 0
421 402 0
422 401 0
422 400 0
423 399 0
423 398 0
424 397 0
424 396 0
425 395 0
425 394 0
426 393 0
426 392 0
427 391 0
427 390 0
428 389 0
429 388 0
429 387 0
430 386 0
430 385 0
431 384 0
431 383 0
432 382 0
433 381 0
434 380 0
435 379 0
435 378 0
436 377 0
436 376 0
436 375 0
436 374 0
437 373 0
437 372 0
437 371 0
438 370 0
439 369 0
439 368 0
439 367 0
440 366 0
440 365 0
441 364 0
441 363 0
442 362 0
442 361 0
443 360 0
443 359 0
444 358 0
444 357 0
445 356 0
445 355 0
446 354 0
446 353 0
446 352 0
447 351 0
448 350 0
448 349 0
448 348 0
449 347 0
449 346 0
449 345 0
449 344 0
450 343 0
450 342 0
451 341 0
451 340 0
451 339 0
452 338 0
452 337 0
453 336 0
453 335 0
453 334 0
454 333 0
454 332 0
454 331 0
454 330 0
455 329 0
455 328 0
455 327 0
455 326 0
456 325 0
456 324 0
456 323 0
457 322 0
457 321 0
457 320 0
457 319 0
458 318 0
458 317 0
458 316 0
458 315 0
458 314 0
459 313 0
459 312 0
459 311 0
459 310 0
460 309 0
460 308 0
460 307 0
460 306 0
460 305 0
460 304 0
461 303 0
461 302 0
462 301 0
462 300 0
462 299 0
462 298 0
463 297 0
463 296 0
463 295 0
463 294 0
463 293 0
464 292 0
464 291 0
464 290 0
465 289 0
465 288 0
465 287 0
466 286 0
466 285 0
466 284 0
466 283 0
467 282 0
467 281 0
467 280 0
468 279 0
468 278 0
468 277 0
468 276 0
468 275 0
469 274 0
469 273 0
469 272 0
470 271 0
470 270 0
471 269 0
471 268 0
471 267 0
470 266 0
470 265 0
471 264 0
471 263 0
471 264 0
471 265 0
471 266 0
471 267 0
471 268 0
471 269 0
470 270 0
470 271 0
469 272 0
469 273 0
469 274 0
469 275 0
468 276 0
468 277 0
468 278 0
468 279 0
467 280 0
467 281 0
467 282 0
467 283 0
466 284 0
466 285 0
466 286 0
465 287 0
465 288 0
465 289 0
464 290 0
464 291 0
464 292 0
463 293 0
463 294 0
463 295 0
463 296 0
463 297 0
462 298 0
462 299 0
462 300 0
462 301 0
461 302 0
461 303 0
460 304 0
460 305 0
460 306 0
460 307 0
460 308 0
460 309 0
459 310 0
459 311 0
459 312 0
459 313 0
458 314 0
458 315 0
458 316 0
458 317 0
458 318 0
457 319 0
457 320 0
457 321 0
457 322 0
456 323 0
456 324 0
456 325 0
456 326 0
455 327 0
455 328 0
455 329 0
454 330 0
454 331 0
454 332 0
454 333 0
453 334 0
453 335 0
453 336 0
452 337 0
452 338 0
451 339 0
451 340 0
451 341 0
450 342 0
450 343 0
450 344 0
449 345 0
449 346 0
449 347 0
448 348 0
448 349 0
448 350 0
447 351 0
447 352 0
446 353 0
446 354 0
445 355 0
445 356 0
444 357 0
444 358 0
444 359 0
443 360 0
443 361 0
442 362 0
442 363 0
441 364 0
440 365 0
440 366 0
440 367 0
439 368 0
439 369 0
438 370 0
438 371 0
437 372 0
437 373 0
437 374 0
436 375 0
436 376 0
436 377 0
435 378 0
435 379 0
435 380 0
434 381 0
433 382 0
432 383 0
431 384 0
431 385 0
430 386 0
430 387 0
429 388 0
428 389 0
427 390 0
427 391 0
426 392 0
426 393 0
426 394 0
425 395 0
425 396 0
425 397 0
424 398 0
423 399 0
423 400 0
422 401 0
422 402 0
421 403 0
420 404 0
420 405 0
419 406 0
418 407 0
418 408 0
417 409 0
416 410 0
416 411 0
416 412 0
415 413 0
415 414 0
414 415 0
413 416 0
413 417 0
412 418 0
411 419 0
411 420 0
410 421 0
409 422 0
408 423 0
407 424 0
406 425 0
405 426 0
404 427 0
403 427 0
402 428 0
401 429 0
400 429 0
399 430 0
398 430 0
397 430 0
396 431 0
395 431 0
394 432 0
393 432 0
392 432 0
391 433 0
390 433 0
389 434 0
388 434 0
387 435 0
386 435 0
385 435 0
384 435 0
383 435 0
382 435 0
381 436 0
380 436 0
379 436 0
378 436 0
377 436 0
376 436 0
375 436 0
374 436 0
373 437 0
372 437 0
371 437 0
370 437 0
369 437 0
368 437 0
367 437 0
366 437 0
365 437 0
364 437 0
363 437 0
362 437 0
361 437 0
360 437 0
359 437 0
358 437 0
357 438 0
356 438 0
355 438 0
