517 160 0
518 161 0
519 161 0
520 160 0
520 159 0
519 158 0
518 158 0
517 159 0
492 212 0
493 213 0
494 212 0
495 211 0
496 210 0
497 209 0
497 208 0
497 207 0
498 206 0
498 205 0
498 204 0
499 203 0
499 202 0
499 201 0
499 200 0
499 199 0
499 198 0
499 197 0
499 196 0
499 195 0
499 194 0
499 193 0
499 192 0
500 191 0
500 190 0
501 189 0
502 188 0
503 187 0
503 186 0
504 185 0
505 184 0
505 183 0
506 182 0
506 181 0
507 180 0
508 179 0
508 178 0
509 177 0
510 176 0
511 176 0
512 176 0
513 175 0
514 174 0
515 173 0
516 172 0
516 171 0
517 170 0
517 169 0
518 168 0
518 167 0
518 166 0
519 165 0
519 164 0
519 163 0
519 162 0
518 161 0
517 161 0
516 162 0
516 163 0
515 164 0
515 165 0
515 166 0
515 167 0
514 168 0
514 169 0
514 170 0
513 171 0
513 172 0
512 173 0
511 173 0
510 173 0
509 174 0
508 175 0
507 176 0
506 177 0
505 178 0
505 179 0
504 180 0
503 181 0
503 182 0
502 183 0
502 184 0
501 185 0
500 186 0
499 187 0
499 188 0
498 189 0
497 190 0
497 191 0
497 192 0
496 193 0
496 194 0
496 195 0
496 196 0
496 197 0
496 198 0
496 199 0
496 200 0
496 201 0
496 202 0
496 203 0
496 204 0
495 205 0
495 206 0
494 207 0
493 208 0
492 209 0
491 210 0
491 211 0
487 214 0
488 215 0
489 215 0
490 215 0
491 215 0
492 214 0
493 213 0
492 212 0
491 211 0
490 210 0
489 211 0
489 212 0
488 212 0
487 213 0
462 318 0
462 317 0
462 316 0
462 315 0
462 316 0
462 317 0
382 435 0
383 436 0
384 436 0
385 435 0
384 434 0
383 434 0
382 436 0
382 435 0
382 434 0
383 434 0
384 434 0
385 433 0
386 432 0
387 432 0
388 431 0
387 432 0
386 432 0
385 433 0
385 434 0
386 435 0
387 434 0
388 434 0
389 433 0
390 433 0
391 432 0
392 432 0
393 432 0
394 431 0
395 431 0
396 431 0
397 430 0
398 430 0
399 429 0
400 429 0
401 429 0
402 428 0
403 427 0
404 427 0
405 426 0
406 426 0
407 425 0
408 425 0
409 424 0
410 424 0
411 423 0
412 422 0
413 421 0
414 420 0
415 420 0
416 419 0
417 418 0
418 417 0
419 416 0
420 415 0
421 414 0
422 413 0
423 412 0
424 411 0
425 410 0
426 409 0
427 408 0
427 407 0
428 406 0
429 405 0
430 404 0
430 403 0
431 402 0
432 401 0
433 400 0
433 399 0
434 398 0
435 397 0
435 396 0
436 395 0
437 394 0
437 393 0
438 392 0
438 391 0
439 390 0
440 389 0
440 388 0
441 387 0
441 386 0
441 385 0
442 384 0
442 383 0
443 382 0
443 381 0
444 380 0
444 379 0
444 378 0
445 377 0
445 376 0
446 375 0
446 374 0
446 373 0
447 372 0
447 371 0
447 370 0
448 369 0
448 368 0
448 367 0
449 366 0
449 365 0
449 364 0
449 363 0
450 362 0
450 361 0
450 360 0
450 359 0
451 358 0
451 357 0
451 356 0
451 355 0
451 354 0
451 353 0
452 352 0
452 351 0
452 350 0
452 349 0
453 348 0
453 347 0
453 346 0
453 345 0
453 344 0
453 343 0
453 342 0
454 341 0
454 340 0
454 339 0
454 338 0
455 337 0
455 336 0
455 335 0
455 334 0
455 333 0
455 332 0
456 331 0
456 330 0
456 329 0
456 328 0
456 327 0
457 326 0
457 325 0
457 324 0
458 323 0
458 322 0
458 321 0
458 320 0
458 319 0
458 318 0
459 317 0
459 316 0
459 315 0
460 314 0
460 313 0
460 312 0
460 311 0
460 310 0
461 309 0
461 308 0
461 307 0
461 306 0
461 305 0
461 304 0
462 303 0
462 302 0
462 301 0
462 300 0
463 299 0
463 298 0
463 297 0
464 296 0
464 295 0
464 294 0
464 293 0
465 292 0
465 291 0
465 290 0
465 289 0
466 288 0
466 287 0
467 286 0
467 285 0
467 284 0
467 283 0
467 282 0
468 281 0
468 280 0
468 279 0
468 278 0
468 277 0
469 276 0
469 275 0
469 274 0
470 273 0
470 272 0
470 271 0
470 270 0
471 269 0
471 268 0
472 267 0
472 266 0
473 265 0
473 264 0
473 263 0
474 262 0
474 261 0
474 260 0
474 259 0
475 258 0
475 257 0
475 256 0
476 255 0
476 254 0
476 253 0
476 252 0
476 251 0
475 250 0
475 249 0
476 248 0
476 247 0
476 246 0
477 245 0
477 244 0
477 243 0
477 242 0
478 241 0
478 240 0
478 239 0
478 238 0
479 237 0
479 236 0
479 235 0
480 234 0
480 233 0
480 232 0
481 231 0
481 230 0
482 229 0
482 228 0
482 227 0
483 226 0
483 225 0
483 224 0
484 223 0
484 222 0
485 221 0
485 220 0
486 219 0
486 218 0
486 217 0
487 216 0
487 215 0
487 214 0
486 213 0
485 214 0
484 215 0
483 216 0
483 217 0
483 218 0
482 219 0
482 220 0
481 221 0
481 222 0
481 223 0
480 224 0
479 225 0
479 226 0
479 227 0
478 228 0
478 229 0
478 230 0
477 231 0
476 232 0
476 233 0
476 234 0
476 235 0
476 236 0
475 237 0
475 238 0
475 239 0
475 240 0
474 241 0
474 242 0
474 243 0
473 244 0
473 245 0
473 246 0
473 247 0
472 248 0
472 249 0
472 250 0
472 251 0
471 252 0
471 253 0
471 254 0
471 255 0
470 256 0
470 257 0
470 258 0
470 259 0
470 260 0
469 261 0
469 262 0
469 263 0
469 264 0
469 265 0
468 266 0
468 267 0
468 268 0
467 269 0
467 270 0
467 271 0
467 272 0
467 273 0
466 274 0
466 275 0
466 276 0
465 277 0
465 278 0
465 279 0
465 280 0
464 281 0
464 282 0
464 283 0
464 284 0
463 285 0
463 286 0
463 287 0
463 288 0
462 289 0
462 290 0
462 291 0
461 292 0
461 293 0
461 294 0
460 295 0
460 296 0
460 297 0
460 298 0
460 299 0
460 298 0
459 297 0
458 298 0
458 299 0
458 300 0
458 301 0
458 302 0
458 303 0
458 304 0
458 305 0
458 306 0
458 307 0
458 308 0
458 309 0
457 310 0
457 311 0
457 312 0
457 313 0
456 314 0
456 315 0
456 316 0
456 317 0
455 318 0
455 319 0
455 320 0
455 321 0
454 322 0
454 323 0
454 324 0
454 325 0
454 326 0
453 327 0
453 328 0
453 329 0
453 330 0
452 331 0
452 332 0
452 333 0
452 334 0
452 335 0
451 336 0
451 337 0
451 338 0
451 339 0
451 340 0
450 341 0
450 342 0
450 343 0
450 344 0
450 345 0
450 346 0
450 347 0
449 348 0
449 349 0
449 350 0
449 351 0
449 352 0
448 353 0
448 354 0
448 355 0
448 356 0
447 357 0
447 358 0
447 359 0
447 360 0
446 361 0
446 362 0
446 363 0
446 364 0
446 365 0
445 366 0
445 367 0
445 368 0
444 369 0
444 370 0
444 371 0
443 372 0
443 373 0
443 374 0
442 375 0
442 376 0
441 377 0
441 378 0
441 379 0
440 380 0
440 381 0
439 382 0
439 383 0
438 384 0
438 385 0
437 386 0
437 387 0
437 388 0
436 389 0
436 390 0
435 391 0
435 392 0
434 393 0
433 394 0
433 395 0
432 396 0
431 397 0
430 398 0
430 399 0
429 400 0
428 401 0
428 402 0
427 403 0
427 404 0
426 405 0
425 406 0
424 407 0
423 408 0
423 409 0
422 410 0
421 411 0
420 412 0
419 413 0
418 414 0
417 415 0
416 416 0
415 416 0
414 417 0
413 418 0
412 419 0
411 420 0
410 421 0
409 421 0
408 422 0
407 423 0
406 423 0
405 424 0
404 424 0
403 425 0
402 425 0
401 426 0
400 426 0
399 426 0
398 427 0
397 427 0
396 428 0
395 428 0
394 428 0
393 429 0
392 429 0
393 428 0
394 428 0
395 428 0
396 428 0
397 427 0
398 427 0
399 426 0
400 426 0
401 425 0
402 425 0
403 424 0
404 424 0
405 423 0
406 423 0
407 422 0
408 421 0
409 421 0
410 420 0
411 419 0
412 418 0
413 417 0
414 417 0
415 416 0
416 415 0
417 414 0
418 413 0
419 412 0
420 411 0
421 410 0
422 409 0
423 408 0
423 407 0
424 406 0
425 405 0
426 404 0
427 403 0
427 402 0
428 401 0
428 400 0
429 399 0
430 398 0
430 397 0
431 396 0
432 395 0
433 394 0
433 393 0
434 392 0
435 391 0
435 390 0
436 389 0
436 388 0
437 387 0
437 386 0
437 385 0
438 384 0
438 383 0
439 382 0
440 381 0
440 380 0
440 379 0
441 378 0
441 377 0
442 376 0
442 375 0
443 374 0
443 373 0
443 372 0
444 371 0
444 370 0
444 369 0
445 368 0
445 367 0
445 366 0
446 365 0
446 364 0
446 363 0
446 362 0
446 361 0
447 360 0
447 359 0
447 358 0
447 357 0
448 356 0
448 355 0
448 354 0
448 353 0
448 352 0
449 351 0
449 350 0
449 349 0
449 348 0
450 347 0
450 346 0
450 345 0
450 344 0
450 343 0
450 342 0
450 341 0
451 340 0
451 339 0
451 338 0
451 337 0
451 336 0
452 335 0
452 334 0
452 333 0
452 332 0
452 331 0
453 330 0
453 329 0
453 328 0
453 327 0
453 326 0
454 325 0
454 324 0
454 323 0
454 322 0
455 321 0
455 320 0
455 319 0
455 318 0
456 317 0
456 316 0
456 315 0
456 314 0
457 313 0
457 312 0
457 311 0
457 310 0
458 309 0
458 308 0
458 307 0
458 306 0
458 305 0
458 304 0
458 303 0
458 302 0
458 301 0
458 300 0
458 299 0
458 298 0
458 297 0
459 297 0
460 296 0
460 295 0
461 294 0
461 293 0
461 292 0
462 291 0
462 290 0
462 289 0
463 288 0
463 287 0
463 286 0
463 285 0
464 284 0
464 283 0
464 282 0
464 281 0
465 280 0
465 279 0
465 278 0
465 277 0
466 276 0
466 275 0
466 274 0
467 273 0
467 272 0
467 271 0
467 270 0
467 269 0
468 268 0
468 267 0
468 266 0
468 265 0
469 264 0
469 263 0
469 262 0
469 261 0
470 260 0
470 259 0
470 258 0
470 257 0
470 256 0
470 255 0
471 254 0
471 253 0
471 252 0
472 251 0
472 250 0
472 249 0
472 248 0
473 247 0
473 246 0
473 245 0
473 244 0
474 243 0
474 242 0
474 241 0
475 240 0
475 239 0
475 238 0
475 237 0
476 236 0
476 235 0
476 234 0
476 233 0
476 232 0
476 231 0
477 230 0
478 229 0
478 228 0
479 227 0
479 226 0
479 225 0
480 224 0
480 223 0
481 222 0
481 221 0
481 220 0
482 219 0
482 218 0
483 217 0
483 216 0
483 215 0
484 214 0
485 214 0
486 213 0
487 212 0
488 212 0
489 211 0
490 210 0
491 209 0
492 208 0
493 207 0
494 206 0
495 205 0
495 204 0
496 203 0
496 202 0
496 201 0
496 200 0
496 199 0
496 198 0
496 197 0
496 196 0
496 195 0
496 194 0
496 193 0
497 192 0
497 191 0
497 190 0
498 189 0
498 188 0
499 187 0
499 186 0
500 185 0
501 184 0
502 183 0
502 182 0
503 181 0
503 180 0
504 179 0
505 178 0
505 177 0
506 176 0
507 175 0
508 174 0
509 173 0
510 173 0
511 173 0
512 172 0
513 171 0
513 170 0
514 169 0
514 168 0
515 167 0
515 166 0
515 165 0
515 164 0
516 163 0
516 162 0
516 161 0
517 160 0
517 159 0
518 158 0
518 157 0
519 156 0
519 155 0
520 154 0
520 153 0
521 152 0
522 151 0
522 150 0
523 149 0
524 148 0
525 148 0
524 149 0
523 150 0
522 151 0
522 152 0
521 153 0
520 154 0
520 155 0
519 156 0
518 157 0
519 158 0
520 159 0
521 158 0
521 157 0
522 156 0
523 155 0
523 154 0
524 153 0
525 152 0
525 151 0
526 150 0
527 149 0
528 148 0
529 147 0
530 146 0
531 145 0
532 144 0
532 143 0
533 142 0
534 141 0
534 140 0
535 139 0
536 138 0
536 137 0
537 136 0
538 135 0
538 134 0
539 133 0
540 132 0
540 131 0
541 130 0
542 129 0
543 129 0
542 130 0
541 131 0
540 132 0
540 133 0
539 134 0
538 135 0
538 136 0
537 137 0
536 138 0
536 139 0
535 140 0
534 141 0
534 142 0
533 143 0
532 144 0
532 145 0
531 146 0
530 147 0
529 148 0
528 149 0
527 150 0
526 151 0
525 152 0
525 153 0
524 154 0
523 155 0
523 156 0
522 157 0
521 158 0
521 159 0
520 160 0
519 161 0
519 162 0
519 163 0
519 164 0
519 165 0
518 166 0
518 167 0
518 168 0
517 169 0
517 170 0
517 171 0
516 172 0
516 173 0
515 174 0
514 175 0
513 175 0
512 176 0
511 176 0
510 177 0
509 178 0
508 179 0
508 180 0
507 181 0
506 182 0
506 183 0
505 184 0
505 185 0
504 186 0
503 187 0
503 188 0
502 189 0
501 190 0
500 191 0
500 192 0
499 193 0
499 194 0
499 195 0
499 196 0
499 197 0
499 198 0
499 199 0
499 200 0
499 201 0
499 202 0
499 203 0
498 204 0
498 205 0
498 206 0
497 207 0
497 208 0
497 209 0
497 210 0
496 211 0
495 212 0
494 213 0
493 213 0
492 214 0
491 215 0
490 215 0
489 215 0
488 215 0
487 216 0
487 217 0
486 218 0
486 219 0
485 220 0
485 221 0
484 222 0
484 223 0
483 224 0
483 225 0
483 226 0
482 227 0
482 228 0
482 229 0
481 230 0
481 231 0
480 232 0
480 233 0
480 234 0
479 235 0
479 236 0
479 237 0
478 238 0
478 239 0
478 240 0
478 241 0
477 242 0
477 243 0
477 244 0
477 245 0
476 246 0
476 247 0
476 248 0
476 249 0
475 250 0
476 251 0
476 252 0
476 253 0
476 254 0
476 255 0
475 256 0
475 257 0
475 258 0
474 259 0
474 260 0
474 261 0
474 262 0
473 263 0
473 264 0
473 265 0
472 266 0
472 267 0
471 268 0
471 269 0
470 270 0
470 271 0
470 272 0
470 273 0
470 274 0
469 275 0
469 276 0
468 277 0
468 278 0
468 279 0
468 280 0
468 281 0
467 282 0
467 283 0
467 284 0
467 285 0
467 286 0
466 287 0
466 288 0
465 289 0
465 290 0
465 291 0
465 292 0
464 293 0
464 294 0
464 295 0
464 296 0
463 297 0
463 298 0
463 299 0
463 300 0
462 301 0
462 302 0
462 303 0
461 304 0
461 305 0
461 306 0
461 307 0
461 308 0
461 309 0
460 310 0
460 311 0
460 312 0
460 313 0
460 314 0
459 315 0
459 316 0
459 317 0
459 318 0
458 319 0
458 320 0
458 321 0
458 322 0
458 323 0
457 324 0
457 325 0
457 326 0
456 327 0
456 328 0
456 329 0
456 330 0
456 331 0
455 332 0
455 333 0
455 334 0
455 335 0
455 336 0
455 337 0
454 338 0
454 339 0
454 340 0
454 341 0
453 342 0
453 343 0
453 344 0
453 345 0
453 346 0
453 347 0
453 348 0
452 349 0
452 350 0
452 351 0
452 352 0
451 353 0
451 354 0
451 355 0
451 356 0
451 357 0
451 358 0
450 359 0
450 360 0
450 361 0
450 362 0
449 363 0
449 364 0
449 365 0
449 366 0
448 367 0
448 368 0
448 369 0
447 370 0
447 371 0
447 372 0
447 373 0
446 374 0
446 375 0
446 376 0
445 377 0
445 378 0
444 379 0
444 380 0
443 381 0
443 382 0
443 383 0
442 384 0
442 385 0
441 386 0
441 387 0
440 388 0
440 389 0
439 390 0
439 391 0
438 392 0
438 393 0
437 394 0
437 395 0
436 396 0
435 397 0
435 398 0
434 399 0
433 400 0
433 401 0
432 402 0
431 403 0
430 404 0
430 405 0
429 406 0
428 407 0
427 408 0
427 409 0
426 410 0
425 411 0
424 412 0
423 413 0
422 414 0
421 415 0
420 416 0
419 417 0
418 418 0
417 419 0
416 420 0
415 420 0
414 421 0
413 422 0
412 423 0
411 424 0
410 424 0
409 425 0
408 425 0
407 426 0
406 426 0
405 427 0
404 427 0
403 428 0
402 428 0
401 429 0
400 429 0
399 429 0
398 430 0
397 430 0
396 431 0
395 431 0
394 431 0
393 432 0
392 432 0
391 432 0
390 433 0
389 434 0
388 434 0
387 435 0
386 435 0
385 436 0
384 436 0
383 436 0
