496 210 0
497 211 0
498 211 0
499 210 0
499 209 0
500 208 0
501 207 0
501 206 0
501 205 0
501 204 0
502 203 0
502 202 0
502 201 0
502 200 0
502 199 0
502 198 0
502 197 0
502 196 0
502 195 0
502 194 0
502 193 0
503 192 0
503 191 0
503 190 0
504 189 0
504 188 0
504 187 0
505 186 0
506 185 0
506 184 0
506 183 0
507 182 0
508 181 0
508 180 0
509 179 0
509 178 0
510 177 0
510 176 0
511 175 0
512 174 0
512 173 0
513 172 0
514 171 0
514 170 0
515 169 0
514 168 0
513 168 0
512 169 0
511 170 0
511 171 0
510 172 0
510 173 0
509 174 0
508 175 0
507 176 0
507 177 0
506 178 0
506 179 0
505 180 0
505 181 0
504 182 0
504 183 0
503 184 0
503 185 0
502 186 0
501 187 0
501 188 0
501 189 0
500 190 0
500 191 0
499 192 0
499 193 0
499 194 0
499 195 0
499 196 0
499 197 0
499 198 0
499 199 0
499 200 0
499 201 0
499 202 0
499 203 0
498 204 0
498 205 0
498 206 0
498 207 0
497 208 0
497 209 0
496 212 0
497 211 0
496 210 0
496 209 0
497 208 0
497 207 0
498 206 0
498 205 0
498 204 0
499 203 0
499 202 0
499 201 0
499 200 0
499 199 0
499 198 0
499 197 0
499 196 0
499 195 0
499 194 0
499 193 0
499 192 0
499 191 0
500 190 0
500 189 0
501 188 0
501 187 0
501 186 0
502 185 0
503 184 0
503 183 0
504 182 0
504 181 0
505 180 0
505 179 0
506 178 0
507 177 0
507 176 0
507 175 0
508 174 0
509 173 0
510 172 0
510 171 0
511 170 0
511 169 0
512 168 0
513 168 0
514 168 0
515 169 0
515 170 0
514 171 0
514 172 0
513 173 0
512 174 0
512 175 0
511 176 0
510 177 0
510 178 0
509 179 0
509 180 0
508 181 0
508 182 0
507 183 0
506 184 0
506 185 0
505 186 0
505 187 0
504 188 0
504 189 0
503 190 0
503 191 0
503 192 0
502 193 0
502 194 0
502 195 0
502 196 0
502 197 0
502 198 0
502 199 0
502 200 0
502 201 0
502 202 0
502 203 0
501 204 0
501 205 0
501 206 0
501 207 0
500 208 0
500 209 0
499 210 0
499 211 0
498 211 0
497 211 0
488 220 0
489 221 0
490 220 0
490 219 0
490 218 0
491 217 0
491 216 0
492 215 0
492 214 0
493 213 0
493 212 0
492 211 0
491 211 0
490 212 0
490 213 0
489 214 0
488 215 0
488 216 0
488 217 0
487 218 0
487 219 0
486 224 0
487 225 0
488 224 0
489 223 0
489 222 0
489 221 0
488 220 0
487 221 0
486 222 0
485 223 0
486 225 0
485 224 0
485 223 0
486 222 0
486 221 0
487 220 0
487 219 0
487 218 0
488 217 0
488 216 0
488 215 0
489 214 0
489 213 0
490 212 0
490 211 0
491 211 0
492 211 0
493 211 0
493 212 0
493 213 0
493 214 0
492 215 0
492 216 0
491 217 0
491 218 0
490 219 0
490 220 0
489 221 0
489 222 0
489 223 0
489 224 0
488 225 0
487 225 0
402 428 0
403 427 0
404 427 0
405 426 0
406 425 0
407 425 0
408 424 0
409 424 0
410 423 0
411 422 0
412 422 0
413 421 0
414 420 0
415 420 0
416 419 0
417 418 0
418 417 0
419 417 0
420 416 0
421 415 0
422 414 0
423 413 0
424 413 0
425 412 0
426 411 0
427 410 0
428 409 0
429 408 0
430 407 0
430 406 0
431 405 0
432 404 0
433 403 0
434 402 0
434 401 0
435 400 0
436 399 0
437 398 0
437 397 0
438 396 0
439 395 0
439 394 0
440 393 0
440 392 0
441 391 0
441 390 0
442 389 0
442 388 0
443 387 0
444 386 0
444 385 0
444 384 0
445 383 0
445 382 0
446 381 0
447 380 0
447 379 0
447 378 0
448 377 0
449 376 0
449 375 0
449 374 0
450 373 0
450 372 0
450 371 0
451 370 0
451 369 0
451 368 0
452 367 0
452 366 0
452 365 0
452 364 0
453 363 0
453 362 0
453 361 0
453 360 0
454 359 0
454 358 0
454 357 0
454 356 0
454 355 0
454 354 0
455 353 0
455 352 0
455 351 0
456 350 0
456 349 0
456 348 0
456 347 0
457 346 0
457 345 0
457 344 0
457 343 0
457 342 0
458 341 0
458 340 0
458 339 0
458 338 0
459 337 0
459 336 0
459 335 0
459 334 0
459 333 0
460 332 0
460 331 0
460 330 0
460 329 0
460 328 0
460 327 0
461 326 0
461 325 0
461 324 0
461 323 0
461 322 0
461 321 0
461 320 0
462 319 0
462 318 0
462 317 0
462 316 0
462 315 0
463 314 0
463 313 0
463 312 0
463 311 0
463 310 0
464 309 0
464 308 0
464 307 0
464 306 0
464 305 0
464 304 0
465 303 0
465 302 0
465 301 0
465 300 0
465 299 0
465 298 0
465 297 0
466 296 0
466 295 0
466 294 0
466 293 0
466 292 0
467 291 0
467 290 0
467 289 0
467 288 0
468 287 0
468 286 0
468 285 0
469 284 0
469 283 0
469 282 0
469 281 0
469 280 0
470 279 0
470 278 0
470 277 0
470 276 0
470 275 0
471 274 0
471 273 0
471 272 0
471 271 0
470 270 0
470 269 0
469 268 0
469 267 0
469 266 0
469 265 0
469 264 0
470 264 0
469 265 0
469 266 0
469 267 0
469 268 0
470 269 0
471 268 0
472 267 0
472 268 0
471 269 0
470 270 0
471 271 0
471 272 0
471 273 0
471 274 0
470 275 0
470 276 0
470 277 0
470 278 0
470 279 0
469 280 0
469 281 0
469 282 0
469 283 0
469 284 0
468 285 0
468 286 0
468 287 0
467 288 0
467 289 0
467 290 0
467 291 0
466 292 0
466 293 0
466 294 0
466 295 0
466 296 0
465 297 0
465 298 0
465 299 0
465 300 0
465 301 0
465 302 0
465 303 0
464 304 0
464 305 0
464 306 0
464 307 0
464 308 0
464 309 0
463 310 0
463 311 0
463 312 0
463 313 0
463 314 0
462 315 0
462 316 0
462 317 0
462 318 0
462 319 0
461 320 0
461 321 0
461 322 0
461 323 0
461 324 0
461 325 0
461 326 0
460 327 0
460 328 0
460 329 0
460 330 0
460 331 0
460 332 0
459 333 0
459 334 0
459 335 0
459 336 0
459 337 0
458 338 0
458 339 0
458 340 0
458 341 0
457 342 0
457 343 0
457 344 0
457 345 0
457 346 0
456 347 0
456 348 0
456 349 0
456 350 0
455 351 0
455 352 0
455 353 0
455 354 0
454 355 0
454 356 0
454 357 0
454 358 0
454 359 0
453 360 0
453 361 0
453 362 0
453 363 0
452 364 0
452 365 0
452 366 0
452 367 0
451 368 0
451 369 0
451 370 0
450 371 0
450 372 0
450 373 0
449 374 0
449 375 0
449 376 0
448 377 0
448 378 0
447 379 0
447 380 0
446 381 0
446 382 0
445 383 0
445 384 0
444 385 0
444 386 0
443 387 0
443 388 0
442 389 0
442 390 0
441 391 0
441 392 0
440 393 0
440 394 0
439 395 0
439 396 0
438 397 0
437 398 0
437 399 0
436 400 0
435 401 0
434 402 0
434 403 0
433 404 0
432 405 0
431 406 0
430 407 0
430 408 0
429 409 0
428 410 0
427 411 0
426 412 0
425 413 0
424 413 0
423 414 0
422 415 0
421 416 0
420 417 0
419 417 0
418 418 0
417 419 0
416 420 0
415 420 0
414 421 0
413 422 0
412 422 0
411 423 0
410 423 0
409 424 0
408 425 0
407 425 0
406 426 0
405 426 0
404 427 0
403 427 0
390 433 0
391 433 0
392 432 0
393 432 0
394 432 0
395 431 0
396 431 0
397 431 0
398 430 0
397 431 0
396 431 0
395 431 0
394 432 0
393 432 0
392 432 0
391 433 0
390 435 0
391 435 0
392 435 0
393 434 0
394 434 0
395 434 0
396 434 0
397 433 0
398 433 0
399 432 0
400 432 0
401 431 0
402 431 0
403 430 0
404 430 0
405 429 0
406 429 0
407 428 0
408 427 0
409 427 0
410 426 0
411 426 0
412 425 0
413 425 0
414 424 0
415 423 0
416 422 0
417 422 0
418 421 0
419 420 0
420 420 0
421 419 0
422 418 0
423 417 0
424 417 0
425 416 0
426 415 0
427 414 0
428 413 0
429 412 0
430 411 0
431 410 0
432 409 0
433 408 0
434 407 0
435 406 0
436 405 0
437 404 0
438 403 0
439 402 0
439 401 0
440 400 0
440 399 0
441 398 0
441 397 0
442 396 0
443 395 0
443 394 0
444 393 0
444 392 0
445 391 0
445 390 0
446 389 0
447 388 0
447 387 0
448 386 0
448 385 0
449 384 0
449 383 0
449 382 0
450 381 0
451 380 0
451 379 0
451 378 0
452 377 0
452 376 0
452 375 0
452 374 0
453 373 0
453 372 0
454 371 0
454 370 0
454 369 0
454 368 0
455 367 0
455 366 0
456 365 0
456 364 0
456 363 0
456 362 0
456 361 0
457 360 0
457 359 0
457 358 0
457 357 0
457 356 0
458 355 0
458 354 0
458 353 0
458 352 0
458 351 0
459 350 0
459 349 0
459 348 0
459 347 0
460 346 0
460 345 0
460 344 0
460 343 0
461 342 0
461 341 0
461 340 0
461 339 0
462 338 0
462 337 0
462 336 0
462 335 0
462 334 0
462 333 0
462 332 0
463 331 0
463 330 0
463 329 0
463 328 0
464 327 0
464 326 0
464 325 0
464 324 0
464 323 0
464 322 0
464 321 0
464 320 0
465 319 0
465 318 0
465 317 0
465 316 0
465 315 0
466 314 0
466 313 0
466 312 0
466 311 0
466 310 0
467 309 0
467 308 0
467 307 0
467 306 0
467 305 0
467 304 0
468 303 0
468 302 0
468 301 0
468 300 0
468 299 0
468 298 0
469 297 0
469 296 0
469 295 0
469 294 0
469 293 0
470 292 0
470 291 0
470 290 0
470 289 0
471 288 0
471 287 0
471 286 0
472 285 0
472 284 0
472 283 0
472 282 0
472 281 0
472 280 0
473 279 0
473 278 0
473 277 0
473 276 0
474 275 0
474 274 0
474 273 0
475 272 0
474 271 0
475 270 0
475 269 0
476 268 0
476 267 0
477 266 0
477 265 0
477 264 0
478 263 0
478 262 0
478 261 0
479 260 0
479 259 0
479 258 0
479 257 0
479 256 0
479 255 0
479 254 0
479 253 0
479 252 0
479 251 0
479 250 0
479 249 0
479 248 0
480 247 0
480 246 0
480 245 0
480 244 0
480 243 0
481 242 0
481 241 0
482 240 0
482 239 0
482 238 0
482 237 0
483 236 0
483 235 0
484 234 0
484 233 0
484 232 0
483 231 0
482 232 0
481 233 0
480 234 0
480 235 0
479 236 0
479 237 0
479 238 0
479 239 0
478 240 0
478 241 0
478 242 0
477 243 0
477 244 0
477 245 0
476 246 0
476 247 0
476 248 0
476 249 0
475 250 0
475 251 0
475 252 0
475 253 0
475 254 0
474 255 0
474 256 0
474 257 0
474 258 0
474 259 0
474 260 0
474 261 0
474 262 0
473 263 0
473 264 0
473 265 0
473 264 0
473 263 0
474 262 0
474 261 0
474 260 0
474 259 0
474 258 0
474 257 0
474 256 0
474 255 0
475 254 0
475 253 0
475 252 0
475 251 0
475 250 0
476 249 0
476 248 0
476 247 0
476 246 0
477 245 0
477 244 0
477 243 0
478 242 0
478 241 0
478 240 0
478 239 0
479 238 0
479 237 0
479 236 0
480 235 0
480 234 0
480 233 0
481 232 0
482 232 0
483 231 0
484 232 0
485 232 0
486 231 0
486 230 0
486 231 0
485 232 0
484 233 0
484 234 0
484 235 0
483 236 0
483 237 0
482 238 0
482 239 0
482 240 0
481 241 0
481 242 0
480 243 0
480 244 0
480 245 0
480 246 0
480 247 0
479 248 0
479 249 0
479 250 0
479 251 0
479 252 0
479 253 0
479 254 0
479 255 0
479 256 0
479 257 0
479 258 0
479 259 0
479 260 0
478 261 0
478 262 0
478 263 0
477 264 0
477 265 0
477 266 0
476 267 0
476 268 0
475 269 0
475 270 0
474 271 0
475 272 0
474 273 0
474 274 0
474 275 0
473 276 0
473 277 0
473 278 0
473 279 0
472 280 0
472 281 0
472 282 0
472 283 0
472 284 0
472 285 0
471 286 0
471 287 0
471 288 0
470 289 0
470 290 0
470 291 0
470 292 0
469 293 0
469 294 0
469 295 0
469 296 0
469 297 0
468 298 0
468 299 0
468 300 0
468 301 0
468 302 0
468 303 0
467 304 0
467 305 0
467 306 0
467 307 0
467 308 0
467 309 0
466 310 0
466 311 0
466 312 0
466 313 0
466 314 0
465 315 0
465 316 0
465 317 0
465 318 0
465 319 0
464 320 0
464 321 0
464 322 0
464 323 0
464 324 0
464 325 0
464 326 0
464 327 0
463 328 0
463 329 0
463 330 0
463 331 0
462 332 0
462 333 0
462 334 0
462 335 0
462 336 0
462 337 0
462 338 0
461 339 0
461 340 0
461 341 0
461 342 0
460 343 0
460 344 0
460 345 0
460 346 0
459 347 0
459 348 0
459 349 0
459 350 0
459 351 0
458 352 0
458 353 0
458 354 0
458 355 0
457 356 0
457 357 0
457 358 0
457 359 0
457 360 0
456 361 0
456 362 0
456 363 0
456 364 0
456 365 0
455 366 0
455 367 0
455 368 0
454 369 0
454 370 0
454 371 0
453 372 0
453 373 0
453 374 0
452 375 0
452 376 0
452 377 0
452 378 0
451 379 0
451 380 0
450 381 0
450 382 0
449 383 0
449 384 0
449 385 0
448 386 0
448 387 0
447 388 0
447 389 0
446 390 0
445 391 0
444 392 0
445 393 0
444 394 0
443 395 0
443 396 0
442 397 0
441 398 0
441 399 0
440 400 0
440 401 0
439 402 0
439 403 0
438 404 0
437 405 0
436 406 0
435 407 0
434 408 0
433 409 0
432 410 0
431 411 0
430 412 0
429 413 0
428 414 0
427 415 0
426 416 0
425 417 0
424 417 0
423 418 0
422 419 0
421 420 0
420 420 0
419 421 0
418 422 0
417 422 0
416 423 0
415 424 0
414 424 0
413 425 0
412 426 0
411 426 0
410 427 0
409 427 0
408 428 0
407 428 0
406 429 0
405 430 0
404 430 0
403 431 0
402 431 0
401 432 0
400 432 0
399 433 0
398 433 0
397 433 0
396 434 0
395 434 0
394 434 0
393 435 0
392 435 0
391 435 0
