516 158 0
517 157 0
518 156 0
519 155 0
519 154 0
520 153 0
520 152 0
520 151 0
520 150 0
520 149 0
520 148 0
521 147 0
521 146 0
521 145 0
521 144 0
521 143 0
521 142 0
522 141 0
522 140 0
522 139 0
523 138 0
523 137 0
524 136 0
525 135 0
525 134 0
526 133 0
526 132 0
527 131 0
528 130 0
529 129 0
529 128 0
530 127 0
530 126 0
531 125 0
531 124 0
532 123 0
533 122 0
533 121 0
534 120 0
534 119 0
535 118 0
536 117 0
536 116 0
537 115 0
537 114 0
538 113 0
538 112 0
539 111 0
539 110 0
540 109 0
540 108 0
540 107 0
541 106 0
541 105 0
542 104 0
543 103 0
543 102 0
544 101 0
544 102 0
543 103 0
543 104 0
542 105 0
541 106 0
540 107 0
540 108 0
540 109 0
539 110 0
539 111 0
539 112 0
538 113 0
538 114 0
537 115 0
537 116 0
536 117 0
535 118 0
535 119 0
534 120 0
534 121 0
533 122 0
533 123 0
532 124 0
531 125 0
531 126 0
530 127 0
529 128 0
529 129 0
529 130 0
528 131 0
527 132 0
526 133 0
526 134 0
525 135 0
525 136 0
524 137 0
523 138 0
523 139 0
522 140 0
522 141 0
521 142 0
521 143 0
521 144 0
521 145 0
521 146 0
521 147 0
520 148 0
520 149 0
520 150 0
520 151 0
520 152 0
520 153 0
519 154 0
519 155 0
519 156 0
518 157 0
517 158 0
516 162 0
517 161 0
518 160 0
519 159 0
520 158 0
521 157 0
522 156 0
522 155 0
522 154 0
523 153 0
523 152 0
523 151 0
523 150 0
523 149 0
524 148 0
524 147 0
524 146 0
524 145 0
524 144 0
525 143 0
525 142 0
525 141 0
525 140 0
526 139 0
527 138 0
527 137 0
528 136 0
528 135 0
529 134 0
529 133 0
530 132 0
531 131 0
531 130 0
532 129 0
533 128 0
534 127 0
534 126 0
535 125 0
535 124 0
536 123 0
536 122 0
537 121 0
538 120 0
538 119 0
539 118 0
539 117 0
540 116 0
540 115 0
541 114 0
541 113 0
542 112 0
542 111 0
543 110 0
543 109 0
543 108 0
544 107 0
544 106 0
545 105 0
546 104 0
546 103 0
547 102 0
547 101 0
548 100 0
548 99 0
549 98 0
549 97 0
550 96 0
550 95 0
550 94 0
551 93 0
550 94 0
550 95 0
550 96 0
549 97 0
549 98 0
548 99 0
548 100 0
547 101 0
547 102 0
546 103 0
546 104 0
545 105 0
544 106 0
544 107 0
544 108 0
543 109 0
543 110 0
543 111 0
542 112 0
542 113 0
541 114 0
541 115 0
540 116 0
539 117 0
539 118 0
539 119 0
538 120 0
538 121 0
537 122 0
536 123 0
536 124 0
535 125 0
535 126 0
534 127 0
534 128 0
533 129 0
532 130 0
531 131 0
531 132 0
530 133 0
529 134 0
529 135 0
528 136 0
527 137 0
527 138 0
527 139 0
526 140 0
525 141 0
525 142 0
525 143 0
524 144 0
524 145 0
524 146 0
524 147 0
524 148 0
523 149 0
523 150 0
523 151 0
523 152 0
523 153 0
522 154 0
522 155 0
522 156 0
522 157 0
521 158 0
520 159 0
519 160 0
518 161 0
517 161 0
421 419 0
422 420 0
423 419 0
424 418 0
425 417 0
426 416 0
427 415 0
428 414 0
429 413 0
430 412 0
431 411 0
432 410 0
433 409 0
434 408 0
435 407 0
435 406 0
436 405 0
437 404 0
438 404 0
439 403 0
440 402 0
440 401 0
440 400 0
440 399 0
441 398 0
442 397 0
442 396 0
443 395 0
444 394 0
444 393 0
444 392 0
445 391 0
446 390 0
446 389 0
446 388 0
447 387 0
448 386 0
448 385 0
448 384 0
449 383 0
449 382 0
450 381 0
450 380 0
451 379 0
451 378 0
452 377 0
452 376 0
452 375 0
453 374 0
453 373 0
453 372 0
454 371 0
454 370 0
454 369 0
455 368 0
455 367 0
456 366 0
456 365 0
456 364 0
457 363 0
457 362 0
458 361 0
458 360 0
458 359 0
459 358 0
459 357 0
459 356 0
460 355 0
460 354 0
460 353 0
460 352 0
460 351 0
460 350 0
461 349 0
461 348 0
461 347 0
461 346 0
462 345 0
462 344 0
462 343 0
462 342 0
463 341 0
463 340 0
463 339 0
463 338 0
463 337 0
463 336 0
463 335 0
463 334 0
464 333 0
464 332 0
464 331 0
464 330 0
464 329 0
465 328 0
465 327 0
465 326 0
465 325 0
465 324 0
465 323 0
465 322 0
465 321 0
466 320 0
466 319 0
466 318 0
466 317 0
466 316 0
466 315 0
466 314 0
466 313 0
466 312 0
466 311 0
467 310 0
467 309 0
467 308 0
467 307 0
467 306 0
467 305 0
468 304 0
468 303 0
468 302 0
468 301 0
468 300 0
468 299 0
468 298 0
468 297 0
469 296 0
469 295 0
469 294 0
469 293 0
469 292 0
470 291 0
470 290 0
470 289 0
470 288 0
470 287 0
470 286 0
471 285 0
471 284 0
471 283 0
471 282 0
472 281 0
472 280 0
472 279 0
472 278 0
472 277 0
472 276 0
472 275 0
473 274 0
473 273 0
473 272 0
473 271 0
473 270 0
474 269 0
474 268 0
474 267 0
474 266 0
475 265 0
475 264 0
476 263 0
476 262 0
477 261 0
477 260 0
477 259 0
477 258 0
477 257 0
477 256 0
477 255 0
476 254 0
476 253 0
476 252 0
476 251 0
476 250 0
477 249 0
477 248 0
477 247 0
477 246 0
477 245 0
477 244 0
478 243 0
478 242 0
478 241 0
478 240 0
478 239 0
479 238 0
479 237 0
479 236 0
479 235 0
480 234 0
480 233 0
480 232 0
480 231 0
481 230 0
481 229 0
482 228 0
482 227 0
482 226 0
483 225 0
483 224 0
484 223 0
484 222 0
484 221 0
485 220 0
485 219 0
486 218 0
486 217 0
487 216 0
487 215 0
488 214 0
488 213 0
488 212 0
489 211 0
489 210 0
489 209 0
490 208 0
490 207 0
491 206 0
492 205 0
493 205 0
494 204 0
494 203 0
495 202 0
496 201 0
496 200 0
497 199 0
497 198 0
497 197 0
497 196 0
498 195 0
498 194 0
498 193 0
498 192 0
498 191 0
498 190 0
498 189 0
498 188 0
498 187 0
499 186 0
500 185 0
500 184 0
500 183 0
500 182 0
501 181 0
501 180 0
502 179 0
502 178 0
503 177 0
504 176 0
504 175 0
505 174 0
505 173 0
506 172 0
507 171 0
508 170 0
508 169 0
509 168 0
509 167 0
510 166 0
510 165 0
511 164 0
511 163 0
511 162 0
510 161 0
509 162 0
508 163 0
508 164 0
507 165 0
507 166 0
506 167 0
506 168 0
505 169 0
505 170 0
504 171 0
503 172 0
503 173 0
502 174 0
501 175 0
501 176 0
500 177 0
499 178 0
499 179 0
498 180 0
497 181 0
497 182 0
497 183 0
497 184 0
496 185 0
496 186 0
495 187 0
495 188 0
495 189 0
495 190 0
495 191 0
495 192 0
495 193 0
495 194 0
495 195 0
494 196 0
494 197 0
494 198 0
494 199 0
493 200 0
493 201 0
492 202 0
491 203 0
490 204 0
489 205 0
488 206 0
487 207 0
487 208 0
486 209 0
486 210 0
486 211 0
485 212 0
485 213 0
484 214 0
484 215 0
484 216 0
483 217 0
483 218 0
482 219 0
482 220 0
481 221 0
481 222 0
480 223 0
480 224 0
479 225 0
479 226 0
479 227 0
478 228 0
478 229 0
477 230 0
477 231 0
477 232 0
476 233 0
476 234 0
476 235 0
476 236 0
475 237 0
475 238 0
475 239 0
475 240 0
475 241 0
475 242 0
475 243 0
474 244 0
474 245 0
474 246 0
474 247 0
474 248 0
473 249 0
473 250 0
473 251 0
473 252 0
473 253 0
473 254 0
472 255 0
472 256 0
472 257 0
472 258 0
472 259 0
472 260 0
472 261 0
472 262 0
471 263 0
471 264 0
471 265 0
471 266 0
471 267 0
470 268 0
470 269 0
470 270 0
470 271 0
470 272 0
469 273 0
469 274 0
469 275 0
469 276 0
468 277 0
468 278 0
468 279 0
468 280 0
468 281 0
468 282 0
468 283 0
468 284 0
467 285 0
467 286 0
467 287 0
467 288 0
467 289 0
467 290 0
467 291 0
466 292 0
466 293 0
466 294 0
466 295 0
465 296 0
465 297 0
465 298 0
465 299 0
465 300 0
465 301 0
465 302 0
465 303 0
464 304 0
464 305 0
464 306 0
464 307 0
464 308 0
464 309 0
464 310 0
463 311 0
463 312 0
463 313 0
463 314 0
463 315 0
463 316 0
463 317 0
463 318 0
463 319 0
463 320 0
462 321 0
462 322 0
462 323 0
462 324 0
462 325 0
462 326 0
462 327 0
461 328 0
461 329 0
461 330 0
461 331 0
461 332 0
461 333 0
461 334 0
460 335 0
460 336 0
460 337 0
460 338 0
460 339 0
459 340 0
459 341 0
459 342 0
459 343 0
459 344 0
459 345 0
458 346 0
458 347 0
458 348 0
458 349 0
458 350 0
457 351 0
457 352 0
457 353 0
457 354 0
456 355 0
456 356 0
456 357 0
455 358 0
455 359 0
455 360 0
454 361 0
454 362 0
453 363 0
453 364 0
452 365 0
452 366 0
452 367 0
451 368 0
451 369 0
451 370 0
451 371 0
450 372 0
450 373 0
449 374 0
449 375 0
448 376 0
448 377 0
447 378 0
447 379 0
447 380 0
446 381 0
446 382 0
445 383 0
445 384 0
444 385 0
444 386 0
443 387 0
443 388 0
443 389 0
442 390 0
442 391 0
441 392 0
441 393 0
440 394 0
440 395 0
439 396 0
438 397 0
438 398 0
437 399 0
436 400 0
435 401 0
434 402 0
434 403 0
433 404 0
433 405 0
432 406 0
431 407 0
431 408 0
430 409 0
429 410 0
428 411 0
427 412 0
426 413 0
425 413 0
424 414 0
423 415 0
422 416 0
421 417 0
420 418 0
406 428 0
407 429 0
408 429 0
409 428 0
410 428 0
411 427 0
412 427 0
413 426 0
414 425 0
415 425 0
416 424 0
417 424 0
418 423 0
419 422 0
420 421 0
421 421 0
422 420 0
421 419 0
420 418 0
419 419 0
418 420 0
417 420 0
416 421 0
415 422 0
414 422 0
413 423 0
412 424 0
411 424 0
410 425 0
409 425 0
408 426 0
407 427 0
403 430 0
404 431 0
405 431 0
406 430 0
407 429 0
406 428 0
405 428 0
404 428 0
403 429 0
389 434 0
390 434 0
391 434 0
392 434 0
393 433 0
394 433 0
395 433 0
396 433 0
397 432 0
398 432 0
399 432 0
400 432 0
401 431 0
402 431 0
403 430 0
402 429 0
403 429 0
404 428 0
405 428 0
406 428 0
407 427 0
407 426 0
408 426 0
409 425 0
410 424 0
411 424 0
412 423 0
413 423 0
414 422 0
415 421 0
416 420 0
417 420 0
418 419 0
419 418 0
420 417 0
421 416 0
422 415 0
423 414 0
424 413 0
425 413 0
426 412 0
427 411 0
428 410 0
429 409 0
430 408 0
431 407 0
431 406 0
432 405 0
433 404 0
433 403 0
434 402 0
434 401 0
435 400 0
436 399 0
437 398 0
438 397 0
438 396 0
439 395 0
440 394 0
440 393 0
441 392 0
442 391 0
442 390 0
442 389 0
443 388 0
443 387 0
444 386 0
444 385 0
445 384 0
445 383 0
445 382 0
446 381 0
447 380 0
447 379 0
447 378 0
447 377 0
448 376 0
449 375 0
449 374 0
449 373 0
450 372 0
451 371 0
451 370 0
451 369 0
451 368 0
452 367 0
452 366 0
452 365 0
452 364 0
453 363 0
453 362 0
454 361 0
454 360 0
455 359 0
455 358 0
456 357 0
456 356 0
456 355 0
456 354 0
457 353 0
457 352 0
457 351 0
458 350 0
458 349 0
458 348 0
458 347 0
458 346 0
458 345 0
459 344 0
459 343 0
459 342 0
459 341 0
459 340 0
460 339 0
460 338 0
460 337 0
460 336 0
460 335 0
460 334 0
461 333 0
461 332 0
461 331 0
461 330 0
461 329 0
461 328 0
462 327 0
462 326 0
462 325 0
462 324 0
462 323 0
462 322 0
462 321 0
463 320 0
463 319 0
463 318 0
463 317 0
463 316 0
463 315 0
463 314 0
463 313 0
463 312 0
463 311 0
464 310 0
464 309 0
464 308 0
464 307 0
464 306 0
464 305 0
464 304 0
465 303 0
465 302 0
465 301 0
465 300 0
465 299 0
465 298 0
465 297 0
465 296 0
466 295 0
466 294 0
466 293 0
466 292 0
467 291 0
467 290 0
467 289 0
467 288 0
467 287 0
467 286 0
467 285 0
468 284 0
468 283 0
468 282 0
468 281 0
468 280 0
468 279 0
468 278 0
468 277 0
469 276 0
469 275 0
469 274 0
469 273 0
470 272 0
470 271 0
470 270 0
470 269 0
470 268 0
471 267 0
471 266 0
471 265 0
471 264 0
471 263 0
472 262 0
472 261 0
472 260 0
472 259 0
472 258 0
472 257 0
472 256 0
472 255 0
473 254 0
473 253 0
473 252 0
473 251 0
473 250 0
473 249 0
474 248 0
474 247 0
474 246 0
474 245 0
474 244 0
474 243 0
475 242 0
475 241 0
475 240 0
475 239 0
475 238 0
475 237 0
476 236 0
476 235 0
476 234 0
476 233 0
477 232 0
477 231 0
477 230 0
478 229 0
478 228 0
479 227 0
479 226 0
479 225 0
479 224 0
480 223 0
480 222 0
481 221 0
481 220 0
482 219 0
483 218 0
483 217 0
483 216 0
484 215 0
484 214 0
485 213 0
485 212 0
485 211 0
486 210 0
486 209 0
487 208 0
487 207 0
487 206 0
488 205 0
489 204 0
490 203 0
491 202 0
492 201 0
493 200 0
493 199 0
494 198 0
494 197 0
494 196 0
495 195 0
495 194 0
495 193 0
495 192 0
495 191 0
495 190 0
495 189 0
495 188 0
495 187 0
495 186 0
496 185 0
497 184 0
497 183 0
497 182 0
497 181 0
498 180 0
498 179 0
499 178 0
499 177 0
500 176 0
501 175 0
501 174 0
502 174 0
503 173 0
503 172 0
503 171 0
504 170 0
505 169 0
505 168 0
506 167 0
506 166 0
507 165 0
507 164 0
508 163 0
508 162 0
509 161 0
510 161 0
511 161 0
512 162 0
512 163 0
511 164 0
511 165 0
510 166 0
510 167 0
509 168 0
509 169 0
508 170 0
507 171 0
507 172 0
506 173 0
505 174 0
505 175 0
504 176 0
504 177 0
503 178 0
502 179 0
502 180 0
501 181 0
501 182 0
500 183 0
500 184 0
500 185 0
499 186 0
499 187 0
498 188 0
498 189 0
498 190 0
498 191 0
498 192 0
498 193 0
498 194 0
498 195 0
497 196 0
497 197 0
497 198 0
497 199 0
496 200 0
496 201 0
496 202 0
495 203 0
494 204 0
493 205 0
492 206 0
491 207 0
490 208 0
490 209 0
489 210 0
489 211 0
488 212 0
488 213 0
488 214 0
487 215 0
487 216 0
486 217 0
486 218 0
486 219 0
485 220 0
485 221 0
484 222 0
484 223 0
484 224 0
483 225 0
483 226 0
482 227 0
482 228 0
481 229 0
481 230 0
480 231 0
480 232 0
480 233 0
480 234 0
479 235 0
479 236 0
479 237 0
479 238 0
478 239 0
478 240 0
478 241 0
478 242 0
478 243 0
477 244 0
477 245 0
477 246 0
477 247 0
477 248 0
477 249 0
476 250 0
476 251 0
476 252 0
476 253 0
476 254 0
477 255 0
477 256 0
477 257 0
477 258 0
477 259 0
477 260 0
477 261 0
476 262 0
476 263 0
475 264 0
475 265 0
474 266 0
474 267 0
474 268 0
474 269 0
473 270 0
473 271 0
473 272 0
473 273 0
473 274 0
472 275 0
472 276 0
472 277 0
472 278 0
472 279 0
472 280 0
472 281 0
471 282 0
471 283 0
471 284 0
471 285 0
470 286 0
470 287 0
470 288 0
470 289 0
470 290 0
470 291 0
469 292 0
469 293 0
469 294 0
469 295 0
469 296 0
468 297 0
468 298 0
468 299 0
468 300 0
468 301 0
468 302 0
468 303 0
468 304 0
467 305 0
467 306 0
467 307 0
467 308 0
467 309 0
467 310 0
466 311 0
466 312 0
466 313 0
466 314 0
466 315 0
466 316 0
466 317 0
466 318 0
466 319 0
466 320 0
465 321 0
465 322 0
465 323 0
465 324 0
465 325 0
465 326 0
465 327 0
465 328 0
464 329 0
464 330 0
464 331 0
464 332 0
464 333 0
463 334 0
463 335 0
463 336 0
463 337 0
463 338 0
463 339 0
463 340 0
463 341 0
462 342 0
462 343 0
462 344 0
462 345 0
461 346 0
461 347 0
461 348 0
461 349 0
461 350 0
460 351 0
460 352 0
460 353 0
460 354 0
460 355 0
459 356 0
459 357 0
459 358 0
458 359 0
458 360 0
458 361 0
457 362 0
457 363 0
456 364 0
456 365 0
456 366 0
455 367 0
455 368 0
454 369 0
454 370 0
454 371 0
453 372 0
453 373 0
453 374 0
453 375 0
452 376 0
452 377 0
451 378 0
451 379 0
451 380 0
450 381 0
450 382 0
449 383 0
449 384 0
448 385 0
448 386 0
448 387 0
447 388 0
446 389 0
446 390 0
445 391 0
445 392 0
444 393 0
444 394 0
444 395 0
443 396 0
442 397 0
442 398 0
441 399 0
440 400 0
440 401 0
440 402 0
440 403 0
439 404 0
438 404 0
437 405 0
436 406 0
435 407 0
435 408 0
434 409 0
433 410 0
432 411 0
431 412 0
430 413 0
429 414 0
428 415 0
427 416 0
426 417 0
425 418 0
424 419 0
423 420 0
422 421 0
421 421 0
420 422 0
419 423 0
418 424 0
417 424 0
416 425 0
415 425 0
414 426 0
413 427 0
412 427 0
411 428 0
410 428 0
409 429 0
408 429 0
407 430 0
406 431 0
405 431 0
404 431 0
403 431 0
402 432 0
401 432 0
400 432 0
399 432 0
398 432 0
397 432 0
396 433 0
395 433 0
394 433 0
393 433 0
392 434 0
391 434 0
390 434 0
