547 95 0
548 96 0
549 95 0
548 94 0
548 96 0
547 95 0
548 94 0
549 94 0
550 93 0
551 92 0
552 91 0
553 90 0
554 89 0
555 88 0
556 87 0
556 86 0
557 85 0
558 84 0
559 83 0
559 82 0
559 83 0
558 84 0
558 85 0
557 86 0
556 87 0
556 88 0
555 89 0
554 90 0
553 91 0
552 92 0
551 93 0
550 94 0
549 95 0
544 97 0
544 96 0
544 95 0
545 94 0
545 93 0
546 92 0
547 92 0
548 91 0
549 90 0
550 89 0
551 88 0
552 87 0
553 86 0
554 85 0
554 84 0
555 83 0
555 82 0
556 81 0
557 80 0
556 81 0
556 82 0
555 83 0
555 84 0
554 85 0
554 86 0
553 87 0
552 88 0
551 89 0
550 90 0
549 91 0
548 92 0
547 92 0
546 93 0
545 94 0
544 95 0
544 96 0
545 97 0
525 148 0
525 147 0
526 146 0
526 145 0
527 144 0
527 143 0
528 142 0
529 141 0
530 140 0
530 139 0
531 138 0
531 137 0
532 136 0
532 135 0
533 134 0
534 133 0
535 132 0
534 133 0
534 134 0
533 135 0
532 136 0
532 137 0
531 138 0
531 139 0
530 140 0
530 141 0
529 142 0
528 143 0
527 144 0
527 145 0
526 146 0
525 147 0
512 172 0
513 171 0
514 170 0
514 169 0
514 168 0
515 167 0
515 166 0
515 165 0
515 164 0
515 163 0
516 162 0
516 161 0
516 160 0
517 159 0
517 158 0
518 157 0
519 156 0
519 155 0
520 154 0
521 153 0
521 152 0
521 153 0
521 154 0
520 155 0
519 156 0
519 157 0
518 158 0
517 159 0
517 160 0
516 161 0
516 162 0
515 163 0
515 164 0
515 165 0
515 166 0
515 167 0
514 168 0
514 169 0
514 170 0
513 171 0
513 172 0
515 173 0
515 172 0
516 171 0
517 170 0
517 169 0
517 168 0
518 167 0
518 166 0
518 165 0
518 164 0
518 163 0
519 162 0
519 161 0
520 160 0
520 159 0
521 158 0
522 157 0
523 156 0
523 155 0
524 154 0
524 153 0
525 152 0
526 151 0
526 150 0
527 149 0
528 148 0
529 147 0
529 146 0
530 145 0
531 144 0
532 143 0
532 142 0
533 141 0
533 140 0
534 139 0
535 138 0
535 137 0
536 136 0
536 135 0
537 134 0
538 133 0
539 132 0
539 131 0
540 130 0
540 129 0
540 128 0
541 127 0
541 126 0
542 125 0
542 124 0
543 123 0
543 122 0
544 121 0
544 120 0
544 119 0
545 118 0
545 117 0
545 118 0
544 119 0
544 120 0
544 121 0
543 122 0
543 123 0
542 124 0
542 125 0
542 126 0
541 127 0
541 128 0
540 129 0
540 130 0
540 131 0
539 132 0
538 133 0
538 134 0
537 135 0
536 136 0
535 137 0
535 138 0
534 139 0
534 140 0
533 141 0
533 142 0
532 143 0
532 144 0
531 145 0
530 146 0
529 147 0
529 148 0
528 149 0
527 150 0
526 151 0
526 152 0
525 153 0
524 154 0
524 155 0
523 156 0
522 157 0
522 158 0
521 159 0
520 160 0
520 161 0
519 162 0
519 163 0
518 164 0
518 165 0
518 166 0
518 167 0
517 168 0
517 169 0
517 170 0
517 171 0
516 172 0
494 213 0
494 212 0
495 211 0
496 210 0
497 209 0
497 208 0
498 207 0
498 206 0
498 205 0
499 204 0
499 203 0
499 202 0
500 201 0
500 200 0
500 199 0
500 198 0
500 197 0
500 196 0
500 195 0
500 194 0
501 193 0
501 192 0
501 191 0
501 190 0
502 189 0
503 188 0
503 187 0
504 186 0
504 185 0
505 184 0
506 183 0
506 182 0
506 181 0
506 180 0
507 179 0
507 178 0
508 178 0
509 177 0
510 176 0
509 175 0
508 174 0
507 175 0
506 176 0
505 177 0
504 178 0
504 179 0
503 180 0
503 181 0
503 182 0
502 183 0
502 184 0
501 185 0
501 186 0
500 187 0
500 188 0
499 189 0
498 190 0
498 191 0
498 192 0
497 193 0
497 194 0
497 195 0
497 196 0
497 197 0
497 198 0
497 199 0
497 200 0
496 201 0
496 202 0
496 203 0
496 204 0
496 205 0
495 206 0
495 207 0
495 208 0
494 209 0
493 210 0
492 211 0
493 210 0
493 209 0
494 208 0
495 207 0
495 206 0
496 205 0
496 204 0
496 203 0
496 202 0
496 201 0
497 200 0
497 199 0
497 198 0
497 197 0
497 196 0
497 195 0
497 194 0
497 193 0
498 192 0
498 191 0
498 190 0
498 189 0
499 188 0
500 187 0
500 186 0
501 185 0
501 184 0
502 183 0
502 182 0
503 181 0
503 180 0
504 179 0
504 178 0
504 177 0
505 176 0
506 175 0
507 174 0
508 174 0
509 174 0
509 175 0
510 176 0
510 177 0
509 178 0
508 178 0
507 179 0
507 180 0
506 181 0
506 182 0
506 183 0
506 184 0
505 185 0
504 186 0
504 187 0
503 188 0
503 189 0
502 190 0
501 191 0
501 192 0
501 193 0
500 194 0
500 195 0
500 196 0
500 197 0
500 198 0
500 199 0
500 200 0
500 201 0
499 202 0
499 203 0
499 204 0
499 205 0
498 206 0
498 207 0
497 208 0
497 209 0
497 210 0
496 211 0
495 212 0
461 296 0
462 297 0
463 296 0
463 295 0
463 294 0
464 293 0
464 292 0
464 291 0
465 290 0
465 289 0
465 288 0
466 287 0
466 286 0
466 285 0
466 284 0
467 283 0
467 282 0
467 281 0
468 280 0
468 279 0
468 278 0
468 277 0
468 276 0
469 275 0
469 274 0
469 273 0
470 272 0
470 271 0
470 270 0
470 269 0
471 268 0
471 267 0
470 266 0
471 267 0
472 266 0
473 265 0
473 264 0
473 263 0
474 262 0
474 261 0
475 260 0
475 259 0
475 258 0
475 257 0
475 256 0
475 255 0
476 254 0
476 253 0
475 252 0
476 251 0
476 250 0
476 249 0
476 248 0
476 247 0
476 246 0
476 245 0
477 244 0
477 243 0
477 242 0
477 241 0
478 240 0
478 239 0
478 238 0
479 237 0
479 236 0
479 235 0
479 234 0
480 233 0
480 232 0
480 231 0
481 230 0
481 229 0
482 228 0
482 227 0
482 226 0
483 225 0
483 224 0
484 223 0
484 222 0
485 221 0
485 220 0
486 219 0
486 218 0
487 217 0
487 216 0
487 215 0
487 214 0
486 213 0
485 214 0
484 215 0
484 216 0
483 217 0
483 218 0
482 219 0
482 220 0
481 221 0
480 222 0
480 223 0
480 224 0
479 225 0
479 226 0
479 227 0
478 228 0
478 229 0
478 230 0
477 231 0
477 232 0
477 233 0
476 234 0
476 235 0
475 236 0
475 237 0
475 238 0
475 239 0
474 240 0
474 241 0
474 242 0
473 243 0
472 244 0
472 245 0
472 246 0
472 247 0
472 248 0
472 249 0
472 250 0
471 251 0
471 252 0
471 253 0
470 254 0
471 255 0
472 256 0
473 255 0
473 256 0
472 257 0
472 258 0
472 259 0
472 260 0
472 259 0
472 258 0
472 257 0
472 256 0
471 255 0
470 256 0
470 257 0
469 258 0
469 259 0
469 260 0
468 261 0
468 262 0
468 263 0
468 264 0
468 265 0
468 266 0
467 267 0
467 268 0
467 269 0
467 270 0
467 271 0
467 272 0
466 273 0
466 274 0
466 275 0
465 276 0
465 277 0
465 278 0
465 279 0
464 280 0
464 281 0
464 282 0
463 283 0
463 284 0
463 285 0
463 286 0
463 287 0
462 288 0
462 289 0
462 290 0
461 291 0
461 292 0
461 293 0
460 294 0
460 295 0
438 393 0
391 430 0
392 430 0
393 430 0
394 429 0
395 429 0
396 428 0
397 428 0
398 427 0
399 427 0
400 426 0
401 426 0
402 425 0
403 424 0
404 424 0
405 423 0
406 422 0
407 421 0
408 421 0
409 420 0
410 419 0
411 418 0
412 417 0
413 416 0
414 415 0
415 414 0
416 413 0
417 412 0
418 411 0
419 410 0
420 409 0
421 408 0
422 407 0
423 406 0
424 405 0
424 404 0
425 403 0
426 402 0
426 401 0
427 400 0
427 399 0
428 398 0
428 397 0
429 396 0
430 395 0
431 394 0
431 393 0
432 392 0
433 391 0
433 390 0
434 389 0
435 388 0
435 387 0
435 386 0
436 385 0
436 384 0
437 383 0
438 382 0
438 381 0
438 380 0
439 379 0
440 378 0
440 377 0
440 376 0
441 375 0
441 374 0
442 373 0
442 372 0
443 371 0
443 370 0
443 369 0
444 368 0
444 367 0
445 366 0
445 365 0
445 364 0
445 363 0
446 362 0
446 361 0
446 360 0
446 359 0
447 358 0
447 357 0
447 356 0
447 355 0
448 354 0
448 353 0
448 352 0
449 351 0
449 350 0
449 349 0
449 348 0
449 347 0
450 346 0
450 345 0
450 344 0
450 343 0
450 342 0
450 341 0
450 340 0
451 339 0
451 338 0
451 337 0
452 336 0
452 335 0
452 334 0
452 333 0
453 332 0
453 331 0
453 330 0
453 329 0
454 328 0
454 327 0
454 326 0
454 325 0
454 324 0
454 323 0
455 322 0
455 321 0
455 320 0
455 319 0
455 318 0
456 317 0
456 316 0
456 315 0
456 314 0
456 313 0
457 312 0
457 311 0
457 310 0
457 309 0
457 308 0
457 307 0
458 306 0
458 305 0
458 304 0
458 303 0
458 302 0
459 301 0
459 300 0
459 299 0
459 298 0
459 297 0
460 296 0
460 295 0
459 294 0
460 294 0
461 293 0
461 292 0
461 291 0
462 290 0
462 289 0
462 288 0
462 287 0
463 286 0
463 285 0
463 284 0
463 283 0
464 282 0
464 281 0
464 280 0
465 279 0
465 278 0
465 277 0
465 276 0
466 275 0
466 274 0
466 273 0
467 272 0
467 271 0
467 270 0
467 269 0
467 268 0
467 267 0
468 266 0
468 265 0
468 264 0
468 263 0
468 262 0
468 261 0
469 260 0
469 259 0
469 258 0
470 257 0
470 256 0
470 255 0
470 254 0
471 253 0
471 252 0
471 251 0
472 250 0
472 249 0
472 248 0
472 247 0
472 246 0
472 245 0
472 244 0
472 243 0
473 242 0
474 241 0
474 240 0
475 239 0
475 238 0
475 237 0
475 236 0
476 235 0
476 234 0
477 233 0
477 232 0
477 231 0
478 230 0
478 229 0
478 228 0
479 227 0
479 226 0
479 225 0
480 224 0
480 223 0
480 222 0
480 221 0
481 220 0
482 219 0
482 218 0
483 217 0
483 216 0
484 215 0
484 214 0
485 214 0
486 213 0
487 213 0
488 213 0
487 214 0
487 215 0
488 216 0
487 217 0
486 218 0
486 219 0
486 220 0
485 221 0
484 222 0
484 223 0
484 224 0
483 225 0
483 226 0
482 227 0
482 228 0
481 229 0
481 230 0
481 231 0
480 232 0
480 233 0
480 234 0
479 235 0
479 236 0
479 237 0
478 238 0
478 239 0
478 240 0
477 241 0
477 242 0
477 243 0
477 244 0
476 245 0
476 246 0
476 247 0
476 248 0
476 249 0
476 250 0
476 251 0
476 252 0
476 253 0
476 254 0
475 255 0
475 256 0
475 257 0
475 258 0
475 259 0
475 260 0
474 261 0
474 262 0
473 263 0
473 264 0
473 265 0
472 266 0
471 267 0
471 268 0
470 269 0
470 270 0
470 271 0
470 272 0
469 273 0
469 274 0
469 275 0
468 276 0
468 277 0
468 278 0
468 279 0
468 280 0
467 281 0
467 282 0
467 283 0
466 284 0
466 285 0
466 286 0
466 287 0
465 288 0
465 289 0
465 290 0
464 291 0
464 292 0
464 293 0
464 294 0
463 295 0
463 296 0
462 297 0
462 298 0
462 299 0
462 300 0
462 301 0
461 302 0
461 303 0
461 304 0
461 305 0
461 306 0
460 307 0
460 308 0
460 309 0
460 310 0
460 311 0
460 312 0
460 313 0
459 314 0
459 315 0
459 316 0
459 317 0
458 318 0
458 319 0
458 320 0
458 321 0
458 322 0
458 323 0
457 324 0
457 325 0
457 326 0
457 327 0
457 328 0
456 329 0
456 330 0
456 331 0
456 332 0
455 333 0
455 334 0
455 335 0
455 336 0
455 337 0
454 338 0
454 339 0
454 340 0
453 341 0
453 342 0
453 343 0
453 344 0
453 345 0
453 346 0
453 347 0
452 348 0
452 349 0
452 350 0
452 351 0
451 352 0
451 353 0
451 354 0
451 355 0
450 356 0
450 357 0
450 358 0
450 359 0
450 360 0
449 361 0
449 362 0
449 363 0
448 364 0
448 365 0
448 366 0
447 367 0
447 368 0
447 369 0
446 370 0
446 371 0
446 372 0
445 373 0
445 374 0
445 375 0
444 376 0
444 377 0
444 378 0
443 379 0
443 380 0
442 381 0
442 382 0
441 383 0
441 384 0
440 385 0
440 386 0
439 387 0
439 388 0
438 389 0
437 390 0
437 391 0
436 392 0
436 393 0
436 394 0
435 395 0
434 396 0
434 397 0
433 398 0
432 398 0
433 397 0
434 396 0
434 395 0
435 394 0
436 393 0
436 392 0
437 391 0
437 390 0
438 389 0
438 388 0
439 387 0
439 386 0
440 385 0
440 384 0
441 383 0
441 382 0
442 381 0
442 380 0
443 379 0
443 378 0
444 377 0
444 376 0
444 375 0
445 374 0
445 373 0
446 372 0
446 371 0
446 370 0
447 369 0
447 368 0
447 367 0
448 366 0
448 365 0
448 364 0
449 363 0
449 362 0
449 361 0
450 360 0
450 359 0
450 358 0
450 357 0
450 356 0
451 355 0
451 354 0
451 353 0
451 352 0
452 351 0
452 350 0
452 349 0
452 348 0
453 347 0
453 346 0
453 345 0
453 344 0
453 343 0
453 342 0
453 341 0
454 340 0
454 339 0
454 338 0
455 337 0
455 336 0
455 335 0
455 334 0
455 333 0
456 332 0
456 331 0
456 330 0
456 329 0
457 328 0
457 327 0
457 326 0
457 325 0
457 324 0
458 323 0
458 322 0
458 321 0
458 320 0
458 319 0
458 318 0
459 317 0
459 316 0
459 315 0
459 314 0
460 313 0
460 312 0
460 311 0
460 310 0
460 309 0
460 308 0
460 307 0
461 306 0
461 305 0
461 304 0
461 303 0
461 302 0
462 301 0
462 300 0
462 299 0
462 298 0
462 297 0
461 296 0
460 296 0
459 297 0
459 298 0
459 299 0
459 300 0
459 301 0
458 302 0
458 303 0
458 304 0
458 305 0
458 306 0
457 307 0
457 308 0
457 309 0
457 310 0
457 311 0
457 312 0
456 313 0
456 314 0
456 315 0
456 316 0
456 317 0
455 318 0
455 319 0
455 320 0
455 321 0
455 322 0
454 323 0
454 324 0
454 325 0
454 326 0
454 327 0
454 328 0
453 329 0
453 330 0
453 331 0
453 332 0
452 333 0
452 334 0
452 335 0
452 336 0
451 337 0
451 338 0
451 339 0
450 340 0
450 341 0
450 342 0
450 343 0
450 344 0
450 345 0
450 346 0
449 347 0
449 348 0
449 349 0
449 350 0
449 351 0
448 352 0
448 353 0
448 354 0
447 355 0
447 356 0
447 357 0
447 358 0
446 359 0
446 360 0
446 361 0
446 362 0
445 363 0
445 364 0
445 365 0
445 366 0
444 367 0
444 368 0
443 369 0
443 370 0
443 371 0
442 372 0
442 373 0
442 374 0
441 375 0
440 376 0
440 377 0
440 378 0
439 379 0
439 380 0
438 381 0
438 382 0
437 383 0
437 384 0
436 385 0
436 386 0
435 387 0
435 388 0
435 389 0
434 390 0
433 391 0
433 392 0
432 393 0
431 394 0
431 395 0
430 396 0
429 397 0
428 398 0
428 399 0
427 400 0
426 401 0
426 402 0
426 403 0
425 404 0
424 405 0
424 406 0
423 407 0
422 408 0
421 409 0
420 410 0
419 411 0
418 412 0
417 413 0
416 414 0
415 415 0
414 416 0
413 417 0
412 418 0
411 419 0
410 420 0
409 421 0
408 421 0
407 422 0
406 423 0
405 424 0
404 424 0
403 425 0
402 425 0
401 426 0
400 426 0
399 427 0
398 427 0
397 428 0
396 428 0
395 429 0
394 429 0
393 430 0
392 430 0
342 438 0
343 438 0
344 438 0
345 438 0
346 438 0
347 438 0
348 438 0
349 438 0
350 438 0
351 437 0
352 437 0
353 437 0
354 437 0
355 437 0
356 437 0
357 437 0
358 437 0
359 437 0
360 437 0
361 437 0
362 437 0
363 437 0
364 437 0
365 437 0
366 437 0
367 437 0
368 437 0
369 437 0
370 437 0
371 436 0
372 436 0
373 436 0
374 436 0
375 436 0
376 436 0
377 436 0
378 436 0
379 436 0
380 436 0
381 436 0
382 436 0
383 436 0
384 436 0
385 436 0
386 436 0
387 435 0
388 435 0
389 434 0
390 434 0
391 434 0
392 433 0
393 432 0
394 432 0
395 431 0
396 431 0
397 431 0
398 430 0
399 430 0
400 429 0
401 429 0
402 428 0
403 428 0
404 427 0
405 427 0
406 426 0
407 425 0
408 424 0
409 424 0
410 423 0
411 422 0
412 421 0
413 420 0
414 419 0
415 419 0
416 418 0
417 417 0
418 416 0
419 415 0
420 414 0
421 413 0
422 412 0
423 411 0
423 410 0
424 409 0
425 408 0
426 407 0
427 406 0
428 405 0
428 404 0
429 403 0
430 402 0
431 401 0
432 400 0
433 400 0
432 401 0
431 402 0
430 403 0
429 404 0
428 405 0
428 406 0
427 407 0
426 408 0
425 409 0
424 410 0
423 411 0
423 412 0
422 413 0
421 414 0
420 415 0
419 416 0
418 417 0
417 418 0
416 419 0
415 419 0
414 420 0
413 421 0
412 422 0
411 423 0
410 424 0
409 424 0
408 425 0
407 426 0
406 426 0
405 427 0
404 428 0
403 428 0
402 429 0
401 429 0
400 430 0
399 430 0
398 430 0
397 431 0
396 431 0
395 432 0
394 432 0
393 432 0
392 433 0
391 434 0
390 434 0
389 435 0
388 435 0
387 435 0
386 436 0
385 436 0
384 436 0
383 436 0
382 436 0
381 436 0
380 436 0
379 436 0
378 436 0
377 436 0
376 436 0
375 436 0
374 436 0
373 436 0
372 436 0
371 436 0
370 437 0
369 437 0
368 437 0
367 437 0
366 437 0
365 437 0
364 437 0
363 437 0
362 437 0
361 437 0
360 437 0
359 437 0
358 437 0
357 437 0
356 437 0
355 437 0
354 437 0
353 437 0
352 437 0
351 437 0
350 438 0
349 438 0
348 438 0
347 438 0
346 438 0
345 438 0
344 438 0
343 438 0
