407 426 0
408 425 0
409 425 0
410 424 0
411 423 0
412 423 0
413 422 0
414 421 0
415 421 0
416 420 0
417 419 0
418 418 0
419 418 0
420 417 0
421 416 0
422 415 0
423 414 0
424 413 0
425 412 0
426 411 0
427 410 0
428 409 0
429 408 0
430 407 0
431 406 0
432 405 0
432 404 0
433 403 0
434 402 0
435 401 0
436 400 0
436 399 0
437 398 0
438 397 0
438 396 0
439 395 0
440 394 0
440 393 0
441 392 0
442 391 0
442 390 0
442 389 0
443 388 0
444 387 0
444 386 0
444 385 0
445 384 0
445 383 0
446 382 0
446 381 0
447 380 0
448 379 0
448 378 0
448 377 0
449 376 0
449 375 0
450 374 0
450 373 0
450 372 0
451 371 0
451 370 0
451 369 0
452 368 0
452 367 0
452 366 0
453 365 0
453 364 0
453 363 0
453 362 0
454 361 0
454 360 0
454 359 0
455 358 0
455 357 0
455 356 0
455 355 0
455 354 0
456 353 0
456 352 0
456 351 0
456 350 0
456 349 0
456 348 0
456 347 0
457 346 0
457 345 0
457 344 0
457 343 0
457 342 0
457 341 0
457 340 0
457 339 0
456 338 0
456 337 0
457 336 0
457 335 0
457 334 0
458 333 0
458 332 0
458 331 0
459 330 0
459 329 0
459 328 0
459 327 0
460 326 0
460 325 0
460 324 0
460 323 0
461 322 0
461 321 0
461 320 0
461 319 0
461 318 0
461 317 0
461 316 0
461 315 0
462 314 0
462 313 0
462 312 0
462 311 0
462 310 0
462 309 0
462 308 0
462 307 0
463 306 0
463 305 0
463 304 0
463 303 0
463 302 0
463 301 0
463 300 0
463 299 0
464 298 0
464 297 0
464 296 0
464 295 0
465 294 0
465 293 0
465 292 0
465 291 0
465 290 0
465 289 0
466 288 0
466 287 0
466 286 0
466 285 0
466 284 0
466 283 0
466 282 0
467 281 0
467 280 0
467 279 0
468 278 0
468 277 0
468 276 0
468 275 0
468 274 0
468 273 0
469 272 0
469 271 0
469 270 0
469 269 0
469 268 0
470 267 0
470 266 0
470 265 0
470 264 0
470 263 0
471 262 0
471 261 0
471 260 0
471 259 0
471 258 0
471 257 0
471 256 0
471 255 0
471 254 0
471 253 0
471 252 0
471 251 0
472 250 0
472 249 0
473 248 0
473 247 0
473 246 0
473 245 0
474 244 0
474 243 0
474 242 0
474 241 0
474 240 0
474 239 0
474 238 0
475 237 0
475 236 0
475 235 0
475 234 0
475 233 0
476 232 0
476 231 0
476 230 0
477 229 0
477 228 0
477 227 0
477 226 0
478 225 0
478 224 0
478 223 0
478 222 0
479 221 0
479 220 0
479 219 0
480 218 0
480 217 0
481 216 0
481 215 0
481 214 0
482 213 0
482 212 0
482 211 0
483 210 0
483 209 0
483 208 0
484 207 0
484 206 0
485 206 0
486 206 0
487 206 0
488 205 0
489 205 0
490 205 0
491 204 0
492 203 0
493 202 0
494 201 0
494 200 0
494 199 0
494 198 0
495 197 0
495 196 0
495 195 0
495 194 0
495 193 0
495 192 0
495 191 0
495 190 0
495 189 0
495 188 0
495 187 0
495 186 0
496 185 0
496 184 0
496 183 0
496 182 0
497 181 0
498 180 0
498 179 0
499 178 0
499 177 0
500 176 0
500 175 0
501 174 0
502 173 0
503 172 0
503 171 0
504 170 0
504 169 0
505 168 0
506 167 0
506 166 0
506 165 0
507 164 0
508 163 0
509 162 0
510 161 0
511 161 0
512 160 0
513 159 0
514 158 0
515 157 0
515 156 0
516 155 0
516 154 0
517 153 0
517 152 0
517 151 0
517 150 0
518 149 0
518 148 0
518 147 0
518 146 0
518 145 0
519 144 0
519 143 0
520 142 0
520 141 0
521 140 0
522 139 0
522 138 0
523 137 0
524 136 0
524 135 0
525 134 0
526 133 0
526 132 0
527 131 0
527 130 0
528 129 0
528 128 0
528 127 0
529 126 0
530 125 0
530 124 0
531 123 0
531 122 0
531 121 0
532 120 0
533 119 0
533 118 0
534 117 0
534 116 0
534 115 0
534 114 0
534 113 0
535 112 0
536 111 0
537 111 0
538 110 0
538 109 0
538 108 0
539 107 0
539 106 0
540 105 0
540 104 0
541 103 0
541 102 0
542 101 0
542 100 0
543 99 0
543 98 0
544 97 0
544 96 0
544 95 0
545 94 0
545 93 0
545 92 0
546 91 0
546 90 0
546 91 0
546 92 0
545 93 0
545 94 0
544 95 0
544 96 0
544 97 0
544 98 0
543 99 0
542 100 0
542 101 0
542 102 0
541 103 0
541 104 0
540 105 0
540 106 0
539 107 0
539 108 0
538 109 0
538 110 0
537 111 0
536 112 0
535 113 0
534 114 0
534 115 0
534 116 0
534 117 0
533 118 0
533 119 0
533 120 0
532 121 0
531 122 0
531 123 0
531 124 0
530 125 0
530 126 0
529 127 0
528 128 0
528 129 0
527 130 0
527 131 0
527 132 0
526 133 0
526 134 0
525 135 0
524 136 0
524 137 0
523 138 0
522 139 0
522 140 0
521 141 0
520 142 0
520 143 0
519 144 0
519 145 0
518 146 0
518 147 0
518 148 0
518 149 0
517 150 0
517 151 0
517 152 0
517 153 0
517 154 0
516 155 0
516 156 0
515 157 0
515 158 0
514 159 0
513 160 0
512 161 0
511 161 0
510 162 0
510 163 0
511 164 0
512 163 0
513 163 0
514 162 0
515 161 0
516 160 0
517 159 0
518 158 0
518 157 0
519 156 0
519 155 0
519 154 0
519 153 0
520 152 0
519 153 0
519 154 0
519 155 0
519 156 0
518 157 0
518 158 0
518 159 0
517 160 0
516 161 0
515 162 0
514 163 0
513 163 0
512 164 0
511 165 0
510 166 0
509 167 0
509 168 0
508 169 0
508 170 0
507 171 0
507 172 0
506 173 0
506 174 0
505 175 0
504 176 0
504 177 0
503 178 0
503 179 0
502 180 0
501 181 0
501 182 0
500 183 0
499 184 0
499 185 0
499 186 0
498 187 0
498 188 0
498 189 0
498 190 0
498 191 0
498 192 0
498 193 0
498 194 0
498 195 0
498 196 0
498 197 0
497 198 0
497 199 0
497 200 0
497 201 0
496 202 0
496 203 0
496 204 0
495 205 0
494 206 0
493 206 0
492 207 0
491 207 0
490 207 0
489 208 0
488 208 0
487 209 0
486 210 0
486 211 0
486 212 0
485 213 0
485 214 0
484 215 0
484 216 0
484 217 0
483 218 0
483 219 0
483 220 0
482 221 0
482 222 0
481 223 0
481 224 0
481 225 0
481 226 0
480 227 0
480 228 0
480 229 0
480 230 0
479 231 0
479 232 0
479 233 0
479 234 0
478 235 0
478 236 0
478 237 0
478 238 0
478 239 0
478 240 0
477 241 0
477 242 0
477 243 0
477 244 0
477 245 0
477 246 0
476 247 0
476 248 0
477 249 0
477 250 0
477 251 0
477 252 0
477 253 0
477 254 0
477 255 0
477 256 0
477 255 0
477 254 0
477 253 0
477 252 0
477 251 0
477 250 0
477 249 0
476 248 0
476 247 0
477 246 0
477 245 0
477 244 0
477 243 0
477 242 0
477 241 0
478 240 0
478 239 0
478 238 0
478 237 0
478 236 0
478 235 0
479 234 0
479 233 0
479 232 0
479 231 0
480 230 0
480 229 0
480 228 0
480 227 0
481 226 0
481 225 0
481 224 0
481 223 0
482 222 0
482 221 0
482 220 0
483 219 0
483 218 0
484 217 0
484 216 0
484 215 0
485 214 0
485 213 0
485 212 0
486 211 0
486 210 0
486 209 0
487 208 0
488 208 0
489 208 0
490 207 0
491 207 0
492 207 0
493 206 0
494 205 0
495 204 0
496 203 0
496 202 0
497 201 0
497 200 0
497 199 0
497 198 0
498 197 0
498 196 0
498 195 0
498 194 0
498 193 0
498 192 0
498 191 0
498 190 0
498 189 0
498 188 0
498 187 0
499 186 0
499 185 0
499 184 0
499 183 0
500 182 0
501 181 0
501 180 0
502 179 0
503 178 0
503 177 0
504 176 0
504 175 0
505 174 0
506 173 0
506 172 0
507 171 0
507 170 0
508 169 0
508 168 0
509 167 0
509 166 0
510 165 0
511 164 0
510 163 0
509 162 0
508 163 0
508 164 0
507 165 0
506 166 0
506 167 0
505 168 0
505 169 0
504 170 0
504 171 0
503 172 0
503 173 0
502 174 0
501 175 0
500 176 0
500 177 0
499 178 0
499 179 0
498 180 0
498 181 0
497 182 0
496 183 0
496 184 0
496 185 0
496 186 0
495 187 0
495 188 0
495 189 0
495 190 0
495 191 0
495 192 0
495 193 0
495 194 0
495 195 0
495 196 0
495 197 0
494 198 0
494 199 0
494 200 0
494 201 0
493 202 0
493 203 0
492 204 0
491 204 0
490 205 0
489 205 0
488 205 0
487 206 0
486 206 0
485 206 0
484 207 0
483 208 0
483 209 0
483 210 0
482 211 0
482 212 0
482 213 0
481 214 0
481 215 0
481 216 0
480 217 0
480 218 0
479 219 0
479 220 0
479 221 0
478 222 0
478 223 0
478 224 0
478 225 0
478 226 0
477 227 0
477 228 0
477 229 0
476 230 0
476 231 0
476 232 0
475 233 0
475 234 0
475 235 0
475 236 0
475 237 0
474 238 0
474 239 0
474 240 0
474 241 0
474 242 0
474 243 0
474 244 0
473 245 0
473 246 0
473 247 0
473 248 0
472 249 0
472 250 0
471 251 0
471 252 0
471 253 0
471 254 0
471 255 0
471 256 0
471 257 0
471 258 0
471 259 0
471 260 0
471 261 0
471 262 0
470 263 0
470 264 0
470 265 0
470 266 0
470 267 0
469 268 0
469 269 0
469 270 0
469 271 0
469 272 0
468 273 0
468 274 0
468 275 0
468 276 0
468 277 0
468 278 0
469 279 0
468 279 0
467 280 0
467 281 0
466 282 0
466 283 0
466 284 0
466 285 0
466 286 0
466 287 0
466 288 0
465 289 0
465 290 0
465 291 0
465 292 0
465 293 0
465 294 0
464 295 0
464 296 0
464 297 0
464 298 0
463 299 0
463 300 0
463 301 0
463 302 0
463 303 0
463 304 0
463 305 0
463 306 0
462 307 0
462 308 0
462 309 0
462 310 0
462 311 0
462 312 0
462 313 0
462 314 0
461 315 0
461 316 0
461 317 0
461 318 0
461 319 0
461 320 0
461 321 0
461 322 0
460 323 0
460 324 0
460 325 0
460 326 0
459 327 0
459 328 0
459 329 0
459 330 0
459 331 0
458 332 0
458 333 0
457 334 0
457 335 0
457 336 0
456 337 0
456 338 0
457 339 0
457 340 0
457 341 0
457 342 0
457 343 0
457 344 0
457 345 0
457 346 0
456 347 0
456 348 0
456 349 0
456 350 0
456 351 0
456 352 0
456 353 0
455 354 0
455 355 0
455 356 0
455 357 0
455 358 0
454 359 0
454 360 0
454 361 0
453 362 0
453 363 0
453 364 0
453 365 0
452 366 0
452 367 0
452 368 0
451 369 0
451 370 0
451 371 0
450 372 0
450 373 0
450 374 0
449 375 0
449 376 0
448 377 0
448 378 0
448 379 0
447 380 0
447 381 0
446 382 0
446 383 0
445 384 0
445 385 0
444 386 0
444 387 0
443 388 0
443 389 0
442 390 0
442 391 0
442 392 0
441 393 0
440 394 0
440 395 0
439 396 0
438 397 0
438 398 0
437 399 0
436 400 0
436 401 0
435 402 0
434 403 0
433 404 0
432 405 0
432 406 0
431 407 0
430 408 0
429 409 0
428 410 0
427 411 0
426 412 0
425 413 0
424 414 0
423 415 0
422 416 0
421 417 0
420 417 0
419 418 0
418 419 0
417 420 0
416 420 0
415 421 0
414 422 0
413 422 0
412 423 0
411 423 0
410 424 0
409 425 0
408 425 0
396 432 0
397 432 0
398 432 0
399 431 0
400 432 0
401 432 0
402 431 0
403 430 0
404 430 0
405 429 0
406 429 0
407 428 0
408 428 0
409 428 0
410 427 0
411 426 0
412 426 0
413 425 0
414 425 0
415 424 0
416 423 0
417 423 0
418 422 0
419 421 0
420 420 0
421 420 0
422 419 0
423 418 0
424 417 0
425 416 0
426 415 0
427 415 0
428 414 0
429 413 0
430 412 0
431 411 0
432 410 0
432 409 0
433 408 0
434 407 0
435 406 0
436 405 0
436 404 0
437 403 0
438 402 0
439 401 0
440 400 0
441 399 0
441 398 0
442 397 0
443 396 0
443 395 0
444 394 0
444 393 0
445 392 0
446 391 0
446 390 0
447 389 0
447 388 0
447 387 0
448 386 0
449 385 0
449 384 0
450 383 0
450 382 0
450 381 0
451 380 0
451 379 0
451 378 0
452 377 0
452 376 0
452 375 0
453 374 0
453 373 0
454 372 0
454 371 0
454 370 0
454 369 0
455 368 0
455 367 0
456 366 0
456 365 0
456 364 0
456 363 0
457 362 0
457 361 0
457 360 0
458 359 0
458 358 0
458 357 0
458 356 0
458 355 0
459 354 0
459 353 0
459 352 0
459 351 0
459 350 0
459 349 0
459 348 0
460 347 0
460 346 0
460 345 0
460 344 0
460 343 0
460 342 0
460 341 0
460 340 0
461 339 0
461 338 0
461 337 0
461 336 0
461 335 0
461 334 0
461 333 0
462 332 0
462 331 0
462 330 0
462 329 0
463 328 0
463 327 0
463 326 0
463 325 0
463 324 0
464 323 0
464 322 0
464 321 0
464 320 0
464 319 0
464 318 0
464 317 0
464 316 0
464 315 0
465 314 0
465 313 0
465 312 0
465 311 0
465 310 0
465 309 0
465 308 0
466 307 0
466 306 0
466 305 0
466 304 0
466 303 0
466 302 0
467 301 0
467 300 0
467 299 0
467 298 0
467 297 0
467 296 0
468 295 0
468 294 0
468 293 0
468 292 0
468 291 0
468 290 0
469 289 0
469 288 0
469 287 0
469 286 0
469 285 0
469 284 0
469 283 0
469 282 0
470 281 0
471 280 0
471 279 0
471 278 0
472 277 0
472 276 0
471 275 0
472 274 0
472 273 0
472 272 0
472 271 0
472 270 0
472 269 0
473 268 0
473 267 0
473 266 0
474 265 0
474 264 0
475 263 0
475 262 0
475 261 0
475 260 0
474 259 0
474 258 0
474 257 0
474 256 0
474 255 0
474 256 0
474 257 0
474 258 0
474 259 0
475 260 0
475 261 0
475 262 0
475 263 0
474 264 0
474 265 0
473 266 0
473 267 0
473 268 0
472 269 0
472 270 0
472 271 0
472 272 0
472 273 0
472 274 0
471 275 0
472 276 0
472 277 0
471 278 0
471 279 0
471 280 0
470 281 0
470 282 0
469 283 0
469 284 0
469 285 0
469 286 0
469 287 0
469 288 0
469 289 0
468 290 0
468 291 0
468 292 0
468 293 0
468 294 0
468 295 0
467 296 0
467 297 0
467 298 0
467 299 0
467 300 0
467 301 0
466 302 0
466 303 0
466 304 0
466 305 0
466 306 0
466 307 0
465 308 0
465 309 0
465 310 0
465 311 0
465 312 0
465 313 0
465 314 0
464 315 0
464 316 0
464 317 0
464 318 0
464 319 0
464 320 0
464 321 0
464 322 0
464 323 0
463 324 0
463 325 0
463 326 0
463 327 0
463 328 0
462 329 0
462 330 0
462 331 0
462 332 0
461 333 0
461 334 0
461 335 0
461 336 0
461 337 0
461 338 0
461 339 0
460 340 0
460 341 0
460 342 0
460 343 0
460 344 0
460 345 0
460 346 0
460 347 0
459 348 0
459 349 0
459 350 0
459 351 0
459 352 0
459 353 0
459 354 0
458 355 0
458 356 0
458 357 0
458 358 0
458 359 0
457 360 0
457 361 0
457 362 0
456 363 0
456 364 0
456 365 0
456 366 0
455 367 0
455 368 0
455 369 0
454 370 0
454 371 0
454 372 0
453 373 0
453 374 0
453 375 0
452 376 0
452 377 0
452 378 0
451 379 0
451 380 0
451 381 0
450 382 0
450 383 0
450 384 0
449 385 0
449 386 0
448 387 0
447 388 0
447 389 0
447 390 0
446 391 0
446 392 0
445 393 0
444 394 0
444 395 0
443 396 0
443 397 0
442 398 0
441 399 0
441 400 0
440 401 0
439 402 0
438 403 0
437 404 0
436 405 0
436 406 0
435 407 0
434 408 0
433 409 0
432 410 0
432 411 0
431 412 0
430 413 0
429 414 0
428 415 0
427 415 0
426 416 0
425 417 0
424 418 0
423 419 0
422 420 0
421 420 0
420 421 0
419 422 0
418 423 0
417 423 0
416 424 0
415 425 0
414 425 0
413 426 0
412 426 0
411 427 0
410 428 0
409 428 0
408 428 0
407 428 0
406 429 0
405 430 0
404 430 0
403 431 0
402 431 0
401 432 0
400 432 0
399 432 0
398 432 0
397 432 0
