525 146 0
525 145 0
526 144 0
526 143 0
527 142 0
528 141 0
529 140 0
529 139 0
529 138 0
530 137 0
531 136 0
532 135 0
532 134 0
533 133 0
533 132 0
534 131 0
534 130 0
535 129 0
536 128 0
537 127 0
537 126 0
537 125 0
538 124 0
539 123 0
539 122 0
540 121 0
540 120 0
540 119 0
541 118 0
542 117 0
541 118 0
541 119 0
540 120 0
540 121 0
539 122 0
539 123 0
539 124 0
538 125 0
537 126 0
537 127 0
536 128 0
536 129 0
535 130 0
534 131 0
534 132 0
533 133 0
533 134 0
532 135 0
532 136 0
531 137 0
530 138 0
529 139 0
529 140 0
528 141 0
527 142 0
527 143 0
526 144 0
526 145 0
491 210 0
492 211 0
493 211 0
494 210 0
495 209 0
496 208 0
497 207 0
498 206 0
498 205 0
499 204 0
499 203 0
499 202 0
500 201 0
500 200 0
500 199 0
500 198 0
500 197 0
500 196 0
500 195 0
500 194 0
500 193 0
500 192 0
501 191 0
501 190 0
501 189 0
502 188 0
502 187 0
503 186 0
504 185 0
504 184 0
505 183 0
506 182 0
507 181 0
507 180 0
508 179 0
508 178 0
509 177 0
509 176 0
510 175 0
511 174 0
510 173 0
509 172 0
508 173 0
507 174 0
507 175 0
506 176 0
506 177 0
505 178 0
504 179 0
504 180 0
503 181 0
503 182 0
502 183 0
501 184 0
501 185 0
500 186 0
499 187 0
499 188 0
498 189 0
497 190 0
497 191 0
497 192 0
497 193 0
497 194 0
497 195 0
497 196 0
497 197 0
497 198 0
497 199 0
497 200 0
497 201 0
496 202 0
496 203 0
496 204 0
495 205 0
495 206 0
494 207 0
493 207 0
492 208 0
491 208 0
490 209 0
491 211 0
491 210 0
490 209 0
489 209 0
490 208 0
491 208 0
492 207 0
493 207 0
494 206 0
495 205 0
495 204 0
496 203 0
496 202 0
497 201 0
497 200 0
497 199 0
497 198 0
497 197 0
497 196 0
497 195 0
497 194 0
497 193 0
497 192 0
497 191 0
497 190 0
498 189 0
498 188 0
499 187 0
499 186 0
500 185 0
501 184 0
501 183 0
502 182 0
503 181 0
503 180 0
504 179 0
504 178 0
505 177 0
506 176 0
506 175 0
507 174 0
507 173 0
508 172 0
509 172 0
510 172 0
511 171 0
512 170 0
513 169 0
514 168 0
514 167 0
515 166 0
515 165 0
515 164 0
516 163 0
516 162 0
517 161 0
517 160 0
517 159 0
518 158 0
518 157 0
518 156 0
519 155 0
519 154 0
520 153 0
521 152 0
521 151 0
522 150 0
522 151 0
521 152 0
521 153 0
520 154 0
519 155 0
519 156 0
518 157 0
518 158 0
517 159 0
517 160 0
517 161 0
517 162 0
516 163 0
516 164 0
515 165 0
515 166 0
515 167 0
514 168 0
514 169 0
513 170 0
512 171 0
511 171 0
510 172 0
510 173 0
511 174 0
512 174 0
513 173 0
514 172 0
515 171 0
516 170 0
517 169 0
517 168 0
517 167 0
518 166 0
518 165 0
519 164 0
519 163 0
520 162 0
520 161 0
520 160 0
520 159 0
521 158 0
521 157 0
522 156 0
522 155 0
523 154 0
524 153 0
524 152 0
525 151 0
526 150 0
527 149 0
527 148 0
528 147 0
529 146 0
529 145 0
530 144 0
530 143 0
531 142 0
531 141 0
532 140 0
532 139 0
533 138 0
534 137 0
535 136 0
535 135 0
536 134 0
537 133 0
537 132 0
538 131 0
539 130 0
539 129 0
540 128 0
540 127 0
541 126 0
541 125 0
542 124 0
542 123 0
543 122 0
544 121 0
544 120 0
545 119 0
545 118 0
545 119 0
544 120 0
544 121 0
543 122 0
543 123 0
542 124 0
541 125 0
541 126 0
541 127 0
540 128 0
540 129 0
539 130 0
539 131 0
538 132 0
537 133 0
537 134 0
536 135 0
535 136 0
535 137 0
534 138 0
533 139 0
532 140 0
532 141 0
531 142 0
531 143 0
530 144 0
530 145 0
529 146 0
528 147 0
528 148 0
527 149 0
527 150 0
526 151 0
525 152 0
524 153 0
524 154 0
523 155 0
522 156 0
522 157 0
521 158 0
520 159 0
520 160 0
520 161 0
520 162 0
519 163 0
519 164 0
519 165 0
518 166 0
517 167 0
517 168 0
517 169 0
517 170 0
516 171 0
515 172 0
514 173 0
513 173 0
512 174 0
511 175 0
510 176 0
509 177 0
509 178 0
508 179 0
507 180 0
507 181 0
507 182 0
506 183 0
505 184 0
504 185 0
504 186 0
503 187 0
502 188 0
502 189 0
501 190 0
501 191 0
500 192 0
500 193 0
500 194 0
500 195 0
500 196 0
500 197 0
500 198 0
500 199 0
500 200 0
500 201 0
499 202 0
499 203 0
499 204 0
499 205 0
498 206 0
497 207 0
497 208 0
496 209 0
495 210 0
494 211 0
493 211 0
492 211 0
365 436 0
366 436 0
367 436 0
368 436 0
369 436 0
370 436 0
371 436 0
372 435 0
373 435 0
374 435 0
375 435 0
376 435 0
377 435 0
378 435 0
379 435 0
380 435 0
381 435 0
382 435 0
383 435 0
384 435 0
385 435 0
386 435 0
387 435 0
388 435 0
389 434 0
390 434 0
391 433 0
392 433 0
393 432 0
394 432 0
395 432 0
396 431 0
397 431 0
398 430 0
399 430 0
400 429 0
401 429 0
402 428 0
403 427 0
404 426 0
405 426 0
406 425 0
407 424 0
408 423 0
409 422 0
410 421 0
411 420 0
412 419 0
413 418 0
414 417 0
414 416 0
415 415 0
416 414 0
416 413 0
417 412 0
417 411 0
418 410 0
419 409 0
419 408 0
420 407 0
420 406 0
420 405 0
420 404 0
421 403 0
421 402 0
421 401 0
422 400 0
422 399 0
423 398 0
424 397 0
424 396 0
425 395 0
425 394 0
426 393 0
426 392 0
427 391 0
428 390 0
428 389 0
428 388 0
429 387 0
430 386 0
430 385 0
431 384 0
431 383 0
432 382 0
432 381 0
432 380 0
433 379 0
433 378 0
433 377 0
434 376 0
434 375 0
435 374 0
435 373 0
436 372 0
436 371 0
436 370 0
437 369 0
438 368 0
438 367 0
438 366 0
439 365 0
439 364 0
440 363 0
440 362 0
440 361 0
441 360 0
441 359 0
441 358 0
442 357 0
442 356 0
443 355 0
443 354 0
444 353 0
444 352 0
445 351 0
445 350 0
446 349 0
446 348 0
447 347 0
447 346 0
447 345 0
448 344 0
448 343 0
448 342 0
449 341 0
449 340 0
450 339 0
450 338 0
450 337 0
451 336 0
451 335 0
452 334 0
452 333 0
452 332 0
453 331 0
453 330 0
454 329 0
454 328 0
454 327 0
454 326 0
454 325 0
455 324 0
455 323 0
456 322 0
456 321 0
457 320 0
457 319 0
458 318 0
458 317 0
458 316 0
459 315 0
459 314 0
459 313 0
459 312 0
460 311 0
460 310 0
460 309 0
461 308 0
461 307 0
461 306 0
461 305 0
461 304 0
462 303 0
462 302 0
462 301 0
463 300 0
463 299 0
463 298 0
463 297 0
464 296 0
464 295 0
464 294 0
464 293 0
465 292 0
465 291 0
465 290 0
465 289 0
466 288 0
466 287 0
466 286 0
467 285 0
467 284 0
467 283 0
468 282 0
468 281 0
468 280 0
469 279 0
469 278 0
469 277 0
469 276 0
470 275 0
470 274 0
470 273 0
470 272 0
470 271 0
471 270 0
471 269 0
472 268 0
472 267 0
472 266 0
473 265 0
473 264 0
473 263 0
473 262 0
473 261 0
473 260 0
472 259 0
471 258 0
470 259 0
470 260 0
470 261 0
470 262 0
469 263 0
469 264 0
469 265 0
469 266 0
468 267 0
468 268 0
468 269 0
467 270 0
467 271 0
467 272 0
467 273 0
467 274 0
466 275 0
466 276 0
466 277 0
466 278 0
465 279 0
465 280 0
464 281 0
464 282 0
464 283 0
464 284 0
463 285 0
463 286 0
463 287 0
462 288 0
462 289 0
462 290 0
462 291 0
462 292 0
461 293 0
461 294 0
461 295 0
461 296 0
460 297 0
460 298 0
460 299 0
460 300 0
459 301 0
459 302 0
459 303 0
458 304 0
458 305 0
458 306 0
458 307 0
457 308 0
457 309 0
457 310 0
457 311 0
457 312 0
456 313 0
456 314 0
455 315 0
455 316 0
455 317 0
455 318 0
454 319 0
454 320 0
453 321 0
453 322 0
452 323 0
452 324 0
452 325 0
451 326 0
451 327 0
451 328 0
450 329 0
450 330 0
450 331 0
450 332 0
449 333 0
449 334 0
448 335 0
448 336 0
447 337 0
447 338 0
447 339 0
446 340 0
446 341 0
445 342 0
445 343 0
445 344 0
444 345 0
444 346 0
444 347 0
443 348 0
443 349 0
442 350 0
442 351 0
441 352 0
441 353 0
440 354 0
440 355 0
439 356 0
439 357 0
439 358 0
438 359 0
438 360 0
437 361 0
437 362 0
437 363 0
436 364 0
436 365 0
435 366 0
435 367 0
434 368 0
434 369 0
433 370 0
433 371 0
432 372 0
432 373 0
431 374 0
431 375 0
431 376 0
430 377 0
430 378 0
429 379 0
429 380 0
429 381 0
428 382 0
428 383 0
428 384 0
427 385 0
427 386 0
426 387 0
425 388 0
425 389 0
425 390 0
424 391 0
423 392 0
423 393 0
423 394 0
422 395 0
421 396 0
421 397 0
420 398 0
420 399 0
419 400 0
419 401 0
418 402 0
418 403 0
417 404 0
417 405 0
417 406 0
417 407 0
416 408 0
416 409 0
415 410 0
415 411 0
414 412 0
414 413 0
413 414 0
412 415 0
411 416 0
411 417 0
410 418 0
409 419 0
408 420 0
407 421 0
406 422 0
405 423 0
404 423 0
403 424 0
402 425 0
401 426 0
400 426 0
399 427 0
398 427 0
397 428 0
398 427 0
399 427 0
400 426 0
401 425 0
402 425 0
403 424 0
404 423 0
405 422 0
406 421 0
407 420 0
408 419 0
409 418 0
410 417 0
411 416 0
411 415 0
412 414 0
413 413 0
414 412 0
414 411 0
415 410 0
415 409 0
416 408 0
416 407 0
417 406 0
417 405 0
417 404 0
418 403 0
418 402 0
418 401 0
419 400 0
420 399 0
420 398 0
420 397 0
421 396 0
421 395 0
422 394 0
423 393 0
423 392 0
424 391 0
424 390 0
425 389 0
425 388 0
425 387 0
426 386 0
427 385 0
427 384 0
428 383 0
428 382 0
428 381 0
429 380 0
429 379 0
430 378 0
430 377 0
431 376 0
431 375 0
431 374 0
431 373 0
432 372 0
432 371 0
433 370 0
433 369 0
434 368 0
434 367 0
435 366 0
436 365 0
436 364 0
436 363 0
437 362 0
437 361 0
438 360 0
438 359 0
439 358 0
439 357 0
439 356 0
440 355 0
440 354 0
441 353 0
441 352 0
441 351 0
442 350 0
442 349 0
443 348 0
443 347 0
444 346 0
444 345 0
445 344 0
445 343 0
445 342 0
446 341 0
446 340 0
447 339 0
447 338 0
447 337 0
448 336 0
448 335 0
448 334 0
449 333 0
449 332 0
450 331 0
450 330 0
450 329 0
451 328 0
451 327 0
451 326 0
452 325 0
452 324 0
452 323 0
452 322 0
453 321 0
453 320 0
454 319 0
454 318 0
455 317 0
455 316 0
455 315 0
456 314 0
456 313 0
456 312 0
457 311 0
457 310 0
457 309 0
457 308 0
458 307 0
458 306 0
458 305 0
458 304 0
459 303 0
459 302 0
459 301 0
460 300 0
460 299 0
460 298 0
460 297 0
461 296 0
461 295 0
461 294 0
461 293 0
462 292 0
462 291 0
462 290 0
462 289 0
462 288 0
462 287 0
463 286 0
463 285 0
464 284 0
464 283 0
464 282 0
464 281 0
465 280 0
465 279 0
466 278 0
466 277 0
466 276 0
466 275 0
467 274 0
467 273 0
467 272 0
467 271 0
467 270 0
468 269 0
468 268 0
468 267 0
468 266 0
469 265 0
469 264 0
469 263 0
470 262 0
470 261 0
470 260 0
470 259 0
470 258 0
471 257 0
471 256 0
471 255 0
471 254 0
471 253 0
472 252 0
472 251 0
472 250 0
472 249 0
473 248 0
473 247 0
473 246 0
473 245 0
473 244 0
473 243 0
474 242 0
474 241 0
474 240 0
475 239 0
475 238 0
475 237 0
475 236 0
476 235 0
476 234 0
476 233 0
477 232 0
477 231 0
477 230 0
477 229 0
478 228 0
478 227 0
478 226 0
478 225 0
478 224 0
479 223 0
480 222 0
480 221 0
481 220 0
481 219 0
481 218 0
482 217 0
482 216 0
483 215 0
483 214 0
483 213 0
484 212 0
485 211 0
486 211 0
487 211 0
487 212 0
488 213 0
488 214 0
487 215 0
487 216 0
486 217 0
485 218 0
485 219 0
485 220 0
484 221 0
484 222 0
483 223 0
483 224 0
483 225 0
482 226 0
482 227 0
481 228 0
481 229 0
480 230 0
480 231 0
480 232 0
480 233 0
479 234 0
479 235 0
479 236 0
478 237 0
478 238 0
478 239 0
478 240 0
477 241 0
477 242 0
477 243 0
476 244 0
476 245 0
476 246 0
476 247 0
476 248 0
476 249 0
477 250 0
477 251 0
477 252 0
477 253 0
477 254 0
476 255 0
476 256 0
476 257 0
475 258 0
475 259 0
475 258 0
476 257 0
476 256 0
476 255 0
477 254 0
477 253 0
477 252 0
477 251 0
477 250 0
476 249 0
476 248 0
476 247 0
476 246 0
476 245 0
476 244 0
477 243 0
477 242 0
477 241 0
478 240 0
478 239 0
478 238 0
478 237 0
479 236 0
479 235 0
479 234 0
480 233 0
480 232 0
480 231 0
480 230 0
481 229 0
481 228 0
482 227 0
482 226 0
482 225 0
483 224 0
483 223 0
484 222 0
484 221 0
484 220 0
485 219 0
485 218 0
486 217 0
486 216 0
487 215 0
487 214 0
488 213 0
487 212 0
486 211 0
485 212 0
484 213 0
483 214 0
483 215 0
482 216 0
482 217 0
482 218 0
481 219 0
481 220 0
480 221 0
480 222 0
480 223 0
479 224 0
478 225 0
478 226 0
478 227 0
478 228 0
477 229 0
477 230 0
477 231 0
477 232 0
476 233 0
476 234 0
476 235 0
475 236 0
475 237 0
475 238 0
475 239 0
475 240 0
474 241 0
474 242 0
473 243 0
473 244 0
473 245 0
473 246 0
473 247 0
473 248 0
472 249 0
472 250 0
472 251 0
472 252 0
471 253 0
471 254 0
471 255 0
471 256 0
471 257 0
472 258 0
472 259 0
473 260 0
473 261 0
473 262 0
473 263 0
473 264 0
473 265 0
472 266 0
472 267 0
472 268 0
471 269 0
471 270 0
470 271 0
470 272 0
470 273 0
470 274 0
470 275 0
469 276 0
469 277 0
469 278 0
469 279 0
468 280 0
468 281 0
468 282 0
467 283 0
467 284 0
467 285 0
466 286 0
466 287 0
466 288 0
465 289 0
465 290 0
465 291 0
465 292 0
464 293 0
464 294 0
464 295 0
464 296 0
463 297 0
463 298 0
463 299 0
463 300 0
462 301 0
462 302 0
462 303 0
461 304 0
461 305 0
461 306 0
461 307 0
461 308 0
460 309 0
460 310 0
460 311 0
459 312 0
459 313 0
459 314 0
459 315 0
458 316 0
458 317 0
458 318 0
457 319 0
457 320 0
456 321 0
456 322 0
455 323 0
455 324 0
455 325 0
454 326 0
454 327 0
454 328 0
454 329 0
453 330 0
453 331 0
452 332 0
452 333 0
452 334 0
451 335 0
451 336 0
451 337 0
450 338 0
450 339 0
449 340 0
449 341 0
449 342 0
448 343 0
448 344 0
447 345 0
447 346 0
447 347 0
446 348 0
446 349 0
446 350 0
445 351 0
445 352 0
444 353 0
444 354 0
443 355 0
443 356 0
442 357 0
442 358 0
441 359 0
441 360 0
441 361 0
440 362 0
440 363 0
439 364 0
439 365 0
439 366 0
438 367 0
438 368 0
437 369 0
437 370 0
436 371 0
436 372 0
436 373 0
435 374 0
435 375 0
434 376 0
434 377 0
433 378 0
433 379 0
432 380 0
432 381 0
432 382 0
431 383 0
431 384 0
430 385 0
430 386 0
430 387 0
429 388 0
428 389 0
428 390 0
427 391 0
427 392 0
426 393 0
426 394 0
425 395 0
425 396 0
424 397 0
424 398 0
423 399 0
422 400 0
422 401 0
421 402 0
421 403 0
420 404 0
420 405 0
420 406 0
420 407 0
419 408 0
419 409 0
419 410 0
418 411 0
417 412 0
417 413 0
416 414 0
416 415 0
415 416 0
414 417 0
414 418 0
413 419 0
412 420 0
411 421 0
410 422 0
409 423 0
408 424 0
407 425 0
406 426 0
405 426 0
404 427 0
403 428 0
402 429 0
401 429 0
400 429 0
399 430 0
398 430 0
397 431 0
396 431 0
395 432 0
394 432 0
393 433 0
392 433 0
391 434 0
390 434 0
389 435 0
388 435 0
387 435 0
386 435 0
385 435 0
384 435 0
383 435 0
382 435 0
381 435 0
380 435 0
379 435 0
378 435 0
377 435 0
376 435 0
375 435 0
374 435 0
373 435 0
372 435 0
371 436 0
370 436 0
369 436 0
368 436 0
367 436 0
366 436 0
