446 379 0
447 378 0
447 377 0
447 376 0
448 375 0
448 374 0
449 373 0
448 374 0
448 375 0
448 376 0
447 377 0
447 378 0
372 436 0
373 436 0
374 436 0
375 436 0
376 436 0
377 436 0
378 436 0
379 436 0
380 436 0
381 436 0
382 436 0
383 436 0
384 436 0
385 436 0
386 436 0
387 435 0
388 435 0
389 434 0
390 434 0
391 433 0
392 432 0
391 431 0
390 431 0
389 431 0
388 432 0
387 432 0
386 433 0
385 434 0
384 434 0
383 434 0
384 434 0
385 434 0
386 433 0
387 432 0
388 432 0
389 431 0
390 431 0
391 431 0
392 431 0
393 432 0
394 432 0
395 431 0
396 431 0
397 430 0
398 430 0
399 430 0
400 429 0
401 429 0
402 428 0
403 428 0
404 427 0
405 427 0
406 426 0
407 425 0
408 425 0
409 424 0
410 423 0
411 422 0
412 422 0
413 421 0
414 420 0
415 419 0
416 418 0
417 417 0
418 416 0
419 415 0
420 414 0
421 413 0
422 412 0
423 411 0
424 410 0
425 409 0
425 408 0
426 407 0
427 406 0
428 405 0
429 404 0
429 403 0
430 402 0
431 401 0
432 400 0
433 399 0
434 398 0
434 397 0
434 396 0
435 395 0
436 394 0
437 393 0
438 392 0
438 391 0
438 390 0
438 389 0
438 388 0
439 387 0
440 386 0
440 385 0
441 384 0
442 383 0
442 382 0
442 381 0
443 380 0
443 379 0
444 378 0
444 377 0
444 376 0
445 375 0
445 374 0
446 373 0
446 372 0
446 371 0
446 370 0
447 369 0
447 368 0
448 367 0
448 366 0
448 365 0
448 364 0
449 363 0
449 362 0
449 361 0
450 360 0
450 359 0
450 358 0
450 357 0
450 356 0
451 355 0
451 354 0
451 353 0
451 352 0
452 351 0
452 350 0
452 349 0
452 348 0
452 347 0
453 346 0
453 345 0
453 344 0
453 343 0
453 342 0
454 341 0
454 340 0
454 339 0
454 338 0
455 337 0
455 336 0
455 335 0
454 334 0
455 334 0
456 333 0
455 332 0
455 331 0
456 330 0
456 329 0
457 328 0
457 327 0
457 326 0
457 325 0
458 324 0
458 323 0
458 322 0
458 321 0
458 320 0
459 319 0
459 318 0
459 317 0
459 316 0
459 315 0
459 314 0
460 313 0
460 312 0
460 311 0
460 310 0
460 309 0
460 308 0
460 307 0
461 306 0
461 305 0
461 304 0
461 303 0
461 302 0
462 301 0
462 300 0
462 299 0
462 298 0
463 297 0
463 296 0
463 295 0
464 294 0
464 293 0
464 292 0
464 291 0
465 290 0
465 289 0
465 288 0
466 287 0
466 286 0
466 285 0
465 284 0
464 283 0
463 284 0
463 285 0
463 286 0
462 287 0
462 288 0
462 289 0
461 290 0
461 291 0
461 292 0
461 293 0
461 294 0
460 295 0
460 296 0
460 297 0
459 298 0
459 299 0
459 300 0
459 301 0
458 302 0
458 303 0
458 304 0
458 305 0
458 306 0
458 307 0
457 308 0
457 309 0
457 310 0
457 311 0
457 312 0
457 313 0
456 314 0
456 315 0
456 316 0
456 317 0
456 318 0
455 319 0
455 320 0
455 321 0
455 322 0
454 323 0
454 324 0
454 325 0
454 326 0
454 327 0
453 328 0
453 329 0
453 330 0
453 331 0
453 332 0
452 333 0
452 334 0
452 335 0
452 336 0
451 337 0
451 338 0
451 339 0
451 340 0
450 341 0
450 342 0
450 343 0
450 344 0
450 345 0
450 346 0
449 347 0
449 348 0
449 349 0
449 350 0
449 351 0
448 352 0
448 353 0
448 354 0
447 355 0
447 356 0
447 357 0
447 358 0
447 359 0
446 360 0
446 361 0
446 362 0
445 363 0
445 364 0
445 365 0
445 366 0
444 367 0
444 368 0
444 369 0
443 370 0
443 371 0
443 372 0
442 373 0
442 374 0
441 375 0
441 376 0
441 377 0
440 378 0
440 379 0
439 380 0
439 381 0
438 382 0
438 383 0
437 384 0
437 385 0
436 386 0
436 387 0
435 388 0
435 389 0
434 390 0
434 391 0
433 392 0
433 393 0
432 394 0
431 395 0
431 396 0
430 397 0
429 398 0
429 399 0
428 400 0
427 401 0
427 402 0
426 403 0
425 404 0
425 405 0
424 406 0
423 407 0
422 408 0
421 409 0
420 410 0
419 411 0
419 412 0
418 413 0
417 414 0
416 415 0
415 416 0
414 417 0
413 418 0
412 418 0
411 419 0
410 420 0
409 421 0
408 422 0
407 422 0
406 423 0
405 424 0
404 424 0
403 425 0
402 425 0
401 426 0
400 426 0
399 427 0
400 426 0
401 426 0
402 425 0
403 424 0
404 424 0
405 423 0
406 422 0
407 422 0
408 421 0
409 420 0
410 419 0
411 418 0
412 418 0
413 417 0
414 416 0
415 415 0
416 414 0
417 413 0
418 412 0
419 411 0
419 410 0
420 409 0
421 408 0
422 407 0
423 406 0
424 405 0
425 404 0
425 403 0
426 402 0
427 401 0
427 400 0
428 399 0
429 398 0
429 397 0
430 396 0
431 395 0
431 394 0
432 393 0
433 392 0
433 391 0
434 390 0
434 389 0
435 388 0
436 387 0
436 386 0
436 385 0
437 384 0
437 383 0
438 382 0
438 381 0
439 380 0
439 379 0
440 378 0
440 377 0
441 376 0
441 375 0
442 374 0
442 373 0
443 372 0
443 371 0
443 370 0
444 369 0
444 368 0
444 367 0
445 366 0
445 365 0
445 364 0
445 363 0
446 362 0
446 361 0
446 360 0
447 359 0
447 358 0
447 357 0
447 356 0
447 355 0
448 354 0
448 353 0
448 352 0
449 351 0
449 350 0
449 349 0
449 348 0
449 347 0
450 346 0
450 345 0
450 344 0
450 343 0
450 342 0
450 341 0
451 340 0
451 339 0
451 338 0
451 337 0
452 336 0
452 335 0
452 334 0
452 333 0
453 332 0
453 331 0
453 330 0
453 329 0
453 328 0
454 327 0
454 326 0
454 325 0
454 324 0
454 323 0
455 322 0
455 321 0
455 320 0
455 319 0
456 318 0
456 317 0
456 316 0
456 315 0
456 314 0
457 313 0
457 312 0
457 311 0
457 310 0
457 309 0
457 308 0
458 307 0
458 306 0
458 305 0
458 304 0
458 303 0
458 302 0
459 301 0
459 300 0
459 299 0
459 298 0
459 297 0
460 296 0
460 295 0
460 294 0
461 293 0
461 292 0
461 291 0
461 290 0
462 289 0
462 288 0
462 287 0
463 286 0
463 285 0
463 284 0
464 283 0
464 282 0
464 281 0
464 280 0
465 279 0
465 278 0
465 277 0
465 276 0
466 275 0
466 274 0
466 273 0
467 272 0
467 271 0
467 270 0
467 269 0
468 268 0
468 267 0
468 266 0
468 265 0
469 264 0
469 263 0
469 262 0
469 261 0
469 260 0
470 259 0
470 258 0
470 257 0
470 256 0
471 255 0
471 254 0
471 253 0
471 252 0
472 251 0
472 250 0
472 249 0
472 248 0
472 247 0
473 246 0
473 245 0
473 244 0
473 243 0
474 242 0
474 241 0
474 240 0
474 239 0
475 238 0
475 237 0
475 236 0
475 235 0
475 234 0
475 233 0
475 232 0
476 231 0
477 230 0
478 229 0
478 228 0
479 227 0
479 226 0
479 225 0
480 224 0
480 223 0
480 222 0
481 221 0
481 220 0
482 219 0
482 218 0
483 217 0
483 216 0
484 215 0
484 214 0
485 214 0
486 214 0
487 213 0
488 213 0
489 212 0
490 211 0
491 211 0
492 210 0
492 209 0
493 208 0
494 207 0
494 206 0
495 205 0
495 204 0
495 203 0
496 202 0
496 201 0
496 200 0
496 199 0
496 198 0
496 197 0
496 196 0
496 195 0
497 194 0
497 193 0
497 192 0
497 191 0
497 190 0
498 189 0
499 188 0
499 187 0
500 186 0
500 185 0
501 184 0
501 183 0
502 182 0
502 181 0
503 180 0
503 179 0
504 178 0
505 177 0
506 176 0
507 175 0
507 174 0
508 173 0
509 173 0
510 172 0
511 171 0
512 170 0
512 169 0
513 168 0
513 167 0
514 166 0
514 165 0
515 164 0
515 163 0
516 162 0
516 161 0
516 160 0
517 159 0
518 158 0
518 157 0
519 156 0
520 155 0
521 154 0
521 153 0
522 152 0
522 151 0
523 150 0
523 149 0
524 148 0
525 147 0
526 146 0
527 145 0
527 144 0
528 143 0
528 142 0
529 141 0
529 140 0
530 139 0
531 138 0
532 137 0
532 136 0
533 135 0
534 134 0
533 135 0
533 136 0
532 137 0
531 138 0
531 139 0
530 140 0
529 141 0
529 142 0
528 143 0
527 144 0
527 145 0
526 146 0
526 147 0
525 148 0
524 149 0
523 150 0
523 151 0
522 152 0
522 153 0
521 154 0
521 155 0
520 156 0
519 157 0
518 158 0
518 159 0
517 160 0
516 161 0
516 162 0
515 163 0
515 164 0
515 165 0
514 166 0
514 167 0
513 168 0
513 169 0
512 170 0
512 171 0
511 172 0
510 173 0
509 173 0
508 174 0
507 175 0
507 176 0
506 177 0
505 178 0
504 179 0
503 180 0
503 181 0
502 182 0
502 183 0
501 184 0
501 185 0
500 186 0
500 187 0
499 188 0
499 189 0
498 190 0
497 191 0
497 192 0
497 193 0
497 194 0
496 195 0
496 196 0
496 197 0
497 198 0
496 199 0
496 200 0
496 201 0
496 202 0
495 203 0
495 204 0
495 205 0
495 206 0
494 207 0
494 208 0
493 209 0
492 210 0
492 211 0
491 211 0
490 212 0
489 212 0
488 213 0
487 214 0
487 215 0
488 216 0
489 215 0
490 215 0
491 214 0
492 213 0
493 213 0
494 212 0
495 211 0
495 210 0
496 209 0
497 208 0
497 207 0
498 206 0
498 205 0
498 204 0
499 203 0
499 202 0
499 201 0
499 200 0
499 199 0
499 198 0
499 197 0
499 196 0
499 195 0
500 194 0
500 193 0
500 192 0
501 191 0
501 190 0
502 189 0
502 188 0
503 187 0
504 186 0
504 185 0
505 184 0
505 183 0
506 182 0
506 181 0
507 180 0
507 179 0
508 178 0
509 177 0
510 176 0
511 175 0
512 174 0
513 173 0
514 172 0
515 171 0
515 170 0
516 169 0
516 168 0
517 167 0
517 166 0
518 165 0
518 164 0
518 163 0
519 162 0
519 161 0
520 160 0
520 159 0
521 158 0
522 157 0
523 156 0
523 155 0
524 154 0
524 153 0
525 152 0
526 151 0
527 150 0
527 149 0
528 148 0
529 147 0
529 146 0
530 145 0
530 144 0
531 143 0
532 142 0
533 141 0
533 140 0
534 139 0
535 138 0
536 137 0
536 136 0
537 135 0
538 134 0
538 133 0
539 132 0
539 131 0
540 130 0
540 129 0
541 128 0
541 127 0
542 126 0
543 125 0
543 124 0
543 123 0
543 122 0
544 121 0
544 120 0
544 119 0
545 118 0
545 117 0
545 116 0
546 115 0
546 114 0
546 113 0
547 112 0
547 111 0
547 110 0
547 109 0
548 108 0
548 107 0
548 106 0
548 105 0
549 104 0
549 103 0
550 102 0
551 101 0
551 100 0
552 99 0
553 98 0
553 97 0
552 96 0
551 96 0
550 96 0
549 97 0
548 97 0
547 98 0
546 99 0
546 100 0
546 101 0
545 102 0
545 103 0
545 104 0
545 105 0
544 106 0
544 107 0
544 108 0
544 109 0
544 110 0
544 111 0
543 112 0
543 113 0
543 114 0
542 115 0
542 116 0
542 117 0
542 118 0
541 119 0
541 120 0
541 121 0
540 122 0
540 123 0
539 124 0
539 125 0
539 126 0
538 127 0
537 128 0
537 129 0
537 128 0
537 127 0
538 126 0
539 125 0
539 124 0
540 123 0
540 122 0
541 121 0
541 120 0
541 119 0
542 118 0
542 117 0
542 116 0
542 115 0
543 114 0
543 113 0
543 112 0
544 111 0
544 110 0
544 109 0
544 108 0
544 107 0
544 106 0
545 105 0
545 104 0
545 103 0
545 102 0
546 101 0
546 100 0
546 99 0
546 98 0
547 97 0
548 97 0
549 96 0
550 96 0
551 96 0
552 96 0
553 97 0
554 96 0
554 95 0
555 94 0
555 93 0
556 92 0
556 91 0
557 90 0
558 89 0
558 88 0
559 87 0
559 86 0
559 85 0
560 84 0
561 83 0
561 82 0
561 81 0
562 80 0
562 79 0
562 78 0
563 77 0
562 78 0
562 79 0
562 80 0
561 81 0
561 82 0
561 83 0
560 84 0
559 85 0
559 86 0
559 87 0
558 88 0
558 89 0
558 90 0
557 91 0
556 92 0
555 93 0
555 94 0
554 95 0
554 96 0
553 97 0
553 98 0
553 99 0
552 100 0
551 101 0
551 102 0
550 103 0
549 104 0
549 105 0
548 106 0
548 107 0
548 108 0
547 109 0
547 110 0
547 111 0
547 112 0
546 113 0
546 114 0
546 115 0
545 116 0
545 117 0
545 118 0
545 119 0
545 120 0
544 121 0
544 122 0
543 123 0
543 124 0
543 125 0
542 126 0
542 127 0
541 128 0
541 129 0
540 130 0
540 131 0
539 132 0
538 133 0
538 134 0
538 135 0
537 136 0
536 137 0
535 138 0
535 139 0
534 140 0
533 141 0
532 142 0
532 143 0
531 144 0
530 145 0
530 146 0
529 147 0
529 148 0
528 148 0
527 149 0
527 150 0
527 151 0
526 152 0
525 153 0
524 154 0
524 155 0
523 156 0
523 157 0
522 158 0
521 159 0
520 160 0
520 161 0
519 162 0
519 163 0
518 164 0
518 165 0
517 166 0
517 167 0
516 168 0
516 169 0
515 170 0
515 171 0
515 172 0
514 173 0
513 174 0
512 175 0
511 175 0
510 176 0
510 177 0
509 178 0
508 179 0
507 180 0
507 181 0
506 182 0
506 183 0
505 184 0
505 185 0
504 186 0
504 187 0
503 188 0
502 189 0
502 190 0
501 191 0
501 192 0
500 193 0
500 194 0
499 195 0
499 196 0
499 197 0
499 198 0
499 199 0
499 200 0
499 201 0
499 202 0
499 203 0
498 204 0
498 205 0
498 206 0
497 207 0
497 208 0
497 209 0
496 210 0
495 211 0
495 212 0
494 213 0
493 213 0
492 214 0
491 214 0
490 215 0
489 215 0
488 216 0
487 217 0
486 218 0
486 219 0
485 220 0
485 221 0
484 222 0
484 223 0
483 224 0
483 225 0
482 226 0
482 227 0
482 228 0
482 229 0
481 230 0
481 231 0
480 232 0
480 233 0
480 234 0
479 235 0
479 236 0
479 237 0
478 238 0
478 239 0
478 240 0
477 241 0
477 242 0
477 243 0
476 244 0
476 245 0
476 246 0
476 247 0
475 248 0
475 249 0
475 248 0
476 247 0
476 246 0
476 245 0
476 244 0
477 243 0
477 242 0
477 241 0
478 240 0
478 239 0
478 238 0
479 237 0
479 236 0
479 235 0
480 234 0
480 233 0
480 232 0
480 231 0
481 230 0
482 229 0
482 228 0
482 227 0
482 226 0
483 225 0
483 224 0
484 223 0
484 222 0
484 221 0
485 220 0
485 219 0
486 218 0
486 217 0
487 216 0
487 215 0
486 214 0
485 214 0
484 215 0
484 216 0
483 217 0
483 218 0
482 219 0
482 220 0
481 221 0
481 222 0
480 223 0
480 224 0
479 225 0
479 226 0
479 227 0
478 228 0
478 229 0
478 230 0
477 231 0
476 232 0
475 233 0
475 234 0
475 235 0
475 236 0
475 237 0
475 238 0
474 239 0
474 240 0
474 241 0
474 242 0
473 243 0
473 244 0
473 245 0
473 246 0
472 247 0
472 248 0
472 249 0
472 250 0
472 251 0
471 252 0
471 253 0
471 254 0
471 255 0
470 256 0
470 257 0
470 258 0
470 259 0
470 260 0
469 261 0
469 262 0
469 263 0
469 264 0
468 265 0
468 266 0
468 267 0
468 268 0
467 269 0
467 270 0
467 271 0
467 272 0
466 273 0
466 274 0
466 275 0
465 276 0
465 277 0
465 278 0
465 279 0
464 280 0
464 281 0
464 282 0
464 283 0
465 284 0
466 284 0
467 283 0
467 282 0
467 281 0
468 280 0
468 279 0
468 278 0
468 277 0
469 276 0
469 275 0
469 274 0
470 273 0
470 272 0
470 271 0
471 270 0
471 269 0
471 268 0
472 267 0
472 266 0
473 265 0
473 264 0
473 263 0
473 262 0
474 261 0
475 260 0
475 259 0
475 258 0
475 257 0
476 256 0
476 255 0
476 254 0
476 253 0
477 252 0
477 251 0
477 250 0
477 251 0
477 252 0
476 253 0
476 254 0
476 255 0
476 256 0
475 257 0
475 258 0
475 259 0
475 260 0
474 261 0
474 262 0
473 263 0
473 264 0
473 265 0
472 266 0
472 267 0
471 268 0
471 269 0
471 270 0
470 271 0
470 272 0
470 273 0
469 274 0
469 275 0
469 276 0
468 277 0
468 278 0
468 279 0
468 280 0
467 281 0
467 282 0
467 283 0
467 284 0
466 285 0
466 286 0
466 287 0
465 288 0
465 289 0
465 290 0
464 291 0
464 292 0
464 293 0
464 294 0
463 295 0
463 296 0
463 297 0
462 298 0
462 299 0
462 300 0
462 301 0
461 302 0
461 303 0
461 304 0
461 305 0
461 306 0
460 307 0
460 308 0
460 309 0
460 310 0
460 311 0
460 312 0
460 313 0
459 314 0
459 315 0
459 316 0
459 317 0
459 318 0
459 319 0
458 320 0
458 321 0
458 322 0
458 323 0
458 324 0
457 325 0
457 326 0
457 327 0
457 328 0
456 329 0
456 330 0
456 331 0
455 332 0
456 333 0
455 334 0
455 335 0
455 336 0
455 337 0
454 338 0
454 339 0
454 340 0
454 341 0
453 342 0
453 343 0
453 344 0
453 345 0
453 346 0
452 347 0
452 348 0
452 349 0
452 350 0
452 351 0
451 352 0
451 353 0
451 354 0
451 355 0
450 356 0
450 357 0
450 358 0
450 359 0
450 360 0
449 361 0
449 362 0
449 363 0
448 364 0
448 365 0
448 366 0
448 367 0
447 368 0
447 369 0
447 370 0
446 371 0
446 372 0
446 373 0
445 374 0
445 375 0
445 376 0
444 377 0
444 378 0
444 379 0
443 380 0
443 381 0
442 382 0
442 383 0
441 384 0
441 385 0
440 386 0
440 387 0
441 388 0
441 389 0
441 388 0
440 387 0
439 387 0
438 388 0
438 389 0
438 390 0
438 391 0
438 392 0
438 393 0
437 394 0
436 395 0
435 396 0
434 397 0
434 398 0
434 399 0
433 400 0
432 401 0
431 402 0
430 403 0
429 404 0
429 405 0
428 406 0
427 407 0
426 408 0
425 409 0
425 410 0
424 411 0
423 412 0
422 413 0
421 414 0
420 415 0
419 416 0
418 417 0
417 418 0
416 419 0
415 420 0
414 421 0
413 421 0
412 422 0
411 423 0
410 424 0
409 424 0
408 425 0
407 426 0
406 426 0
405 427 0
404 427 0
403 428 0
402 429 0
401 429 0
400 429 0
399 430 0
398 430 0
397 431 0
396 431 0
395 432 0
394 432 0
393 432 0
392 433 0
391 433 0
390 434 0
389 435 0
388 435 0
387 436 0
386 436 0
385 436 0
384 436 0
383 436 0
382 436 0
381 436 0
380 436 0
379 436 0
378 436 0
377 436 0
376 436 0
375 436 0
374 436 0
373 436 0
