493 212 0
493 211 0
494 210 0
494 209 0
494 208 0
495 207 0
495 206 0
496 205 0
496 204 0
496 203 0
496 202 0
496 201 0
496 200 0
496 199 0
497 198 0
497 197 0
497 196 0
497 195 0
497 194 0
497 193 0
497 192 0
497 191 0
497 190 0
498 189 0
499 188 0
499 187 0
500 186 0
500 185 0
501 184 0
502 183 0
502 182 0
503 181 0
504 180 0
504 179 0
505 178 0
505 177 0
506 176 0
507 175 0
508 175 0
509 174 0
510 173 0
511 173 0
512 172 0
513 171 0
514 170 0
514 169 0
515 168 0
515 167 0
516 166 0
516 165 0
516 164 0
516 163 0
517 162 0
517 161 0
517 160 0
517 159 0
518 158 0
518 157 0
519 156 0
519 155 0
519 154 0
519 153 0
520 152 0
521 151 0
522 150 0
523 149 0
524 148 0
524 147 0
525 146 0
525 145 0
526 144 0
527 143 0
527 142 0
527 141 0
528 140 0
529 139 0
529 138 0
530 137 0
530 136 0
531 135 0
532 134 0
532 133 0
533 132 0
533 131 0
534 130 0
534 129 0
535 128 0
535 127 0
536 126 0
537 125 0
537 124 0
538 123 0
538 122 0
539 121 0
539 120 0
539 119 0
540 118 0
540 117 0
541 116 0
541 115 0
542 114 0
542 113 0
542 112 0
543 111 0
543 110 0
544 109 0
544 108 0
544 107 0
545 106 0
545 105 0
545 104 0
546 103 0
546 102 0
546 101 0
546 100 0
547 99 0
548 98 0
548 97 0
548 96 0
548 95 0
549 94 0
550 93 0
550 92 0
551 91 0
551 90 0
552 89 0
552 88 0
552 87 0
553 86 0
553 85 0
554 84 0
554 83 0
554 82 0
555 81 0
555 80 0
556 79 0
556 78 0
556 79 0
556 80 0
555 81 0
555 82 0
554 83 0
554 84 0
553 85 0
553 86 0
553 87 0
552 88 0
552 89 0
551 90 0
551 91 0
550 92 0
550 93 0
550 94 0
549 95 0
548 96 0
548 97 0
548 98 0
547 99 0
547 100 0
546 101 0
546 102 0
546 103 0
545 104 0
545 105 0
545 106 0
545 107 0
544 108 0
544 109 0
543 110 0
543 111 0
543 112 0
542 113 0
542 114 0
541 115 0
541 116 0
541 117 0
540 118 0
540 119 0
539 120 0
539 121 0
538 122 0
538 123 0
538 124 0
537 125 0
537 126 0
536 127 0
535 128 0
535 129 0
534 130 0
534 131 0
533 132 0
533 133 0
532 134 0
532 135 0
531 136 0
530 137 0
530 138 0
529 139 0
529 140 0
528 141 0
527 142 0
527 143 0
526 144 0
526 145 0
525 146 0
524 147 0
524 148 0
524 149 0
523 150 0
522 151 0
521 152 0
520 153 0
519 154 0
519 155 0
519 156 0
518 157 0
518 158 0
518 159 0
517 160 0
517 161 0
517 162 0
516 163 0
516 164 0
516 165 0
516 166 0
515 167 0
515 168 0
515 169 0
514 170 0
514 171 0
513 172 0
512 173 0
511 173 0
510 174 0
509 174 0
508 175 0
507 176 0
506 177 0
505 178 0
505 179 0
504 180 0
504 181 0
503 182 0
502 183 0
502 184 0
501 185 0
500 186 0
500 187 0
499 188 0
499 189 0
498 190 0
497 191 0
497 192 0
497 193 0
497 194 0
497 195 0
497 196 0
497 197 0
497 198 0
496 199 0
496 200 0
496 201 0
496 202 0
496 203 0
496 204 0
496 205 0
495 206 0
495 207 0
495 208 0
494 209 0
494 210 0
493 211 0
493 214 0
494 214 0
495 213 0
496 212 0
496 211 0
497 210 0
497 209 0
498 208 0
498 207 0
499 206 0
499 205 0
499 204 0
499 203 0
499 202 0
499 201 0
499 200 0
500 199 0
500 198 0
500 197 0
500 196 0
500 195 0
500 194 0
501 193 0
501 192 0
501 191 0
501 190 0
502 189 0
502 188 0
503 187 0
503 186 0
504 185 0
505 184 0
505 183 0
506 182 0
507 181 0
507 180 0
508 179 0
508 178 0
509 177 0
510 176 0
511 176 0
512 176 0
513 175 0
514 174 0
515 173 0
516 172 0
517 171 0
517 170 0
517 169 0
518 168 0
518 167 0
518 166 0
519 165 0
519 164 0
519 163 0
520 162 0
520 161 0
520 160 0
520 159 0
521 158 0
521 157 0
522 156 0
522 155 0
523 154 0
524 153 0
525 152 0
525 151 0
526 150 0
527 149 0
527 148 0
528 147 0
528 146 0
529 145 0
529 144 0
530 143 0
531 142 0
531 141 0
532 140 0
533 139 0
533 138 0
534 137 0
534 136 0
535 135 0
535 134 0
536 133 0
537 132 0
537 131 0
538 130 0
538 129 0
539 128 0
539 127 0
540 126 0
540 125 0
541 124 0
541 123 0
541 122 0
542 121 0
543 120 0
543 119 0
544 118 0
544 117 0
544 116 0
545 115 0
545 114 0
546 113 0
546 112 0
546 111 0
547 110 0
547 109 0
547 108 0
548 107 0
548 106 0
548 105 0
549 104 0
549 103 0
549 102 0
550 101 0
550 100 0
550 99 0
551 98 0
551 97 0
552 96 0
552 95 0
553 94 0
553 93 0
554 92 0
554 91 0
554 90 0
555 89 0
556 88 0
556 87 0
556 86 0
557 85 0
557 84 0
557 83 0
558 82 0
558 81 0
559 80 0
559 79 0
559 80 0
558 81 0
558 82 0
557 83 0
557 84 0
557 85 0
556 86 0
556 87 0
556 88 0
555 89 0
555 90 0
554 91 0
554 92 0
554 93 0
553 94 0
553 95 0
552 96 0
551 97 0
551 98 0
550 99 0
550 100 0
550 101 0
549 102 0
549 103 0
549 104 0
548 105 0
548 106 0
548 107 0
547 108 0
547 109 0
547 110 0
546 111 0
546 112 0
546 113 0
545 114 0
545 115 0
545 116 0
544 117 0
544 118 0
544 119 0
543 120 0
543 121 0
542 122 0
541 123 0
541 124 0
541 125 0
540 126 0
540 127 0
539 128 0
539 129 0
538 130 0
538 131 0
537 132 0
537 133 0
536 134 0
535 135 0
535 136 0
534 137 0
534 138 0
533 139 0
533 140 0
532 141 0
531 142 0
531 143 0
530 144 0
529 145 0
529 146 0
528 147 0
528 148 0
527 149 0
527 150 0
526 151 0
525 152 0
525 153 0
524 154 0
523 155 0
522 156 0
522 157 0
521 158 0
521 159 0
520 160 0
520 161 0
520 162 0
519 163 0
519 164 0
519 165 0
519 166 0
518 167 0
518 168 0
517 169 0
517 170 0
517 171 0
517 172 0
516 173 0
515 174 0
514 175 0
513 175 0
512 176 0
511 176 0
510 177 0
509 178 0
508 179 0
508 180 0
507 181 0
507 182 0
506 183 0
505 184 0
505 185 0
504 186 0
503 187 0
503 188 0
502 189 0
501 190 0
501 191 0
501 192 0
501 193 0
500 194 0
500 195 0
500 196 0
500 197 0
500 198 0
500 199 0
499 200 0
499 201 0
499 202 0
499 203 0
499 204 0
499 205 0
499 206 0
498 207 0
498 208 0
497 209 0
497 210 0
497 211 0
496 212 0
496 213 0
495 213 0
494 214 0
461 319 0
461 318 0
461 317 0
461 316 0
461 315 0
461 314 0
461 315 0
461 316 0
461 317 0
461 318 0
431 394 0
431 393 0
432 392 0
433 391 0
433 390 0
433 389 0
434 388 0
435 388 0
436 387 0
436 386 0
437 385 0
437 384 0
438 383 0
439 382 0
439 381 0
439 380 0
440 379 0
441 378 0
442 377 0
442 376 0
443 375 0
443 374 0
444 373 0
444 372 0
445 371 0
445 370 0
445 369 0
446 368 0
446 367 0
447 366 0
447 365 0
447 364 0
448 363 0
448 362 0
449 361 0
449 360 0
449 361 0
448 362 0
448 363 0
447 364 0
447 365 0
447 366 0
446 367 0
446 368 0
445 369 0
445 370 0
445 371 0
444 372 0
444 373 0
444 374 0
443 375 0
443 376 0
442 377 0
442 378 0
441 379 0
440 380 0
439 381 0
439 382 0
439 383 0
438 384 0
437 385 0
437 386 0
436 387 0
436 388 0
435 388 0
434 389 0
433 390 0
433 391 0
432 392 0
432 393 0
366 437 0
367 436 0
368 436 0
369 436 0
370 436 0
371 436 0
372 436 0
373 436 0
374 436 0
375 436 0
376 436 0
377 436 0
378 436 0
379 435 0
380 435 0
381 435 0
382 435 0
383 435 0
384 435 0
385 435 0
386 434 0
387 434 0
388 434 0
389 433 0
390 433 0
391 433 0
392 432 0
393 432 0
394 431 0
395 431 0
396 430 0
397 430 0
398 430 0
399 429 0
400 429 0
401 428 0
402 427 0
403 427 0
404 426 0
405 425 0
406 424 0
407 423 0
408 422 0
409 421 0
410 420 0
411 419 0
411 418 0
412 417 0
413 416 0
414 415 0
414 414 0
415 413 0
416 412 0
416 411 0
417 410 0
417 409 0
418 408 0
419 407 0
419 406 0
420 405 0
421 404 0
421 403 0
422 402 0
423 401 0
423 400 0
424 399 0
424 398 0
425 397 0
425 396 0
426 395 0
426 394 0
427 393 0
428 392 0
428 391 0
429 390 0
430 389 0
430 388 0
431 387 0
431 386 0
432 385 0
433 384 0
433 383 0
434 382 0
434 381 0
435 380 0
436 379 0
436 378 0
437 377 0
437 376 0
438 375 0
438 374 0
438 373 0
439 372 0
439 371 0
440 370 0
440 369 0
441 368 0
441 367 0
442 366 0
442 365 0
442 364 0
443 363 0
443 362 0
444 361 0
444 360 0
445 359 0
446 358 0
446 357 0
447 356 0
447 355 0
447 354 0
448 353 0
448 352 0
449 351 0
449 350 0
449 349 0
450 348 0
450 347 0
450 346 0
450 345 0
451 344 0
451 343 0
451 342 0
452 341 0
452 340 0
452 339 0
452 338 0
453 337 0
453 336 0
453 335 0
454 334 0
454 333 0
454 332 0
455 331 0
455 330 0
455 329 0
455 328 0
455 327 0
455 326 0
456 325 0
456 324 0
457 323 0
457 322 0
457 321 0
457 320 0
458 319 0
458 318 0
458 317 0
458 316 0
458 315 0
459 314 0
459 313 0
459 312 0
459 311 0
459 310 0
460 309 0
460 308 0
460 307 0
460 306 0
461 305 0
461 304 0
461 303 0
461 302 0
461 301 0
462 300 0
462 299 0
462 298 0
462 297 0
462 296 0
463 295 0
463 294 0
463 293 0
463 292 0
464 291 0
464 290 0
464 289 0
465 288 0
465 287 0
465 286 0
466 285 0
466 284 0
466 283 0
467 282 0
467 281 0
467 280 0
467 279 0
468 278 0
468 277 0
468 276 0
468 275 0
469 274 0
469 273 0
469 272 0
470 271 0
470 270 0
470 269 0
470 268 0
471 267 0
471 266 0
472 265 0
472 264 0
473 263 0
473 262 0
473 261 0
474 260 0
474 259 0
475 258 0
475 257 0
475 256 0
475 255 0
475 254 0
475 253 0
475 252 0
475 251 0
475 250 0
475 249 0
476 248 0
476 247 0
476 246 0
476 245 0
476 244 0
476 243 0
477 242 0
477 241 0
477 240 0
477 239 0
478 238 0
477 237 0
478 236 0
478 235 0
479 234 0
479 233 0
479 232 0
480 231 0
480 230 0
481 229 0
481 228 0
481 227 0
482 226 0
482 225 0
482 224 0
483 223 0
483 222 0
484 221 0
484 220 0
485 219 0
485 218 0
485 217 0
486 216 0
487 215 0
487 214 0
486 213 0
485 213 0
484 214 0
483 215 0
483 216 0
482 217 0
482 218 0
481 219 0
481 220 0
480 221 0
480 222 0
479 223 0
479 224 0
479 225 0
479 226 0
478 227 0
478 228 0
477 229 0
477 230 0
476 231 0
476 232 0
476 233 0
475 234 0
475 235 0
475 236 0
475 237 0
474 238 0
474 239 0
474 240 0
474 241 0
473 242 0
473 243 0
473 244 0
473 245 0
472 246 0
472 247 0
472 248 0
472 249 0
471 250 0
471 251 0
471 252 0
471 253 0
470 254 0
470 255 0
470 256 0
470 257 0
470 258 0
469 259 0
469 260 0
469 261 0
468 262 0
468 263 0
468 264 0
468 265 0
468 266 0
467 267 0
467 268 0
467 269 0
466 270 0
466 271 0
466 272 0
466 273 0
465 274 0
465 275 0
465 276 0
465 277 0
465 278 0
464 279 0
464 280 0
464 281 0
463 282 0
463 283 0
463 284 0
462 285 0
462 286 0
462 287 0
462 288 0
461 289 0
461 290 0
461 291 0
460 292 0
460 293 0
460 294 0
460 295 0
459 296 0
459 297 0
459 298 0
459 299 0
459 300 0
458 301 0
458 302 0
458 303 0
458 304 0
457 305 0
457 306 0
457 307 0
457 308 0
456 309 0
456 310 0
456 311 0
456 312 0
456 313 0
455 314 0
455 315 0
455 316 0
455 317 0
455 318 0
455 319 0
454 320 0
454 321 0
454 322 0
454 323 0
454 324 0
453 325 0
453 326 0
453 327 0
452 328 0
452 329 0
452 330 0
451 331 0
451 332 0
451 333 0
451 334 0
450 335 0
450 336 0
450 337 0
449 338 0
449 339 0
449 340 0
449 341 0
448 342 0
448 343 0
448 344 0
447 345 0
447 346 0
447 347 0
446 348 0
446 349 0
446 350 0
445 351 0
445 352 0
444 353 0
444 354 0
443 355 0
443 356 0
442 357 0
442 358 0
442 359 0
441 360 0
441 361 0
440 362 0
440 363 0
439 364 0
438 365 0
438 366 0
438 367 0
437 368 0
437 369 0
436 370 0
436 371 0
435 372 0
435 373 0
434 374 0
434 375 0
433 376 0
433 377 0
432 378 0
432 379 0
432 380 0
431 381 0
431 382 0
430 383 0
429 384 0
429 385 0
428 386 0
428 387 0
427 388 0
426 389 0
426 390 0
425 391 0
424 392 0
424 393 0
423 394 0
422 395 0
421 396 0
421 397 0
421 398 0
421 399 0
420 400 0
420 401 0
419 402 0
418 403 0
418 404 0
417 405 0
416 406 0
415 407 0
415 408 0
414 409 0
413 410 0
413 411 0
412 412 0
411 413 0
411 414 0
410 415 0
409 416 0
409 417 0
408 418 0
407 419 0
406 420 0
406 421 0
405 422 0
404 423 0
403 424 0
402 424 0
401 425 0
400 426 0
399 426 0
398 427 0
397 427 0
398 426 0
399 426 0
400 425 0
401 425 0
402 424 0
403 423 0
404 422 0
405 421 0
406 420 0
407 419 0
407 418 0
408 417 0
409 416 0
409 415 0
410 414 0
411 413 0
412 412 0
412 411 0
413 410 0
413 409 0
414 408 0
415 407 0
415 406 0
416 405 0
417 404 0
418 403 0
418 402 0
419 401 0
420 400 0
420 399 0
421 398 0
421 397 0
421 396 0
422 395 0
422 394 0
423 393 0
424 392 0
424 391 0
425 390 0
426 389 0
426 388 0
427 387 0
428 386 0
428 385 0
429 384 0
429 383 0
430 382 0
431 381 0
431 380 0
432 379 0
432 378 0
432 377 0
433 376 0
433 375 0
434 374 0
435 373 0
435 372 0
436 371 0
436 370 0
436 369 0
437 368 0
438 367 0
438 366 0
438 365 0
439 364 0
440 363 0
440 362 0
440 361 0
441 360 0
441 359 0
442 358 0
442 357 0
442 356 0
443 355 0
443 354 0
444 353 0
444 352 0
445 351 0
445 350 0
446 349 0
446 348 0
447 347 0
447 346 0
447 345 0
448 344 0
448 343 0
448 342 0
448 341 0
449 340 0
449 339 0
449 338 0
450 337 0
450 336 0
450 335 0
450 334 0
451 333 0
451 332 0
451 331 0
452 330 0
452 329 0
452 328 0
453 327 0
453 326 0
453 325 0
454 324 0
454 323 0
454 322 0
454 321 0
454 320 0
455 319 0
455 318 0
455 317 0
455 316 0
455 315 0
455 314 0
456 313 0
456 312 0
456 311 0
456 310 0
456 309 0
457 308 0
457 307 0
457 306 0
457 305 0
458 304 0
458 303 0
458 302 0
458 301 0
459 300 0
459 299 0
459 298 0
459 297 0
459 296 0
460 295 0
460 294 0
460 293 0
460 292 0
461 291 0
461 290 0
461 289 0
462 288 0
462 287 0
462 286 0
462 285 0
463 284 0
463 283 0
463 282 0
464 281 0
464 280 0
464 279 0
464 278 0
465 277 0
465 276 0
465 275 0
465 274 0
466 273 0
466 272 0
466 271 0
466 270 0
467 269 0
467 268 0
467 267 0
467 266 0
468 265 0
468 264 0
468 263 0
468 262 0
468 261 0
469 260 0
469 259 0
470 258 0
470 257 0
470 256 0
470 255 0
470 254 0
471 253 0
471 252 0
471 251 0
471 250 0
472 249 0
472 248 0
472 247 0
472 246 0
473 245 0
473 244 0
473 243 0
473 242 0
473 241 0
474 240 0
474 239 0
474 238 0
475 237 0
475 236 0
475 235 0
475 234 0
476 233 0
476 232 0
476 231 0
477 230 0
477 229 0
477 228 0
478 227 0
478 226 0
479 225 0
479 224 0
479 223 0
480 222 0
480 221 0
481 220 0
481 219 0
482 218 0
482 217 0
482 216 0
483 215 0
483 214 0
484 213 0
485 213 0
486 213 0
487 213 0
487 214 0
487 215 0
486 216 0
486 217 0
485 218 0
485 219 0
484 220 0
484 221 0
484 222 0
483 223 0
483 224 0
482 225 0
482 226 0
481 227 0
481 228 0
481 229 0
480 230 0
480 231 0
480 232 0
479 233 0
479 234 0
478 235 0
478 236 0
478 237 0
478 238 0
477 239 0
477 240 0
477 241 0
477 242 0
476 243 0
476 244 0
476 245 0
476 246 0
476 247 0
476 248 0
475 249 0
475 250 0
475 251 0
475 252 0
475 253 0
475 254 0
475 255 0
475 256 0
475 257 0
475 258 0
474 259 0
474 260 0
473 261 0
473 262 0
473 263 0
472 264 0
472 265 0
471 266 0
471 267 0
470 268 0
470 269 0
470 270 0
470 271 0
469 272 0
469 273 0
469 274 0
468 275 0
468 276 0
468 277 0
468 278 0
467 279 0
467 280 0
467 281 0
467 282 0
466 283 0
466 284 0
466 285 0
465 286 0
465 287 0
465 288 0
464 289 0
464 290 0
464 291 0
463 292 0
463 293 0
463 294 0
463 295 0
462 296 0
462 297 0
462 298 0
462 299 0
462 300 0
461 301 0
461 302 0
461 303 0
461 304 0
461 305 0
460 306 0
460 307 0
460 308 0
460 309 0
459 310 0
459 311 0
459 312 0
459 313 0
459 314 0
458 315 0
458 316 0
458 317 0
458 318 0
458 319 0
457 320 0
457 321 0
457 322 0
457 323 0
456 324 0
456 325 0
456 326 0
455 327 0
455 328 0
455 329 0
455 330 0
455 331 0
454 332 0
454 333 0
454 334 0
453 335 0
453 336 0
453 337 0
452 338 0
452 339 0
452 340 0
452 341 0
451 342 0
451 343 0
451 344 0
450 345 0
450 346 0
450 347 0
450 348 0
449 349 0
449 350 0
449 351 0
448 352 0
448 353 0
447 354 0
447 355 0
447 356 0
446 357 0
446 358 0
446 359 0
445 360 0
444 361 0
444 362 0
443 363 0
443 364 0
442 365 0
442 366 0
442 367 0
441 368 0
441 369 0
440 370 0
439 371 0
439 372 0
439 373 0
438 374 0
438 375 0
438 376 0
437 377 0
437 378 0
436 379 0
436 380 0
435 381 0
434 382 0
434 383 0
433 384 0
433 385 0
432 386 0
431 387 0
431 388 0
430 389 0
429 390 0
429 391 0
428 392 0
427 393 0
427 394 0
426 395 0
426 396 0
425 397 0
425 398 0
424 399 0
424 400 0
423 401 0
423 402 0
422 403 0
421 404 0
421 405 0
420 406 0
419 407 0
419 408 0
418 409 0
417 410 0
417 411 0
416 412 0
416 413 0
415 414 0
414 415 0
414 416 0
413 417 0
412 418 0
411 419 0
411 420 0
410 421 0
409 422 0
408 423 0
407 424 0
406 425 0
405 426 0
404 427 0
403 427 0
402 428 0
401 428 0
400 429 0
399 429 0
398 430 0
397 430 0
396 431 0
395 431 0
394 431 0
393 432 0
392 432 0
391 433 0
390 433 0
389 433 0
388 434 0
387 434 0
386 435 0
385 435 0
384 435 0
383 435 0
382 435 0
381 435 0
380 435 0
379 435 0
378 436 0
377 436 0
376 436 0
375 436 0
374 436 0
373 436 0
372 436 0
371 436 0
370 436 0
369 436 0
368 436 0
367 436 0
