514 172 0
515 171 0
516 170 0
517 169 0
517 168 0
517 167 0
518 166 0
518 165 0
519 164 0
519 163 0
520 162 0
520 161 0
520 160 0
521 159 0
521 158 0
521 157 0
522 156 0
523 155 0
523 154 0
524 153 0
524 152 0
525 151 0
525 150 0
526 149 0
527 148 0
528 147 0
528 146 0
529 145 0
529 144 0
530 143 0
530 142 0
531 141 0
532 140 0
533 139 0
533 138 0
534 137 0
534 136 0
535 135 0
535 134 0
536 133 0
537 132 0
538 131 0
538 130 0
539 129 0
539 128 0
540 127 0
540 126 0
541 125 0
541 124 0
542 123 0
541 124 0
541 125 0
540 126 0
540 127 0
540 128 0
539 129 0
539 130 0
538 131 0
538 132 0
537 133 0
536 134 0
535 135 0
535 136 0
534 137 0
534 138 0
533 139 0
533 140 0
532 141 0
531 142 0
530 143 0
530 144 0
529 145 0
529 146 0
528 147 0
528 148 0
527 149 0
526 150 0
525 151 0
525 152 0
524 153 0
524 154 0
523 155 0
522 156 0
522 157 0
521 158 0
521 159 0
520 160 0
520 161 0
520 162 0
520 163 0
519 164 0
519 165 0
518 166 0
518 167 0
517 168 0
517 169 0
517 170 0
516 171 0
515 172 0
490 212 0
491 212 0
492 212 0
493 212 0
494 212 0
495 212 0
496 211 0
497 210 0
498 209 0
498 208 0
499 207 0
499 206 0
499 205 0
500 204 0
500 203 0
500 202 0
500 201 0
500 200 0
500 199 0
500 198 0
500 197 0
500 196 0
500 195 0
500 194 0
500 193 0
500 192 0
500 191 0
500 190 0
501 189 0
501 188 0
502 187 0
503 186 0
503 185 0
504 184 0
505 183 0
505 182 0
506 181 0
506 180 0
507 179 0
508 178 0
508 177 0
509 176 0
509 175 0
510 174 0
511 173 0
511 172 0
510 171 0
509 171 0
508 172 0
508 173 0
507 174 0
506 175 0
506 176 0
505 177 0
505 178 0
504 179 0
503 180 0
503 181 0
502 182 0
502 183 0
501 184 0
500 185 0
500 186 0
499 187 0
498 188 0
498 189 0
497 190 0
497 191 0
497 192 0
497 193 0
497 194 0
497 195 0
497 196 0
497 197 0
497 198 0
497 199 0
497 200 0
497 201 0
497 202 0
497 203 0
497 204 0
496 205 0
496 206 0
496 207 0
495 208 0
495 209 0
494 210 0
494 209 0
495 208 0
496 207 0
496 206 0
496 205 0
496 204 0
497 203 0
497 202 0
497 201 0
497 200 0
497 199 0
497 198 0
497 197 0
497 196 0
497 195 0
497 194 0
497 193 0
497 192 0
497 191 0
497 190 0
497 189 0
498 188 0
498 187 0
499 186 0
500 185 0
500 184 0
501 183 0
502 182 0
502 181 0
503 180 0
503 179 0
504 178 0
505 177 0
505 176 0
506 175 0
507 174 0
507 173 0
508 172 0
508 171 0
509 171 0
510 171 0
511 171 0
512 170 0
513 169 0
514 168 0
514 167 0
515 166 0
515 165 0
516 164 0
516 163 0
517 162 0
517 161 0
517 160 0
518 159 0
518 158 0
518 157 0
519 156 0
519 155 0
519 154 0
520 153 0
521 152 0
521 151 0
522 150 0
522 149 0
523 148 0
523 147 0
524 146 0
525 145 0
525 144 0
526 143 0
527 142 0
527 141 0
528 140 0
529 139 0
529 138 0
530 137 0
531 136 0
531 135 0
532 134 0
532 133 0
533 132 0
534 131 0
534 130 0
535 129 0
535 128 0
536 127 0
536 126 0
537 125 0
538 124 0
538 123 0
539 122 0
539 123 0
538 124 0
538 125 0
537 126 0
536 127 0
536 128 0
535 129 0
535 130 0
534 131 0
534 132 0
533 133 0
532 134 0
532 135 0
531 136 0
531 137 0
530 138 0
529 139 0
529 140 0
528 141 0
527 142 0
526 143 0
526 144 0
525 145 0
525 146 0
524 147 0
523 148 0
523 149 0
522 150 0
522 151 0
521 152 0
521 153 0
520 154 0
519 155 0
519 156 0
518 157 0
518 158 0
518 159 0
517 160 0
517 161 0
517 162 0
516 163 0
516 164 0
516 165 0
515 166 0
514 167 0
514 168 0
514 169 0
513 170 0
512 170 0
511 171 0
511 172 0
511 173 0
511 174 0
510 175 0
509 176 0
509 177 0
508 178 0
508 179 0
507 180 0
506 181 0
506 182 0
505 183 0
505 184 0
504 185 0
503 186 0
503 187 0
502 188 0
501 189 0
501 190 0
500 191 0
500 192 0
500 193 0
500 194 0
500 195 0
500 196 0
500 197 0
500 198 0
500 199 0
500 200 0
500 201 0
500 202 0
500 203 0
500 204 0
499 205 0
499 206 0
499 207 0
498 208 0
498 209 0
498 210 0
497 211 0
496 211 0
495 212 0
494 212 0
493 212 0
492 212 0
491 212 0
416 415 0
416 414 0
417 413 0
418 412 0
419 411 0
419 410 0
420 409 0
421 408 0
421 407 0
422 406 0
423 405 0
423 404 0
424 403 0
424 402 0
425 401 0
425 400 0
426 399 0
426 398 0
427 397 0
427 396 0
427 395 0
428 394 0
428 393 0
429 392 0
429 391 0
430 390 0
430 389 0
431 388 0
431 387 0
432 386 0
432 385 0
433 384 0
433 383 0
434 382 0
434 381 0
434 382 0
433 383 0
433 384 0
432 385 0
432 386 0
431 387 0
431 388 0
430 389 0
430 390 0
429 391 0
429 392 0
428 393 0
428 394 0
427 395 0
427 396 0
427 397 0
426 398 0
426 399 0
425 400 0
425 401 0
424 402 0
424 403 0
423 404 0
423 405 0
422 406 0
422 407 0
421 408 0
420 409 0
420 410 0
419 411 0
418 412 0
418 413 0
417 414 0
406 424 0
407 423 0
408 422 0
409 421 0
410 421 0
411 420 0
412 419 0
413 418 0
414 417 0
413 418 0
412 419 0
412 420 0
411 420 0
410 421 0
409 422 0
408 422 0
407 423 0
374 436 0
375 436 0
376 435 0
377 435 0
378 435 0
379 435 0
380 435 0
381 435 0
382 435 0
383 435 0
384 435 0
385 435 0
386 435 0
387 435 0
388 434 0
389 433 0
389 432 0
390 432 0
391 431 0
392 430 0
393 430 0
394 430 0
395 430 0
394 430 0
393 430 0
392 431 0
391 431 0
390 432 0
389 433 0
389 434 0
390 435 0
391 434 0
392 434 0
393 433 0
394 433 0
395 432 0
396 432 0
397 431 0
398 431 0
399 431 0
400 430 0
401 430 0
402 429 0
403 428 0
404 428 0
405 427 0
406 427 0
407 426 0
408 425 0
409 425 0
410 424 0
411 423 0
412 422 0
413 422 0
414 421 0
415 420 0
416 419 0
417 418 0
417 417 0
418 416 0
419 415 0
420 414 0
420 413 0
421 412 0
422 411 0
422 410 0
423 409 0
424 408 0
424 407 0
425 406 0
426 405 0
426 404 0
426 403 0
427 402 0
427 401 0
428 400 0
428 399 0
429 398 0
429 397 0
430 396 0
430 395 0
431 394 0
431 393 0
432 392 0
432 391 0
433 390 0
433 389 0
434 388 0
434 387 0
434 386 0
435 385 0
436 384 0
436 383 0
437 382 0
437 381 0
437 380 0
438 379 0
438 378 0
439 377 0
439 376 0
439 375 0
440 374 0
440 373 0
440 372 0
441 371 0
442 370 0
442 369 0
442 368 0
442 367 0
443 366 0
443 365 0
444 364 0
445 363 0
445 362 0
446 361 0
446 360 0
446 359 0
447 358 0
447 357 0
447 356 0
448 355 0
448 354 0
448 353 0
448 352 0
449 351 0
449 350 0
449 349 0
450 348 0
450 347 0
450 346 0
451 345 0
451 344 0
452 343 0
452 342 0
452 341 0
453 340 0
453 339 0
453 338 0
454 337 0
454 336 0
455 335 0
455 334 0
455 333 0
456 332 0
456 331 0
456 330 0
457 329 0
457 328 0
458 327 0
458 326 0
458 325 0
458 324 0
459 323 0
459 322 0
459 321 0
459 320 0
459 319 0
460 318 0
460 317 0
460 316 0
461 315 0
461 314 0
461 313 0
462 312 0
462 311 0
462 310 0
462 309 0
462 308 0
463 307 0
463 306 0
463 305 0
463 304 0
463 303 0
464 302 0
464 301 0
464 300 0
464 299 0
464 298 0
465 297 0
465 296 0
465 295 0
465 294 0
466 293 0
466 292 0
466 291 0
466 290 0
466 289 0
467 288 0
467 287 0
467 286 0
468 285 0
468 284 0
468 283 0
468 282 0
469 281 0
469 280 0
469 279 0
469 278 0
469 277 0
470 276 0
470 275 0
470 274 0
470 273 0
470 272 0
471 271 0
471 270 0
472 269 0
472 268 0
472 267 0
473 266 0
474 265 0
474 264 0
474 263 0
474 262 0
475 261 0
475 260 0
475 259 0
476 258 0
476 257 0
476 256 0
476 255 0
477 254 0
477 253 0
477 252 0
477 251 0
477 250 0
476 249 0
475 249 0
476 248 0
476 247 0
476 246 0
476 245 0
477 244 0
477 243 0
477 242 0
478 241 0
478 240 0
478 239 0
478 238 0
479 237 0
479 236 0
479 235 0
480 234 0
480 233 0
480 232 0
480 231 0
480 230 0
481 229 0
481 228 0
482 227 0
482 226 0
482 225 0
483 224 0
483 223 0
483 222 0
484 221 0
484 220 0
484 219 0
485 218 0
485 217 0
486 216 0
486 215 0
487 214 0
487 213 0
487 212 0
486 211 0
485 212 0
484 213 0
484 214 0
483 215 0
483 216 0
482 217 0
482 218 0
481 219 0
481 220 0
481 221 0
480 222 0
480 223 0
479 224 0
479 225 0
479 226 0
478 227 0
478 228 0
477 229 0
477 230 0
477 231 0
476 232 0
476 233 0
476 234 0
476 235 0
475 236 0
475 237 0
474 238 0
474 239 0
474 240 0
473 241 0
473 242 0
473 243 0
473 244 0
473 245 0
473 246 0
473 247 0
472 248 0
472 249 0
472 250 0
472 251 0
472 252 0
471 253 0
471 254 0
471 255 0
471 256 0
471 257 0
471 258 0
470 259 0
470 260 0
470 261 0
470 262 0
470 263 0
469 264 0
469 265 0
469 266 0
469 267 0
468 268 0
468 269 0
468 270 0
468 271 0
467 272 0
467 273 0
466 274 0
466 275 0
466 276 0
466 277 0
466 278 0
466 279 0
466 280 0
466 281 0
465 282 0
465 283 0
465 284 0
464 285 0
464 286 0
464 287 0
464 288 0
463 289 0
463 290 0
463 291 0
463 292 0
462 293 0
462 294 0
462 295 0
462 296 0
461 297 0
461 298 0
461 299 0
461 300 0
461 301 0
460 302 0
460 303 0
460 304 0
460 305 0
459 306 0
459 307 0
459 308 0
459 309 0
459 310 0
459 311 0
458 312 0
458 313 0
458 314 0
458 315 0
457 316 0
457 317 0
457 318 0
457 319 0
456 320 0
456 321 0
456 322 0
456 323 0
455 324 0
455 325 0
455 326 0
454 327 0
454 328 0
454 329 0
454 330 0
453 331 0
453 332 0
453 333 0
452 334 0
452 335 0
452 336 0
451 337 0
451 338 0
450 339 0
450 340 0
449 341 0
449 342 0
449 343 0
448 344 0
448 345 0
447 346 0
447 347 0
447 348 0
447 349 0
446 350 0
446 351 0
446 352 0
446 353 0
445 354 0
445 355 0
445 356 0
445 357 0
444 358 0
444 359 0
443 360 0
443 361 0
442 362 0
442 363 0
441 364 0
441 365 0
440 366 0
440 367 0
440 368 0
439 369 0
439 370 0
438 371 0
438 372 0
438 371 0
439 370 0
439 369 0
440 368 0
440 367 0
440 366 0
441 365 0
441 364 0
441 363 0
442 362 0
442 361 0
443 360 0
443 359 0
444 358 0
444 357 0
445 356 0
445 355 0
445 354 0
446 353 0
446 352 0
446 351 0
446 350 0
447 349 0
447 348 0
447 347 0
447 346 0
448 345 0
448 344 0
448 343 0
449 342 0
449 341 0
450 340 0
450 339 0
450 338 0
451 337 0
451 336 0
452 335 0
452 334 0
453 333 0
453 332 0
453 331 0
453 330 0
454 329 0
454 328 0
454 327 0
455 326 0
455 325 0
455 324 0
456 323 0
456 322 0
456 321 0
456 320 0
457 319 0
457 318 0
457 317 0
457 316 0
458 315 0
458 314 0
458 313 0
458 312 0
459 311 0
459 310 0
459 309 0
459 308 0
459 307 0
459 306 0
460 305 0
460 304 0
460 303 0
460 302 0
461 301 0
461 300 0
461 299 0
461 298 0
461 297 0
462 296 0
462 295 0
462 294 0
462 293 0
463 292 0
463 291 0
463 290 0
463 289 0
464 288 0
464 287 0
464 286 0
464 285 0
465 284 0
465 283 0
465 282 0
466 281 0
466 280 0
466 279 0
466 278 0
466 277 0
466 276 0
466 275 0
466 274 0
467 273 0
467 272 0
467 271 0
468 270 0
468 269 0
468 268 0
469 267 0
469 266 0
469 265 0
469 264 0
470 263 0
470 262 0
470 261 0
470 260 0
470 259 0
471 258 0
471 257 0
471 256 0
471 255 0
471 254 0
471 253 0
471 252 0
471 251 0
472 250 0
472 249 0
472 248 0
473 247 0
473 246 0
473 245 0
473 244 0
473 243 0
473 242 0
473 241 0
474 240 0
474 239 0
474 238 0
474 237 0
475 236 0
476 235 0
476 234 0
476 233 0
476 232 0
477 231 0
477 230 0
477 229 0
478 228 0
478 227 0
478 226 0
479 225 0
479 224 0
480 223 0
480 222 0
480 221 0
481 220 0
481 219 0
482 218 0
482 217 0
482 216 0
483 215 0
483 214 0
484 213 0
484 212 0
485 211 0
486 211 0
487 211 0
488 210 0
489 210 0
488 210 0
487 211 0
487 212 0
488 213 0
487 214 0
486 215 0
486 216 0
485 217 0
485 218 0
485 219 0
484 220 0
484 221 0
483 222 0
483 223 0
483 224 0
482 225 0
482 226 0
482 227 0
481 228 0
481 229 0
481 230 0
480 231 0
480 232 0
480 233 0
480 234 0
479 235 0
479 236 0
479 237 0
478 238 0
478 239 0
478 240 0
478 241 0
477 242 0
477 243 0
477 244 0
476 245 0
476 246 0
476 247 0
476 248 0
476 249 0
477 250 0
477 251 0
477 252 0
477 253 0
477 254 0
476 255 0
476 256 0
476 257 0
476 258 0
475 259 0
475 260 0
475 261 0
475 262 0
474 263 0
474 264 0
474 265 0
473 266 0
473 267 0
472 268 0
472 269 0
471 270 0
471 271 0
470 272 0
470 273 0
470 274 0
470 275 0
470 276 0
469 277 0
469 278 0
469 279 0
469 280 0
469 281 0
468 282 0
468 283 0
468 284 0
468 285 0
467 286 0
467 287 0
467 288 0
466 289 0
466 290 0
466 291 0
466 292 0
466 293 0
465 294 0
465 295 0
465 296 0
465 297 0
464 298 0
464 299 0
464 300 0
464 301 0
464 302 0
463 303 0
463 304 0
463 305 0
463 306 0
463 307 0
462 308 0
462 309 0
462 310 0
462 311 0
462 312 0
461 313 0
461 314 0
461 315 0
460 316 0
460 317 0
460 318 0
460 319 0
459 320 0
459 321 0
459 322 0
459 323 0
458 324 0
458 325 0
458 326 0
458 327 0
457 328 0
457 329 0
456 330 0
456 331 0
456 332 0
455 333 0
455 334 0
455 335 0
455 336 0
454 337 0
453 338 0
453 339 0
453 340 0
452 341 0
452 342 0
452 343 0
451 344 0
451 345 0
451 346 0
450 347 0
450 348 0
449 349 0
449 350 0
449 351 0
449 352 0
448 353 0
448 354 0
448 355 0
447 356 0
447 357 0
447 358 0
446 359 0
446 360 0
446 361 0
445 362 0
445 363 0
445 364 0
444 365 0
443 366 0
443 367 0
442 368 0
442 369 0
442 370 0
441 371 0
441 372 0
440 373 0
440 374 0
439 375 0
439 376 0
439 377 0
438 378 0
438 379 0
437 380 0
437 381 0
437 382 0
436 383 0
436 384 0
435 385 0
435 386 0
434 387 0
434 388 0
434 389 0
433 390 0
432 391 0
432 392 0
431 393 0
431 394 0
431 395 0
430 396 0
430 397 0
429 398 0
429 399 0
428 400 0
428 401 0
427 402 0
426 403 0
426 404 0
426 405 0
425 406 0
425 407 0
424 408 0
424 409 0
423 410 0
422 411 0
422 412 0
421 413 0
420 414 0
420 415 0
419 416 0
418 417 0
417 418 0
417 419 0
416 420 0
415 421 0
414 422 0
413 422 0
412 423 0
411 424 0
410 425 0
409 425 0
408 426 0
407 427 0
406 427 0
405 428 0
404 428 0
403 429 0
402 429 0
401 430 0
400 431 0
399 431 0
398 431 0
397 432 0
396 432 0
395 432 0
394 433 0
393 434 0
392 434 0
391 434 0
390 435 0
389 435 0
388 435 0
387 435 0
386 435 0
385 435 0
384 435 0
383 435 0
382 435 0
381 435 0
380 435 0
379 435 0
378 435 0
377 435 0
376 435 0
375 436 0
