399 429 0
400 429 0
401 429 0
402 428 0
403 427 0
404 427 0
405 426 0
406 425 0
407 425 0
408 424 0
409 423 0
410 423 0
411 422 0
412 422 0
413 421 0
414 420 0
415 420 0
416 419 0
417 418 0
418 418 0
419 417 0
420 416 0
421 415 0
422 414 0
423 413 0
424 413 0
425 412 0
426 411 0
427 410 0
428 409 0
429 408 0
430 407 0
431 406 0
432 405 0
432 404 0
432 403 0
433 402 0
434 401 0
435 400 0
435 399 0
436 398 0
437 397 0
438 396 0
439 395 0
439 394 0
440 393 0
441 392 0
441 391 0
442 390 0
443 389 0
443 388 0
444 387 0
445 386 0
445 385 0
446 384 0
446 383 0
446 382 0
447 381 0
447 380 0
448 379 0
448 378 0
448 377 0
448 376 0
448 375 0
449 374 0
449 373 0
450 372 0
450 371 0
451 370 0
451 369 0
452 368 0
452 367 0
452 366 0
453 365 0
453 364 0
453 363 0
454 362 0
454 361 0
454 360 0
455 359 0
455 358 0
455 357 0
455 356 0
456 355 0
456 354 0
456 353 0
456 352 0
456 351 0
457 350 0
457 349 0
457 348 0
457 347 0
457 346 0
457 345 0
457 344 0
458 343 0
458 342 0
458 341 0
458 340 0
459 339 0
459 338 0
459 337 0
459 336 0
459 335 0
460 334 0
460 333 0
460 332 0
460 331 0
460 330 0
461 329 0
461 328 0
461 327 0
461 326 0
461 325 0
461 324 0
462 323 0
462 322 0
462 321 0
462 320 0
462 319 0
462 318 0
462 317 0
462 316 0
462 315 0
463 314 0
463 313 0
463 312 0
463 311 0
463 310 0
463 309 0
464 308 0
464 307 0
464 306 0
464 305 0
464 304 0
464 303 0
464 302 0
464 301 0
465 300 0
465 299 0
465 298 0
465 297 0
465 296 0
466 295 0
466 294 0
466 293 0
466 292 0
467 291 0
467 290 0
467 289 0
467 288 0
467 287 0
468 286 0
468 285 0
468 284 0
468 283 0
469 282 0
469 281 0
469 280 0
469 279 0
469 278 0
469 277 0
470 276 0
469 275 0
468 274 0
468 273 0
467 272 0
468 271 0
469 270 0
470 269 0
471 268 0
471 267 0
472 266 0
472 265 0
472 264 0
472 263 0
473 262 0
472 261 0
473 260 0
473 259 0
473 258 0
473 257 0
473 256 0
473 255 0
474 254 0
474 253 0
474 252 0
474 251 0
474 250 0
474 249 0
475 248 0
475 247 0
475 246 0
475 245 0
475 244 0
476 243 0
476 242 0
476 241 0
477 240 0
477 239 0
478 238 0
478 237 0
478 236 0
479 235 0
479 234 0
479 233 0
479 232 0
480 231 0
480 230 0
481 229 0
481 228 0
482 227 0
482 226 0
482 225 0
483 224 0
483 223 0
484 222 0
484 221 0
484 220 0
485 219 0
485 218 0
486 217 0
486 216 0
487 215 0
487 214 0
487 213 0
487 212 0
488 211 0
488 210 0
489 209 0
490 208 0
491 207 0
492 206 0
493 205 0
494 204 0
495 203 0
496 202 0
496 201 0
496 200 0
496 199 0
496 198 0
496 197 0
496 196 0
496 195 0
497 194 0
497 193 0
497 192 0
497 191 0
498 190 0
498 189 0
499 188 0
499 187 0
499 186 0
500 185 0
500 184 0
501 183 0
501 182 0
501 181 0
502 180 0
502 179 0
503 178 0
503 177 0
504 176 0
504 175 0
504 174 0
505 173 0
506 172 0
506 171 0
506 170 0
507 169 0
507 168 0
508 167 0
508 166 0
509 165 0
509 164 0
510 163 0
510 162 0
511 161 0
512 161 0
513 161 0
514 160 0
515 160 0
516 160 0
517 159 0
518 158 0
519 157 0
520 156 0
520 155 0
520 154 0
520 153 0
521 152 0
521 151 0
521 150 0
521 149 0
520 148 0
520 147 0
521 146 0
521 145 0
522 144 0
522 143 0
523 142 0
524 141 0
524 140 0
525 139 0
525 138 0
526 137 0
526 136 0
527 135 0
528 134 0
529 133 0
530 132 0
530 131 0
531 130 0
531 129 0
532 128 0
533 127 0
534 126 0
534 125 0
534 124 0
535 123 0
536 122 0
536 121 0
537 120 0
537 119 0
538 118 0
539 117 0
539 116 0
539 115 0
540 114 0
540 113 0
541 112 0
542 111 0
542 110 0
543 109 0
543 108 0
544 107 0
544 106 0
544 105 0
545 104 0
545 103 0
545 102 0
546 101 0
547 100 0
547 99 0
547 98 0
548 97 0
548 98 0
547 99 0
547 100 0
547 101 0
546 102 0
545 103 0
545 104 0
544 105 0
544 106 0
544 107 0
543 108 0
543 109 0
543 110 0
542 111 0
542 112 0
541 113 0
540 114 0
540 115 0
539 116 0
539 117 0
538 118 0
538 119 0
537 120 0
537 121 0
536 122 0
536 123 0
535 124 0
534 125 0
534 126 0
533 127 0
533 128 0
532 129 0
531 130 0
531 131 0
530 132 0
530 133 0
529 134 0
528 135 0
527 136 0
526 137 0
526 138 0
525 139 0
525 140 0
524 141 0
524 142 0
523 143 0
522 144 0
522 145 0
521 146 0
520 147 0
520 148 0
521 149 0
521 150 0
521 151 0
521 152 0
520 153 0
520 154 0
520 155 0
520 156 0
520 157 0
519 158 0
518 159 0
517 160 0
516 160 0
515 160 0
514 160 0
513 161 0
513 162 0
514 163 0
515 163 0
516 163 0
517 162 0
518 162 0
519 161 0
520 160 0
521 159 0
522 158 0
523 157 0
523 156 0
523 155 0
523 154 0
523 153 0
524 152 0
524 151 0
524 150 0
524 149 0
524 148 0
524 147 0
524 146 0
525 145 0
525 144 0
526 143 0
527 142 0
527 141 0
528 140 0
528 139 0
529 138 0
530 137 0
530 136 0
531 135 0
532 134 0
533 133 0
533 132 0
534 131 0
535 130 0
535 129 0
536 128 0
537 127 0
537 126 0
538 125 0
538 124 0
539 123 0
539 122 0
540 121 0
540 120 0
541 119 0
541 118 0
542 117 0
543 116 0
543 115 0
544 114 0
544 113 0
545 112 0
545 111 0
546 110 0
546 109 0
547 108 0
547 107 0
548 106 0
548 105 0
548 104 0
549 103 0
549 102 0
550 101 0
550 100 0
550 99 0
551 98 0
550 99 0
550 100 0
550 101 0
549 102 0
549 103 0
548 104 0
548 105 0
548 106 0
547 107 0
547 108 0
546 109 0
546 110 0
546 111 0
545 112 0
545 113 0
544 114 0
544 115 0
543 116 0
543 117 0
542 118 0
541 119 0
541 120 0
540 121 0
540 122 0
539 123 0
539 124 0
538 125 0
538 126 0
537 127 0
537 128 0
536 129 0
535 130 0
535 131 0
534 132 0
533 133 0
533 134 0
532 135 0
531 136 0
530 137 0
530 138 0
529 139 0
528 140 0
528 141 0
527 142 0
527 143 0
526 144 0
525 145 0
525 146 0
524 147 0
524 148 0
524 149 0
524 150 0
524 151 0
524 152 0
523 153 0
523 154 0
523 155 0
523 156 0
523 157 0
523 158 0
522 159 0
521 160 0
520 161 0
519 162 0
518 162 0
517 162 0
516 163 0
515 163 0
514 163 0
513 164 0
513 165 0
512 166 0
512 167 0
511 168 0
511 169 0
510 170 0
509 171 0
509 172 0
509 173 0
508 174 0
508 175 0
507 176 0
507 177 0
506 178 0
506 179 0
505 180 0
505 181 0
505 182 0
505 183 0
504 184 0
503 185 0
503 186 0
503 187 0
502 188 0
501 189 0
501 190 0
501 191 0
500 192 0
500 193 0
500 194 0
500 195 0
500 196 0
499 197 0
499 198 0
499 199 0
499 200 0
499 201 0
499 202 0
499 203 0
499 204 0
498 205 0
497 206 0
497 207 0
496 207 0
495 208 0
494 209 0
493 210 0
492 211 0
492 212 0
491 213 0
491 214 0
490 215 0
490 216 0
490 217 0
490 218 0
489 219 0
488 220 0
487 221 0
487 222 0
487 223 0
486 224 0
486 225 0
485 226 0
485 227 0
485 228 0
484 229 0
484 230 0
484 231 0
483 232 0
483 233 0
482 234 0
482 235 0
482 236 0
481 237 0
481 238 0
481 239 0
480 240 0
480 241 0
480 242 0
480 243 0
479 244 0
479 245 0
478 246 0
478 247 0
478 248 0
478 249 0
478 250 0
477 251 0
477 252 0
478 253 0
478 254 0
478 255 0
478 256 0
478 257 0
477 258 0
477 259 0
477 260 0
477 261 0
477 262 0
476 263 0
476 264 0
476 265 0
476 266 0
476 267 0
476 268 0
475 269 0
475 270 0
475 271 0
475 272 0
475 271 0
475 270 0
475 269 0
476 268 0
476 267 0
476 266 0
476 265 0
476 264 0
476 263 0
477 262 0
477 261 0
477 260 0
477 259 0
477 258 0
478 257 0
478 256 0
477 255 0
478 254 0
478 253 0
477 252 0
477 251 0
478 250 0
478 249 0
478 248 0
478 247 0
478 246 0
479 245 0
479 244 0
480 243 0
480 242 0
480 241 0
480 240 0
481 239 0
481 238 0
481 237 0
482 236 0
482 235 0
482 234 0
483 233 0
483 232 0
484 231 0
484 230 0
484 229 0
484 228 0
485 227 0
485 226 0
486 225 0
486 224 0
487 223 0
487 222 0
487 221 0
488 220 0
488 219 0
489 218 0
490 217 0
490 216 0
490 215 0
491 214 0
491 213 0
491 212 0
492 211 0
492 210 0
493 209 0
494 208 0
495 207 0
496 207 0
497 206 0
497 205 0
498 204 0
499 203 0
499 202 0
499 201 0
499 200 0
499 199 0
499 198 0
499 197 0
500 196 0
500 195 0
500 194 0
500 193 0
500 192 0
500 191 0
501 190 0
501 189 0
502 188 0
502 187 0
503 186 0
503 185 0
504 184 0
504 183 0
505 182 0
505 181 0
505 180 0
506 179 0
506 178 0
506 177 0
507 176 0
507 175 0
508 174 0
508 173 0
509 172 0
509 171 0
510 170 0
510 169 0
511 168 0
511 167 0
512 166 0
513 165 0
513 164 0
513 163 0
513 162 0
512 161 0
511 162 0
510 163 0
510 164 0
509 165 0
509 166 0
508 167 0
507 168 0
507 169 0
506 170 0
506 171 0
506 172 0
505 173 0
505 174 0
504 175 0
504 176 0
503 177 0
503 178 0
502 179 0
502 180 0
502 181 0
501 182 0
501 183 0
501 184 0
500 185 0
500 186 0
499 187 0
499 188 0
498 189 0
498 190 0
497 191 0
497 192 0
497 193 0
497 194 0
496 195 0
496 196 0
496 197 0
496 198 0
496 199 0
496 200 0
496 201 0
496 202 0
495 203 0
495 204 0
494 205 0
493 206 0
492 206 0
491 207 0
491 208 0
490 209 0
489 210 0
488 211 0
488 212 0
487 213 0
487 214 0
487 215 0
486 216 0
486 217 0
486 218 0
485 219 0
485 220 0
484 221 0
484 222 0
483 223 0
483 224 0
482 225 0
482 226 0
482 227 0
481 228 0
481 229 0
481 230 0
480 231 0
480 232 0
479 233 0
479 234 0
479 235 0
478 236 0
478 237 0
478 238 0
477 239 0
477 240 0
477 241 0
476 242 0
476 243 0
475 244 0
475 245 0
475 246 0
475 247 0
475 248 0
474 249 0
474 250 0
474 251 0
474 252 0
474 253 0
474 254 0
473 255 0
473 256 0
473 257 0
473 258 0
473 259 0
473 260 0
472 261 0
473 262 0
472 263 0
472 264 0
472 265 0
472 266 0
471 267 0
471 268 0
471 269 0
470 270 0
469 271 0
468 271 0
467 272 0
468 273 0
469 274 0
469 275 0
470 276 0
469 277 0
469 278 0
469 279 0
469 280 0
469 281 0
469 282 0
469 283 0
468 284 0
468 285 0
468 286 0
467 287 0
467 288 0
467 289 0
467 290 0
467 291 0
466 292 0
466 293 0
466 294 0
466 295 0
465 296 0
465 297 0
465 298 0
465 299 0
465 300 0
464 301 0
464 302 0
464 303 0
464 304 0
464 305 0
464 306 0
464 307 0
464 308 0
463 309 0
463 310 0
463 311 0
463 312 0
463 313 0
463 314 0
462 315 0
462 316 0
462 317 0
462 318 0
462 319 0
462 320 0
462 321 0
462 322 0
462 323 0
461 324 0
461 325 0
461 326 0
461 327 0
461 328 0
461 329 0
460 330 0
460 331 0
460 332 0
460 333 0
460 334 0
459 335 0
459 336 0
459 337 0
459 338 0
459 339 0
459 340 0
458 341 0
458 342 0
458 343 0
457 344 0
457 345 0
457 346 0
457 347 0
457 348 0
457 349 0
457 350 0
456 351 0
456 352 0
456 353 0
456 354 0
456 355 0
455 356 0
455 357 0
455 358 0
455 359 0
454 360 0
454 361 0
454 362 0
453 363 0
453 364 0
453 365 0
452 366 0
452 367 0
452 368 0
451 369 0
451 370 0
451 371 0
450 372 0
449 373 0
449 374 0
448 375 0
448 376 0
448 377 0
448 378 0
448 379 0
447 380 0
447 381 0
446 382 0
446 383 0
446 384 0
445 385 0
445 386 0
444 387 0
444 388 0
443 389 0
443 390 0
442 391 0
441 392 0
441 393 0
440 394 0
439 395 0
439 396 0
438 397 0
437 398 0
436 399 0
435 400 0
435 401 0
434 402 0
433 403 0
432 404 0
432 405 0
431 406 0
431 407 0
430 408 0
429 409 0
428 410 0
427 411 0
426 412 0
425 413 0
424 413 0
423 414 0
422 415 0
421 416 0
420 417 0
419 417 0
418 418 0
417 419 0
416 420 0
415 420 0
414 421 0
413 421 0
412 422 0
411 423 0
410 423 0
409 424 0
408 424 0
407 425 0
406 426 0
405 426 0
404 427 0
403 428 0
402 428 0
401 429 0
400 429 0
380 435 0
381 435 0
382 435 0
383 435 0
384 435 0
385 434 0
386 434 0
387 434 0
388 434 0
389 434 0
390 433 0
391 433 0
392 433 0
393 433 0
394 433 0
395 433 0
396 432 0
397 432 0
398 432 0
399 432 0
400 432 0
401 431 0
402 431 0
403 430 0
404 430 0
405 429 0
406 429 0
407 428 0
408 427 0
409 427 0
410 426 0
411 426 0
412 425 0
413 424 0
414 424 0
415 423 0
416 423 0
417 422 0
418 421 0
419 420 0
420 420 0
421 419 0
422 418 0
423 417 0
424 417 0
425 416 0
426 415 0
427 414 0
428 413 0
429 412 0
430 411 0
431 410 0
432 409 0
433 408 0
434 407 0
434 406 0
435 405 0
436 404 0
437 403 0
438 402 0
439 401 0
440 400 0
441 399 0
441 398 0
442 397 0
443 396 0
443 395 0
444 394 0
444 393 0
445 392 0
446 391 0
446 390 0
447 389 0
448 388 0
448 387 0
448 386 0
449 385 0
449 384 0
450 383 0
450 382 0
450 381 0
451 380 0
451 379 0
451 378 0
452 377 0
452 376 0
452 375 0
453 374 0
453 373 0
454 372 0
454 371 0
454 370 0
455 369 0
455 368 0
455 367 0
456 366 0
456 365 0
456 364 0
456 363 0
457 362 0
457 361 0
457 360 0
458 359 0
458 358 0
458 357 0
458 356 0
459 355 0
459 354 0
459 353 0
459 352 0
460 351 0
460 350 0
460 349 0
460 348 0
460 347 0
460 346 0
460 345 0
460 344 0
461 343 0
461 342 0
461 341 0
461 340 0
462 339 0
462 338 0
462 337 0
462 336 0
462 335 0
463 334 0
463 333 0
463 332 0
463 331 0
464 330 0
464 329 0
464 328 0
464 327 0
464 326 0
464 325 0
464 324 0
465 323 0
465 322 0
465 321 0
465 320 0
465 319 0
465 318 0
465 317 0
465 316 0
465 315 0
466 314 0
466 313 0
466 312 0
466 311 0
466 310 0
467 309 0
467 308 0
467 307 0
467 306 0
467 305 0
467 304 0
467 303 0
468 302 0
468 301 0
468 300 0
468 299 0
468 298 0
468 297 0
469 296 0
469 295 0
469 294 0
469 293 0
469 292 0
470 291 0
470 290 0
470 289 0
470 288 0
471 287 0
471 286 0
471 285 0
471 284 0
471 283 0
471 282 0
472 281 0
472 280 0
472 279 0
472 278 0
473 277 0
473 276 0
473 275 0
473 274 0
473 273 0
473 272 0
473 271 0
473 272 0
473 273 0
473 274 0
473 275 0
473 276 0
473 277 0
472 278 0
472 279 0
472 280 0
472 281 0
471 282 0
471 283 0
471 284 0
471 285 0
471 286 0
471 287 0
470 288 0
470 289 0
470 290 0
470 291 0
470 292 0
469 293 0
469 294 0
469 295 0
469 296 0
468 297 0
468 298 0
468 299 0
468 300 0
468 301 0
468 302 0
467 303 0
467 304 0
467 305 0
467 306 0
467 307 0
467 308 0
467 309 0
466 310 0
466 311 0
466 312 0
466 313 0
466 314 0
465 315 0
465 316 0
465 317 0
465 318 0
465 319 0
465 320 0
465 321 0
465 322 0
465 323 0
464 324 0
464 325 0
464 326 0
464 327 0
464 328 0
464 329 0
464 330 0
463 331 0
463 332 0
463 333 0
463 334 0
462 335 0
462 336 0
462 337 0
462 338 0
462 339 0
461 340 0
461 341 0
461 342 0
461 343 0
461 344 0
460 345 0
460 346 0
460 347 0
460 348 0
460 349 0
460 350 0
460 351 0
459 352 0
459 353 0
459 354 0
459 355 0
458 356 0
458 357 0
458 358 0
458 359 0
457 360 0
457 361 0
457 362 0
456 363 0
456 364 0
456 365 0
456 366 0
455 367 0
455 368 0
455 369 0
454 370 0
454 371 0
454 372 0
453 373 0
453 374 0
453 375 0
452 376 0
452 377 0
451 378 0
451 379 0
451 380 0
451 381 0
450 382 0
450 383 0
450 384 0
449 385 0
449 386 0
448 387 0
448 388 0
448 389 0
447 390 0
446 391 0
446 392 0
445 393 0
444 394 0
444 395 0
443 396 0
443 397 0
442 398 0
441 399 0
441 400 0
440 401 0
439 402 0
438 403 0
437 404 0
436 405 0
435 406 0
434 407 0
434 408 0
433 409 0
432 410 0
431 411 0
430 412 0
429 413 0
428 414 0
427 415 0
426 416 0
425 417 0
424 417 0
423 418 0
422 419 0
421 420 0
420 420 0
419 421 0
418 422 0
417 422 0
416 423 0
415 424 0
414 424 0
413 425 0
412 426 0
411 426 0
410 427 0
409 427 0
408 428 0
407 429 0
406 429 0
405 430 0
404 430 0
403 431 0
402 431 0
401 431 0
400 432 0
399 432 0
398 432 0
397 432 0
396 432 0
395 433 0
394 433 0
393 433 0
392 433 0
391 433 0
390 433 0
389 434 0
388 434 0
387 434 0
386 434 0
385 434 0
384 435 0
383 435 0
382 435 0
381 435 0
