521 148 0
521 147 0
521 146 0
521 145 0
521 144 0
522 143 0
522 142 0
523 141 0
524 140 0
524 139 0
525 138 0
525 137 0
526 136 0
526 135 0
527 134 0
528 133 0
528 132 0
529 131 0
530 130 0
530 129 0
531 128 0
531 127 0
532 126 0
533 125 0
533 124 0
534 123 0
534 122 0
535 121 0
536 120 0
536 119 0
537 118 0
538 117 0
538 116 0
538 115 0
539 114 0
539 113 0
540 112 0
541 111 0
541 110 0
542 109 0
542 108 0
542 107 0
543 106 0
543 105 0
544 104 0
544 103 0
545 102 0
545 103 0
544 104 0
544 105 0
543 106 0
543 107 0
542 108 0
542 109 0
541 110 0
541 111 0
541 112 0
540 113 0
539 114 0
539 115 0
538 116 0
538 117 0
537 118 0
537 119 0
536 120 0
536 121 0
535 122 0
534 123 0
534 124 0
533 125 0
533 126 0
532 127 0
531 128 0
531 129 0
530 130 0
530 131 0
529 132 0
528 133 0
528 134 0
527 135 0
526 136 0
526 137 0
525 138 0
525 139 0
524 140 0
524 141 0
523 142 0
522 143 0
521 144 0
521 145 0
521 146 0
521 147 0
516 160 0
515 159 0
516 158 0
517 157 0
518 156 0
519 155 0
520 154 0
521 154 0
520 155 0
519 156 0
518 157 0
517 158 0
516 159 0
498 201 0
498 200 0
498 199 0
499 198 0
499 197 0
499 196 0
499 195 0
499 194 0
499 193 0
500 192 0
500 191 0
501 190 0
501 189 0
501 188 0
502 187 0
502 186 0
503 185 0
503 184 0
504 183 0
504 182 0
504 181 0
505 180 0
505 179 0
505 178 0
506 177 0
506 176 0
506 175 0
507 174 0
507 173 0
508 172 0
508 171 0
508 170 0
509 169 0
510 168 0
510 167 0
511 166 0
511 165 0
512 164 0
513 163 0
514 163 0
515 162 0
516 162 0
517 162 0
518 161 0
519 160 0
520 159 0
521 158 0
522 157 0
522 156 0
523 155 0
523 154 0
523 153 0
523 152 0
523 151 0
524 150 0
524 149 0
524 148 0
524 147 0
524 146 0
524 145 0
525 144 0
525 143 0
526 142 0
527 141 0
527 140 0
528 139 0
529 138 0
529 137 0
530 136 0
530 135 0
531 134 0
532 133 0
532 132 0
533 131 0
533 130 0
534 129 0
535 128 0
535 127 0
536 126 0
536 125 0
537 124 0
538 123 0
538 122 0
539 121 0
539 120 0
540 119 0
540 118 0
541 117 0
541 116 0
542 115 0
543 114 0
543 113 0
544 112 0
544 111 0
545 110 0
545 109 0
545 108 0
546 107 0
546 106 0
547 105 0
547 104 0
548 103 0
547 104 0
547 105 0
547 106 0
546 107 0
546 108 0
545 109 0
545 110 0
544 111 0
544 112 0
543 113 0
543 114 0
542 115 0
542 116 0
541 117 0
541 118 0
540 119 0
540 120 0
539 121 0
539 122 0
538 123 0
538 124 0
537 125 0
536 126 0
535 127 0
535 128 0
535 129 0
534 130 0
533 131 0
532 132 0
532 133 0
532 134 0
531 135 0
530 136 0
530 137 0
529 138 0
529 139 0
528 140 0
527 141 0
527 142 0
526 143 0
525 144 0
525 145 0
524 146 0
524 147 0
524 148 0
524 149 0
524 150 0
523 151 0
523 152 0
523 153 0
523 154 0
523 155 0
522 156 0
522 157 0
522 158 0
521 159 0
520 160 0
519 161 0
518 162 0
517 162 0
516 162 0
515 162 0
514 163 0
513 164 0
512 165 0
511 166 0
511 167 0
510 168 0
510 169 0
509 170 0
508 171 0
508 172 0
508 173 0
507 174 0
507 175 0
506 176 0
506 177 0
505 178 0
505 179 0
505 180 0
505 181 0
504 182 0
504 183 0
503 184 0
503 185 0
502 186 0
502 187 0
502 188 0
501 189 0
501 190 0
500 191 0
500 192 0
499 193 0
499 194 0
499 195 0
499 196 0
499 197 0
499 198 0
498 199 0
498 200 0
496 201 0
496 200 0
496 199 0
496 198 0
496 197 0
496 196 0
496 195 0
496 194 0
496 193 0
496 192 0
497 191 0
497 190 0
497 189 0
498 188 0
498 187 0
499 186 0
499 185 0
500 184 0
500 183 0
501 182 0
501 181 0
501 180 0
502 179 0
502 178 0
503 177 0
503 176 0
503 175 0
504 174 0
504 173 0
504 172 0
505 171 0
505 170 0
506 169 0
506 168 0
507 167 0
507 166 0
508 165 0
508 164 0
509 163 0
510 162 0
511 161 0
512 160 0
513 159 0
513 160 0
512 161 0
511 162 0
510 163 0
509 164 0
508 165 0
508 166 0
507 167 0
507 168 0
506 169 0
505 170 0
505 171 0
505 172 0
504 173 0
504 174 0
503 175 0
503 176 0
503 177 0
502 178 0
502 179 0
501 180 0
501 181 0
501 182 0
501 183 0
500 184 0
500 185 0
499 186 0
499 187 0
498 188 0
498 189 0
497 190 0
497 191 0
496 192 0
496 193 0
496 194 0
496 195 0
496 196 0
496 197 0
496 198 0
496 199 0
496 200 0
474 255 0
475 254 0
476 253 0
476 252 0
476 251 0
476 252 0
476 253 0
475 254 0
475 255 0
470 277 0
470 276 0
470 275 0
470 274 0
470 273 0
470 272 0
470 271 0
470 270 0
470 269 0
471 268 0
471 267 0
471 266 0
471 265 0
471 264 0
471 263 0
471 262 0
472 261 0
472 260 0
472 259 0
472 258 0
472 257 0
472 256 0
472 255 0
472 254 0
472 253 0
472 252 0
473 251 0
473 250 0
474 249 0
474 248 0
474 247 0
475 246 0
475 245 0
475 244 0
475 243 0
476 242 0
476 241 0
476 240 0
477 239 0
477 238 0
477 237 0
477 236 0
477 235 0
478 234 0
478 233 0
478 232 0
479 231 0
479 230 0
480 229 0
480 228 0
481 227 0
481 226 0
482 225 0
482 224 0
482 223 0
483 222 0
483 221 0
484 220 0
484 219 0
485 218 0
485 217 0
486 216 0
486 215 0
486 214 0
487 213 0
488 212 0
488 211 0
488 210 0
489 209 0
489 208 0
490 207 0
491 207 0
492 207 0
492 208 0
492 209 0
492 210 0
491 211 0
491 212 0
491 213 0
491 214 0
490 215 0
490 216 0
489 217 0
489 218 0
488 219 0
488 220 0
487 221 0
487 222 0
486 223 0
486 224 0
485 225 0
485 226 0
484 227 0
484 228 0
484 229 0
483 230 0
482 231 0
482 232 0
482 233 0
481 234 0
481 235 0
481 236 0
480 237 0
480 238 0
480 239 0
480 240 0
479 241 0
479 242 0
479 243 0
479 244 0
478 245 0
478 246 0
479 247 0
479 248 0
479 249 0
479 250 0
479 251 0
479 250 0
479 249 0
479 248 0
479 247 0
478 246 0
478 245 0
479 244 0
479 243 0
479 242 0
479 241 0
480 240 0
480 239 0
480 238 0
480 237 0
481 236 0
481 235 0
481 234 0
482 233 0
482 232 0
482 231 0
483 230 0
483 229 0
484 228 0
484 227 0
484 226 0
485 225 0
486 224 0
486 223 0
487 222 0
487 221 0
487 220 0
488 219 0
488 218 0
489 217 0
489 216 0
490 215 0
490 214 0
491 213 0
491 212 0
491 211 0
491 210 0
492 209 0
492 208 0
491 207 0
490 208 0
489 209 0
488 210 0
488 211 0
488 212 0
487 213 0
487 214 0
486 215 0
486 216 0
485 217 0
485 218 0
485 219 0
484 220 0
484 221 0
483 222 0
483 223 0
482 224 0
482 225 0
481 226 0
481 227 0
480 228 0
480 229 0
480 230 0
479 231 0
479 232 0
478 233 0
478 234 0
477 235 0
477 236 0
477 237 0
477 238 0
477 239 0
476 240 0
476 241 0
476 242 0
475 243 0
475 244 0
475 245 0
475 246 0
474 247 0
474 248 0
474 249 0
473 250 0
473 251 0
473 252 0
472 253 0
472 254 0
472 255 0
472 256 0
472 257 0
472 258 0
472 259 0
472 260 0
472 261 0
471 262 0
471 263 0
471 264 0
471 265 0
471 266 0
471 267 0
471 268 0
470 269 0
470 270 0
470 271 0
470 272 0
470 273 0
470 274 0
470 275 0
470 276 0
471 277 0
472 276 0
473 275 0
473 274 0
473 273 0
473 272 0
473 271 0
473 270 0
474 269 0
474 268 0
475 267 0
475 266 0
476 265 0
476 264 0
477 263 0
477 262 0
477 261 0
477 260 0
477 259 0
477 258 0
478 257 0
478 256 0
478 255 0
478 256 0
478 257 0
477 258 0
477 259 0
477 260 0
477 261 0
477 262 0
477 263 0
476 264 0
476 265 0
475 266 0
475 267 0
474 268 0
474 269 0
473 270 0
473 271 0
473 272 0
473 273 0
473 274 0
473 275 0
472 276 0
472 277 0
471 277 0
403 429 0
404 430 0
405 429 0
406 429 0
407 428 0
408 427 0
409 427 0
410 426 0
411 426 0
412 425 0
413 424 0
414 424 0
415 423 0
416 422 0
417 422 0
418 421 0
419 420 0
420 420 0
421 419 0
422 418 0
423 417 0
424 416 0
425 415 0
426 414 0
427 413 0
428 413 0
429 412 0
430 411 0
430 410 0
431 409 0
432 408 0
433 407 0
434 406 0
435 405 0
436 404 0
437 403 0
437 402 0
438 401 0
439 400 0
439 399 0
440 398 0
441 397 0
441 396 0
442 395 0
443 394 0
443 393 0
444 392 0
445 391 0
445 390 0
446 389 0
446 388 0
447 387 0
447 386 0
447 385 0
448 384 0
448 383 0
449 382 0
449 381 0
450 380 0
450 379 0
451 378 0
451 377 0
452 376 0
452 375 0
452 374 0
453 373 0
453 372 0
454 371 0
454 370 0
454 369 0
455 368 0
455 367 0
456 366 0
456 365 0
456 364 0
456 363 0
456 362 0
457 361 0
457 360 0
457 359 0
458 358 0
458 357 0
458 356 0
458 355 0
459 354 0
459 353 0
459 352 0
459 351 0
459 350 0
460 349 0
460 348 0
460 347 0
460 346 0
460 345 0
460 344 0
461 343 0
461 342 0
461 341 0
461 340 0
462 339 0
462 338 0
462 337 0
462 336 0
462 335 0
462 334 0
462 333 0
462 332 0
463 331 0
463 330 0
463 329 0
464 328 0
464 327 0
464 326 0
464 325 0
464 324 0
464 323 0
464 322 0
464 321 0
464 320 0
465 319 0
465 318 0
465 317 0
465 316 0
465 315 0
466 314 0
466 313 0
466 312 0
466 311 0
466 310 0
466 309 0
467 308 0
467 307 0
467 306 0
467 305 0
467 304 0
467 303 0
468 302 0
468 301 0
468 300 0
468 299 0
468 298 0
468 297 0
469 296 0
469 295 0
469 294 0
469 293 0
469 292 0
470 291 0
470 290 0
470 289 0
470 288 0
469 287 0
468 286 0
467 287 0
467 288 0
467 289 0
467 290 0
466 291 0
466 292 0
466 293 0
466 294 0
466 295 0
465 296 0
465 297 0
465 298 0
465 299 0
465 300 0
465 301 0
465 302 0
464 303 0
464 304 0
464 305 0
464 306 0
464 307 0
463 308 0
463 309 0
463 310 0
463 311 0
463 312 0
463 313 0
463 314 0
462 315 0
462 316 0
462 317 0
462 318 0
462 319 0
462 320 0
461 321 0
461 322 0
461 323 0
461 324 0
461 325 0
461 326 0
461 327 0
460 328 0
460 329 0
460 330 0
460 331 0
460 332 0
459 333 0
459 334 0
459 335 0
459 336 0
459 337 0
459 338 0
458 339 0
458 340 0
458 341 0
458 342 0
458 343 0
457 344 0
457 345 0
457 346 0
457 347 0
457 348 0
457 349 0
456 350 0
456 351 0
456 352 0
456 353 0
455 354 0
455 355 0
455 356 0
455 357 0
455 358 0
454 359 0
454 360 0
453 361 0
453 362 0
453 363 0
453 364 0
453 365 0
452 366 0
452 367 0
452 368 0
451 369 0
451 370 0
450 371 0
450 372 0
450 373 0
449 374 0
449 375 0
448 376 0
448 377 0
448 378 0
447 379 0
447 380 0
446 381 0
446 382 0
445 383 0
445 384 0
444 385 0
444 386 0
443 387 0
443 388 0
442 389 0
442 390 0
441 391 0
441 392 0
440 393 0
440 394 0
439 395 0
438 396 0
437 397 0
437 398 0
436 399 0
435 400 0
434 401 0
434 402 0
433 403 0
432 404 0
431 405 0
430 406 0
429 407 0
428 408 0
428 409 0
427 410 0
426 411 0
425 412 0
424 413 0
423 414 0
422 415 0
421 416 0
420 417 0
419 417 0
418 418 0
417 419 0
416 419 0
415 420 0
414 421 0
413 421 0
412 422 0
411 423 0
410 423 0
409 424 0
408 425 0
407 425 0
406 426 0
405 426 0
404 427 0
403 428 0
399 432 0
400 432 0
401 432 0
402 431 0
403 431 0
404 430 0
403 429 0
402 428 0
401 429 0
400 429 0
399 430 0
400 429 0
401 429 0
402 428 0
403 427 0
404 426 0
405 426 0
406 425 0
407 425 0
408 425 0
409 424 0
410 423 0
411 422 0
412 422 0
413 421 0
414 420 0
415 419 0
416 419 0
417 418 0
418 417 0
419 417 0
420 416 0
421 415 0
422 414 0
423 413 0
424 412 0
425 411 0
426 410 0
427 409 0
428 408 0
428 407 0
429 406 0
430 405 0
431 404 0
432 403 0
433 402 0
434 401 0
434 400 0
435 399 0
436 398 0
437 397 0
437 396 0
438 395 0
439 394 0
440 393 0
440 392 0
441 391 0
441 390 0
442 389 0
442 388 0
443 387 0
443 386 0
444 385 0
444 384 0
445 383 0
446 382 0
446 381 0
447 380 0
447 379 0
448 378 0
448 377 0
448 376 0
449 375 0
449 374 0
450 373 0
450 372 0
450 371 0
451 370 0
451 369 0
452 368 0
452 367 0
452 366 0
453 365 0
453 364 0
453 363 0
453 362 0
453 361 0
453 360 0
454 359 0
455 358 0
455 357 0
455 356 0
455 355 0
455 354 0
456 353 0
456 352 0
456 351 0
456 350 0
457 349 0
457 348 0
457 347 0
457 346 0
457 345 0
457 344 0
458 343 0
458 342 0
458 341 0
458 340 0
458 339 0
459 338 0
459 337 0
459 336 0
459 335 0
459 334 0
459 333 0
460 332 0
460 331 0
460 330 0
460 329 0
460 328 0
461 327 0
461 326 0
461 325 0
461 324 0
461 323 0
461 322 0
461 321 0
462 320 0
462 319 0
462 318 0
462 317 0
462 316 0
462 315 0
463 314 0
463 313 0
463 312 0
463 311 0
463 310 0
463 309 0
463 308 0
464 307 0
464 306 0
464 305 0
464 304 0
464 303 0
465 302 0
465 301 0
465 300 0
465 299 0
465 298 0
465 297 0
465 296 0
466 295 0
466 294 0
466 293 0
466 292 0
466 291 0
467 290 0
467 289 0
467 288 0
467 287 0
467 286 0
468 286 0
469 286 0
470 287 0
471 286 0
472 285 0
472 284 0
472 283 0
473 282 0
473 281 0
473 280 0
473 279 0
473 280 0
473 281 0
473 282 0
472 283 0
472 284 0
472 285 0
471 286 0
470 287 0
470 288 0
470 289 0
470 290 0
470 291 0
469 292 0
469 293 0
469 294 0
469 295 0
469 296 0
468 297 0
468 298 0
468 299 0
468 300 0
468 301 0
468 302 0
467 303 0
467 304 0
467 305 0
467 306 0
467 307 0
467 308 0
466 309 0
466 310 0
466 311 0
466 312 0
466 313 0
466 314 0
465 315 0
465 316 0
465 317 0
465 318 0
465 319 0
464 320 0
464 321 0
464 322 0
464 323 0
464 324 0
464 325 0
464 326 0
464 327 0
464 328 0
463 329 0
463 330 0
463 331 0
462 332 0
462 333 0
462 334 0
462 335 0
462 336 0
462 337 0
462 338 0
462 339 0
461 340 0
461 341 0
461 342 0
461 343 0
460 344 0
460 345 0
460 346 0
460 347 0
460 348 0
460 349 0
459 350 0
459 351 0
459 352 0
459 353 0
459 354 0
458 355 0
458 356 0
458 357 0
458 358 0
457 359 0
457 360 0
457 361 0
457 362 0
456 363 0
456 364 0
456 365 0
456 366 0
455 367 0
455 368 0
455 369 0
454 370 0
454 371 0
453 372 0
453 373 0
453 374 0
452 375 0
452 376 0
452 377 0
451 378 0
451 379 0
450 380 0
450 381 0
449 382 0
449 383 0
448 384 0
447 385 0
447 386 0
447 387 0
446 388 0
446 389 0
446 390 0
445 391 0
444 392 0
444 393 0
443 394 0
443 395 0
442 396 0
441 397 0
441 398 0
440 399 0
439 400 0
439 401 0
438 402 0
437 403 0
437 404 0
436 405 0
435 406 0
434 407 0
433 408 0
432 409 0
431 410 0
430 411 0
430 412 0
429 413 0
428 413 0
427 414 0
426 415 0
425 416 0
424 417 0
423 418 0
422 419 0
421 420 0
420 420 0
419 421 0
418 422 0
417 422 0
416 423 0
415 424 0
414 424 0
413 425 0
412 426 0
411 426 0
410 427 0
409 427 0
408 428 0
407 429 0
406 429 0
405 430 0
404 431 0
403 431 0
402 432 0
401 432 0
400 432 0
