472 273 0
473 274 0
474 274 0
475 273 0
475 272 0
475 271 0
474 270 0
474 269 0
474 268 0
474 267 0
475 266 0
476 265 0
476 264 0
476 263 0
477 262 0
477 261 0
477 260 0
478 259 0
478 258 0
478 257 0
478 256 0
478 255 0
478 254 0
478 253 0
478 252 0
478 251 0
478 250 0
478 249 0
478 248 0
479 247 0
479 246 0
479 245 0
479 244 0
479 243 0
480 242 0
480 241 0
480 240 0
480 239 0
481 238 0
480 237 0
479 236 0
478 237 0
478 238 0
477 239 0
477 240 0
477 241 0
477 242 0
477 243 0
476 244 0
476 245 0
475 246 0
475 247 0
475 248 0
475 249 0
475 250 0
474 251 0
474 252 0
474 253 0
474 254 0
474 255 0
473 256 0
473 257 0
473 258 0
473 259 0
473 260 0
473 261 0
472 262 0
472 263 0
472 264 0
471 265 0
471 266 0
471 267 0
470 268 0
470 269 0
470 270 0
470 271 0
471 272 0
468 322 0
468 321 0
468 320 0
468 319 0
468 320 0
468 321 0
443 393 0
444 394 0
445 393 0
446 392 0
446 391 0
446 390 0
447 389 0
447 388 0
448 387 0
448 386 0
449 385 0
449 384 0
450 383 0
450 382 0
451 381 0
452 380 0
453 379 0
453 378 0
453 377 0
454 376 0
454 375 0
454 374 0
453 373 0
452 372 0
451 371 0
450 372 0
450 373 0
450 374 0
450 375 0
449 376 0
449 377 0
449 378 0
448 379 0
447 380 0
447 381 0
447 382 0
446 383 0
446 384 0
445 385 0
445 386 0
444 387 0
444 388 0
443 389 0
443 390 0
442 391 0
442 392 0
398 431 0
399 432 0
400 432 0
401 431 0
402 431 0
403 431 0
404 430 0
405 430 0
406 429 0
407 428 0
408 428 0
409 427 0
410 427 0
411 426 0
412 425 0
413 425 0
414 424 0
415 423 0
416 423 0
417 422 0
418 421 0
419 421 0
420 420 0
421 419 0
422 418 0
423 418 0
424 417 0
425 416 0
426 415 0
427 415 0
428 414 0
429 413 0
430 412 0
431 411 0
432 410 0
433 409 0
434 408 0
434 407 0
435 406 0
436 405 0
437 404 0
437 403 0
438 402 0
439 401 0
439 400 0
440 399 0
441 398 0
442 397 0
442 396 0
443 395 0
444 394 0
443 393 0
442 392 0
441 393 0
441 394 0
440 395 0
439 396 0
439 397 0
438 398 0
437 399 0
436 400 0
436 401 0
435 402 0
434 403 0
434 404 0
433 405 0
432 406 0
431 407 0
430 408 0
429 409 0
428 410 0
427 411 0
426 412 0
425 413 0
424 414 0
423 414 0
422 415 0
421 416 0
420 417 0
419 418 0
418 418 0
417 419 0
416 420 0
415 421 0
414 421 0
413 422 0
412 422 0
411 423 0
410 424 0
409 424 0
408 425 0
407 425 0
406 426 0
405 427 0
404 427 0
403 428 0
402 428 0
401 429 0
400 429 0
399 430 0
382 435 0
383 435 0
384 435 0
385 435 0
386 435 0
387 435 0
388 434 0
389 434 0
390 434 0
391 434 0
392 434 0
393 433 0
394 433 0
395 433 0
396 433 0
397 432 0
398 431 0
398 430 0
399 429 0
400 429 0
401 429 0
402 428 0
403 427 0
404 427 0
405 426 0
406 426 0
407 425 0
408 424 0
409 424 0
410 423 0
411 423 0
412 422 0
413 421 0
414 421 0
415 420 0
416 419 0
417 419 0
418 418 0
419 417 0
420 416 0
421 415 0
422 415 0
423 414 0
424 413 0
425 412 0
426 411 0
427 410 0
428 409 0
429 408 0
430 407 0
431 406 0
432 405 0
433 404 0
434 403 0
434 402 0
435 401 0
436 400 0
436 399 0
437 398 0
438 397 0
439 396 0
439 395 0
440 394 0
441 393 0
441 392 0
442 391 0
442 390 0
443 389 0
443 388 0
444 387 0
444 386 0
445 385 0
446 384 0
446 383 0
446 382 0
447 381 0
447 380 0
448 379 0
448 378 0
449 377 0
449 376 0
450 375 0
450 374 0
450 373 0
450 372 0
451 371 0
451 370 0
451 369 0
452 368 0
452 367 0
453 366 0
453 365 0
453 364 0
454 363 0
454 362 0
454 361 0
454 360 0
455 359 0
455 358 0
455 357 0
455 356 0
455 355 0
456 354 0
456 353 0
456 352 0
456 351 0
456 350 0
457 349 0
457 348 0
457 347 0
457 346 0
457 345 0
457 344 0
458 343 0
458 342 0
458 341 0
458 340 0
459 339 0
459 338 0
459 337 0
459 336 0
459 335 0
459 334 0
460 333 0
460 332 0
460 331 0
460 330 0
461 329 0
461 328 0
461 327 0
461 326 0
461 325 0
461 324 0
461 323 0
462 322 0
462 321 0
462 320 0
462 319 0
462 318 0
462 317 0
462 316 0
462 315 0
462 314 0
462 313 0
463 312 0
463 311 0
463 310 0
463 309 0
464 308 0
464 307 0
464 306 0
464 305 0
464 304 0
465 303 0
465 302 0
465 301 0
465 300 0
465 299 0
465 298 0
465 297 0
466 296 0
466 295 0
466 294 0
466 293 0
466 292 0
466 291 0
467 290 0
467 289 0
467 288 0
468 287 0
468 286 0
468 285 0
468 284 0
468 283 0
469 282 0
469 281 0
469 280 0
469 279 0
469 278 0
469 277 0
469 276 0
470 275 0
470 274 0
470 273 0
470 272 0
470 271 0
470 270 0
470 269 0
470 268 0
470 267 0
471 266 0
471 265 0
472 264 0
472 263 0
472 262 0
473 261 0
473 260 0
473 259 0
473 258 0
473 257 0
473 256 0
474 255 0
474 254 0
474 253 0
474 252 0
474 251 0
475 250 0
475 249 0
475 248 0
475 247 0
475 246 0
476 245 0
476 244 0
477 243 0
477 242 0
477 241 0
477 240 0
477 239 0
478 238 0
478 237 0
478 236 0
479 235 0
479 234 0
480 233 0
480 232 0
480 231 0
481 230 0
481 229 0
481 228 0
482 227 0
482 226 0
483 225 0
483 224 0
484 223 0
484 222 0
485 221 0
485 220 0
486 219 0
486 218 0
486 217 0
487 216 0
487 215 0
488 214 0
488 213 0
489 212 0
489 211 0
489 210 0
489 209 0
490 208 0
491 207 0
492 206 0
493 205 0
494 204 0
495 203 0
495 202 0
495 201 0
496 200 0
496 199 0
496 198 0
496 197 0
497 196 0
497 195 0
497 194 0
497 193 0
497 192 0
497 191 0
498 190 0
498 189 0
498 188 0
499 187 0
499 186 0
499 185 0
500 184 0
501 183 0
501 182 0
502 181 0
502 180 0
502 179 0
503 178 0
503 177 0
504 176 0
504 175 0
504 174 0
505 173 0
505 172 0
506 171 0
506 170 0
507 169 0
507 168 0
508 167 0
508 166 0
509 165 0
509 164 0
510 163 0
511 162 0
512 161 0
513 161 0
514 160 0
515 160 0
516 159 0
517 158 0
518 157 0
519 156 0
520 155 0
520 154 0
520 153 0
520 152 0
520 151 0
520 150 0
520 149 0
520 148 0
520 147 0
520 146 0
521 145 0
522 144 0
523 143 0
523 142 0
524 141 0
525 140 0
525 139 0
526 138 0
526 137 0
527 136 0
528 135 0
528 134 0
529 133 0
530 132 0
530 131 0
531 130 0
531 129 0
532 128 0
533 127 0
534 126 0
534 125 0
535 124 0
535 123 0
536 122 0
537 121 0
537 120 0
538 119 0
538 118 0
539 117 0
539 116 0
540 115 0
540 114 0
541 113 0
541 112 0
542 111 0
542 110 0
543 109 0
543 108 0
544 107 0
544 106 0
545 105 0
545 106 0
544 107 0
544 108 0
543 109 0
543 110 0
542 111 0
542 112 0
541 113 0
541 114 0
540 115 0
540 116 0
539 117 0
538 118 0
538 119 0
538 120 0
537 121 0
537 122 0
536 123 0
535 124 0
535 125 0
534 126 0
533 127 0
533 128 0
532 129 0
531 130 0
531 131 0
530 132 0
529 133 0
529 134 0
528 135 0
528 136 0
527 137 0
526 138 0
526 139 0
525 140 0
525 141 0
524 142 0
523 143 0
523 144 0
522 145 0
521 146 0
520 147 0
520 148 0
520 149 0
520 150 0
520 151 0
520 152 0
520 153 0
520 154 0
520 155 0
519 156 0
519 157 0
518 158 0
517 159 0
516 160 0
515 160 0
514 160 0
513 161 0
512 162 0
511 163 0
510 164 0
509 165 0
509 166 0
508 167 0
508 168 0
507 169 0
507 170 0
506 171 0
506 172 0
505 173 0
505 174 0
504 175 0
504 176 0
503 177 0
503 178 0
503 179 0
502 180 0
502 181 0
501 182 0
501 183 0
501 184 0
500 185 0
499 186 0
499 187 0
499 188 0
498 189 0
498 190 0
497 191 0
497 192 0
497 193 0
497 194 0
497 195 0
497 196 0
496 197 0
496 198 0
496 199 0
496 200 0
495 201 0
495 202 0
495 203 0
495 204 0
494 205 0
493 206 0
492 207 0
491 208 0
490 209 0
489 210 0
489 211 0
489 212 0
488 213 0
488 214 0
488 215 0
487 216 0
486 217 0
486 218 0
486 219 0
485 220 0
485 221 0
484 222 0
484 223 0
484 224 0
483 225 0
483 226 0
482 227 0
481 228 0
481 229 0
481 230 0
480 231 0
480 232 0
480 233 0
479 234 0
479 235 0
479 236 0
480 237 0
481 236 0
482 235 0
482 234 0
483 233 0
483 232 0
484 231 0
484 230 0
484 229 0
484 228 0
485 227 0
486 226 0
486 225 0
487 224 0
487 223 0
487 222 0
488 221 0
488 220 0
489 219 0
489 218 0
490 217 0
490 216 0
491 215 0
491 214 0
491 213 0
492 212 0
492 211 0
493 210 0
493 209 0
494 208 0
495 207 0
496 206 0
497 205 0
497 204 0
498 203 0
498 202 0
499 201 0
499 200 0
499 199 0
499 198 0
500 197 0
500 196 0
500 195 0
500 194 0
500 193 0
500 192 0
501 191 0
501 190 0
501 189 0
502 188 0
502 187 0
502 186 0
503 185 0
504 184 0
504 183 0
504 182 0
505 181 0
505 180 0
506 179 0
506 178 0
507 177 0
507 176 0
507 175 0
508 174 0
508 173 0
509 172 0
509 171 0
510 170 0
510 169 0
511 168 0
512 167 0
512 166 0
512 165 0
513 164 0
514 163 0
515 163 0
516 163 0
517 162 0
518 161 0
519 161 0
520 160 0
521 159 0
521 158 0
522 157 0
522 156 0
523 155 0
523 154 0
523 153 0
523 152 0
523 151 0
523 150 0
523 149 0
523 148 0
524 147 0
525 146 0
525 145 0
526 144 0
526 143 0
527 142 0
528 141 0
528 140 0
529 139 0
530 138 0
531 137 0
531 136 0
532 135 0
532 134 0
533 133 0
534 132 0
535 131 0
535 130 0
536 129 0
536 128 0
537 127 0
538 126 0
538 125 0
539 124 0
539 123 0
540 122 0
540 121 0
541 120 0
541 119 0
542 118 0
542 117 0
543 116 0
543 115 0
544 114 0
544 113 0
545 112 0
545 111 0
546 110 0
546 109 0
547 108 0
547 107 0
547 108 0
546 109 0
546 110 0
546 111 0
545 112 0
545 113 0
544 114 0
544 115 0
543 116 0
542 117 0
542 118 0
542 119 0
541 120 0
541 121 0
540 122 0
540 123 0
539 124 0
539 125 0
538 126 0
538 127 0
537 128 0
536 129 0
536 130 0
535 131 0
535 132 0
534 133 0
533 134 0
532 135 0
532 136 0
531 137 0
531 138 0
530 139 0
529 140 0
528 141 0
528 142 0
527 143 0
526 144 0
526 145 0
525 146 0
525 147 0
524 148 0
523 149 0
523 150 0
523 151 0
523 152 0
523 153 0
523 154 0
523 155 0
522 156 0
522 157 0
522 158 0
521 159 0
521 160 0
520 161 0
519 161 0
518 162 0
517 162 0
516 163 0
515 163 0
514 164 0
513 165 0
512 166 0
512 167 0
511 168 0
511 169 0
510 170 0
510 171 0
509 172 0
508 173 0
508 174 0
508 175 0
507 176 0
507 177 0
506 178 0
506 179 0
505 180 0
505 181 0
505 182 0
504 183 0
504 184 0
504 185 0
503 186 0
502 187 0
502 188 0
501 189 0
501 190 0
501 191 0
500 192 0
500 193 0
500 194 0
500 195 0
500 196 0
500 197 0
499 198 0
499 199 0
499 200 0
499 201 0
498 202 0
498 203 0
498 204 0
497 205 0
497 206 0
496 207 0
495 208 0
494 209 0
493 210 0
493 211 0
492 212 0
491 213 0
491 214 0
491 215 0
491 216 0
490 217 0
490 218 0
489 219 0
489 220 0
488 221 0
488 222 0
487 223 0
487 224 0
486 225 0
486 226 0
485 227 0
485 228 0
484 229 0
484 230 0
484 231 0
483 232 0
483 233 0
483 234 0
482 235 0
481 236 0
481 237 0
481 238 0
480 239 0
480 240 0
480 241 0
480 242 0
479 243 0
479 244 0
479 245 0
479 246 0
479 247 0
478 248 0
478 249 0
478 250 0
478 251 0
478 252 0
478 253 0
478 254 0
478 255 0
478 256 0
478 257 0
478 258 0
478 259 0
477 260 0
477 261 0
477 262 0
476 263 0
476 264 0
476 265 0
475 266 0
474 267 0
474 268 0
474 269 0
474 270 0
475 271 0
475 272 0
475 273 0
475 274 0
474 274 0
473 274 0
472 274 0
471 273 0
470 274 0
470 275 0
470 276 0
469 277 0
469 278 0
469 279 0
469 280 0
469 281 0
469 282 0
468 283 0
468 284 0
468 285 0
468 286 0
468 287 0
467 288 0
467 289 0
467 290 0
466 291 0
466 292 0
466 293 0
466 294 0
466 295 0
466 296 0
465 297 0
465 298 0
465 299 0
465 300 0
465 301 0
465 302 0
465 303 0
464 304 0
464 305 0
464 306 0
464 307 0
464 308 0
464 309 0
463 310 0
463 311 0
463 312 0
462 313 0
462 314 0
462 315 0
462 316 0
462 317 0
462 318 0
462 319 0
462 320 0
462 321 0
462 322 0
461 323 0
461 324 0
461 325 0
461 326 0
461 327 0
461 328 0
461 329 0
460 330 0
460 331 0
460 332 0
460 333 0
459 334 0
459 335 0
459 336 0
459 337 0
459 338 0
459 339 0
458 340 0
458 341 0
458 342 0
458 343 0
457 344 0
457 345 0
457 346 0
457 347 0
457 348 0
457 349 0
456 350 0
456 351 0
456 352 0
456 353 0
456 354 0
455 355 0
455 356 0
455 357 0
455 358 0
455 359 0
454 360 0
454 361 0
454 362 0
454 363 0
453 364 0
453 365 0
453 366 0
452 367 0
452 368 0
452 369 0
451 370 0
451 371 0
452 372 0
453 372 0
454 371 0
454 370 0
455 369 0
455 368 0
455 367 0
456 366 0
456 365 0
456 364 0
457 363 0
457 362 0
457 361 0
458 360 0
458 359 0
458 358 0
458 357 0
459 356 0
459 355 0
459 354 0
459 353 0
459 352 0
459 351 0
459 350 0
460 349 0
460 348 0
460 347 0
460 346 0
460 345 0
460 344 0
461 343 0
461 342 0
461 341 0
461 340 0
462 339 0
462 338 0
462 337 0
462 336 0
462 335 0
463 334 0
463 333 0
463 332 0
463 331 0
463 330 0
464 329 0
464 328 0
464 327 0
464 326 0
464 325 0
464 324 0
465 323 0
465 322 0
465 321 0
465 320 0
465 319 0
465 318 0
465 317 0
465 316 0
465 315 0
465 314 0
466 313 0
466 312 0
466 311 0
466 310 0
466 309 0
466 308 0
467 307 0
467 306 0
467 305 0
467 304 0
468 303 0
468 302 0
468 301 0
468 300 0
468 299 0
468 298 0
468 297 0
469 296 0
469 295 0
469 294 0
469 293 0
470 292 0
470 291 0
470 290 0
470 289 0
471 288 0
471 287 0
471 286 0
471 285 0
471 284 0
472 283 0
472 282 0
472 281 0
472 280 0
472 279 0
472 278 0
472 277 0
473 276 0
472 277 0
472 278 0
472 279 0
472 280 0
472 281 0
472 282 0
472 283 0
471 284 0
471 285 0
471 286 0
471 287 0
471 288 0
470 289 0
470 290 0
470 291 0
470 292 0
469 293 0
469 294 0
469 295 0
469 296 0
468 297 0
468 298 0
468 299 0
468 300 0
468 301 0
468 302 0
468 303 0
467 304 0
467 305 0
467 306 0
467 307 0
466 308 0
466 309 0
466 310 0
466 311 0
466 312 0
466 313 0
465 314 0
465 315 0
465 316 0
465 317 0
465 318 0
465 319 0
465 320 0
465 321 0
465 322 0
465 323 0
464 324 0
464 325 0
464 326 0
464 327 0
464 328 0
464 329 0
463 330 0
463 331 0
463 332 0
463 333 0
463 334 0
462 335 0
462 336 0
462 337 0
462 338 0
462 339 0
461 340 0
461 341 0
461 342 0
461 343 0
460 344 0
460 345 0
460 346 0
460 347 0
460 348 0
460 349 0
459 350 0
459 351 0
459 352 0
459 353 0
459 354 0
459 355 0
459 356 0
458 357 0
458 358 0
458 359 0
458 360 0
457 361 0
457 362 0
457 363 0
457 364 0
456 365 0
456 366 0
455 367 0
455 368 0
455 369 0
455 370 0
454 371 0
453 372 0
454 373 0
454 374 0
454 375 0
454 376 0
454 377 0
453 378 0
453 379 0
453 380 0
452 381 0
451 382 0
450 383 0
450 384 0
449 385 0
449 386 0
448 387 0
448 388 0
447 389 0
447 390 0
446 391 0
446 392 0
446 393 0
445 394 0
444 395 0
443 396 0
442 397 0
442 398 0
441 399 0
440 400 0
439 401 0
439 402 0
438 403 0
437 404 0
437 405 0
436 406 0
435 407 0
434 408 0
434 409 0
433 410 0
432 411 0
431 412 0
430 413 0
429 414 0
428 415 0
427 415 0
426 416 0
425 417 0
424 418 0
423 418 0
422 419 0
421 420 0
420 421 0
419 421 0
418 422 0
417 423 0
416 423 0
415 424 0
414 425 0
413 425 0
412 426 0
411 427 0
410 427 0
409 428 0
408 428 0
407 429 0
406 430 0
405 430 0
404 430 0
403 431 0
402 431 0
401 432 0
400 432 0
399 432 0
398 432 0
397 433 0
396 433 0
395 433 0
394 433 0
393 433 0
392 434 0
391 434 0
390 434 0
389 434 0
388 434 0
387 435 0
386 435 0
385 435 0
384 435 0
383 435 0
